0 0.32578125 0.5078125 0.026562500000000003 0.09765625
0 0.5109375 0.4345703125 0.003125 0.013671875
0 0.5164062500000001 0.4306640625 0.004687500000000001 0.009765625
0 0.59921875 0.5595703125 0.0546875 0.216796875
1 0.40546875000000004 0.4931640625 0.0203125 0.048828125
1 0.453125 0.6123046875 0.059375000000000004 0.134765625
2 0.026562500000000003 0.6455078125 0.053125000000000006 0.158203125
2 0.09921875000000001 0.5869140625 0.19843750000000002 0.162109375
2 0.03125 0.474609375 0.0625 0.0625
2 0.1265625 0.4794921875 0.0625 0.052734375
2 0.21484375 0.5185546875 0.13593750000000002 0.142578125
2 0.29609375 0.501953125 0.0484375 0.09375
2 0.3328125 0.4951171875 0.05625 0.072265625
2 0.3453125 0.462890625 0.05 0.03125
2 0.37812500000000004 0.4775390625 0.043750000000000004 0.056640625
2 0.4265625 0.45703125 0.025 0.0390625
2 0.4390625 0.44921875 0.025 0.02734375
2 0.46640625 0.4482421875 0.0234375 0.029296875
2 0.48125 0.44140625 0.0125 0.015625
2 0.4859375 0.4384765625 0.0125 0.017578125
2 0.503125 0.4384765625 0.0125 0.013671875
2 0.5234375 0.435546875 0.015625 0.015625
2 0.9015625 0.74609375 0.19375 0.46875
2 0.81171875 0.611328125 0.2765625 0.26171875
2 0.67578125 0.5556640625 0.1046875 0.130859375
2 0.6625000000000001 0.4990234375 0.09062500000000001 0.080078125
2 0.57265625 0.47265625 0.0484375 0.05078125
2 0.5625 0.4619140625 0.046875 0.052734375
2 0.5390625 0.453125 0.025 0.03515625
2 0.6218750000000001 0.4501953125 0.065625 0.025390625
2 0.73828125 0.4560546875 0.0734375 0.037109375
2 0.72265625 0.4443359375 0.0734375 0.033203125
2 0.65546875 0.4345703125 0.029687500000000002 0.013671875
0 0.40703125 0.47265625 0.0234375 0.07421875
0 0.45234375000000004 0.552734375 0.0703125 0.20703125
15 0.6117187500000001 0.6728515625 0.035937500000000004 0.029296875
