4 0.625 0.4677734375 0.025 0.029296875
4 0.7289062500000001 0.4580078125 0.0390625 0.056640625
9 0.56640625 0.47265625 0.0203125 0.0234375
9 0.5671875000000001 0.486328125 0.015625 0.0078125
9 0.69921875 0.439453125 0.0203125 0.015625
2 0.33671875 0.6337890625 0.2671875 0.224609375
2 0.36484375 0.515625 0.0484375 0.0234375
2 0.5281250000000001 0.501953125 0.03125 0.03125
2 0.546875 0.4931640625 0.015625 0.013671875
2 0.59296875 0.4873046875 0.0140625 0.013671875
2 0.6195312500000001 0.509765625 0.0546875 0.0546875
2 0.64453125 0.5029296875 0.0203125 0.037109375
2 0.6531250000000001 0.4970703125 0.015625 0.033203125
2 0.6648437500000001 0.4931640625 0.0203125 0.029296875
2 0.6734375 0.490234375 0.0125 0.0234375
2 0.6796875 0.4853515625 0.0125 0.021484375
2 0.6898437500000001 0.4814453125 0.0140625 0.021484375
2 0.6875 0.46875 0.015625 0.01171875
2 0.64609375 0.4775390625 0.0140625 0.009765625
2 0.41328125000000004 0.501953125 0.0546875 0.0390625
15 0.8304687500000001 0.498046875 0.3359375 0.44140625
