7 0.73984375 0.1650390625 0.026562500000000003 0.087890625
7 0.73359375 0.271484375 0.0203125 0.04296875
7 0.05234375 0.1533203125 0.0234375 0.091796875
1 0.14140625 0.4375 0.045312500000000006 0.07421875
1 0.19375 0.435546875 0.025 0.05859375
1 0.6828125 0.4423828125 0.028125 0.072265625
1 0.6140625000000001 0.4375 0.021875000000000002 0.05859375
1 0.9476562500000001 0.552734375 0.1015625 0.22265625
1 0.47968750000000004 0.4912109375 0.053125000000000006 0.134765625
1 0.5640625 0.4765625 0.065625 0.1484375
2 0.41015625 0.419921875 0.029687500000000002 0.02734375
2 0.38906250000000003 0.423828125 0.018750000000000003 0.02734375
2 0.3609375 0.423828125 0.037500000000000006 0.03515625
2 0.44921875 0.4208984375 0.010937500000000001 0.025390625
0 0.68359375 0.4072265625 0.026562500000000003 0.099609375
0 0.95078125 0.4326171875 0.09531250000000001 0.310546875
0 0.47500000000000003 0.4267578125 0.065625 0.205078125
0 0.56875 0.4189453125 0.065625 0.220703125
1 0.225 0.4306640625 0.021875000000000002 0.048828125
