7 0.01171875 0.33984375 0.0171875 0.0625
7 0.35390625000000003 0.1845703125 0.0171875 0.064453125
7 0.5789062500000001 0.306640625 0.0171875 0.05859375
7 0.69140625 0.2841796875 0.0171875 0.060546875
7 0.71015625 0.3603515625 0.0234375 0.025390625
7 0.8406250000000001 0.21484375 0.028125 0.078125
7 0.98984375 0.1025390625 0.0171875 0.123046875
7 0.8382812500000001 0.060546875 0.0703125 0.12109375
9 0.6000000000000001 0.3505859375 0.046875 0.013671875
0 0.58046875 0.474609375 0.0203125 0.08984375
0 0.5945312500000001 0.4775390625 0.0234375 0.099609375
0 0.6140625000000001 0.4853515625 0.021875000000000002 0.080078125
0 0.67890625 0.46484375 0.029687500000000002 0.1015625
0 0.8171875000000001 0.498046875 0.0625 0.2109375
0 0.8515625 0.517578125 0.034375 0.21484375
0 0.91171875 0.498046875 0.0328125 0.19140625
0 0.9453125 0.505859375 0.05 0.21875
0 0.9765625 0.4833984375 0.043750000000000004 0.244140625
2 0.26171875 0.48828125 0.07968750000000001 0.06640625
2 0.29765625 0.47265625 0.0328125 0.046875
2 0.32109375 0.4775390625 0.0171875 0.029296875
2 0.33828125000000003 0.4775390625 0.0203125 0.021484375
2 0.35078125000000004 0.4736328125 0.0203125 0.021484375
2 0.36484375 0.4697265625 0.010937500000000001 0.017578125
2 0.37343750000000003 0.46875 0.009375000000000001 0.015625
2 0.38984375000000004 0.4638671875 0.010937500000000001 0.013671875
2 0.40078125000000003 0.4609375 0.010937500000000001 0.015625
2 0.42500000000000004 0.45703125 0.00625 0.0078125
2 0.45 0.4697265625 0.028125 0.025390625
2 0.43984375000000003 0.458984375 0.010937500000000001 0.01171875
2 0.43671875000000004 0.4521484375 0.004687500000000001 0.005859375
