9 0.90234375 0.3525390625 0.0171875 0.044921875
9 0.29609375 0.3974609375 0.0078125 0.017578125
9 0.15546875000000002 0.4189453125 0.004687500000000001 0.013671875
0 0.3140625 0.4794921875 0.037500000000000006 0.126953125
0 0.20078125000000002 0.462890625 0.0140625 0.08203125
0 0.12109375 0.466796875 0.0328125 0.10546875
2 0.9554687500000001 0.533203125 0.0859375 0.3359375
2 0.84375 0.53125 0.225 0.2109375
2 0.3984375 0.4833984375 0.046875 0.111328125
2 0.38203125000000004 0.474609375 0.0671875 0.1015625
2 0.34453125 0.482421875 0.0421875 0.07421875
2 0.31875000000000003 0.4716796875 0.09375 0.080078125
2 0.2609375 0.4697265625 0.046875 0.072265625
2 0.22968750000000002 0.4658203125 0.046875 0.064453125
2 0.17265625 0.46484375 0.0421875 0.0546875
2 0.0203125 0.4697265625 0.040625 0.068359375
2 0.1484375 0.4619140625 0.03125 0.044921875
2 0.09843750000000001 0.4609375 0.021875000000000002 0.04296875
2 0.55703125 0.4541015625 0.30781250000000004 0.220703125
