7 0.125 0.298828125 0.028125 0.08203125
7 0.24140625000000002 0.3564453125 0.026562500000000003 0.060546875
7 0.13203125000000002 0.486328125 0.0140625 0.046875
7 0.97265625 0.3994140625 0.0078125 0.037109375
7 0.9609375 0.4404296875 0.021875000000000002 0.021484375
7 0.08046875 0.4384765625 0.010937500000000001 0.017578125
9 0.7210937500000001 0.3955078125 0.0546875 0.025390625
9 0.7718750000000001 0.43359375 0.021875000000000002 0.0234375
9 0.7234375000000001 0.416015625 0.059375000000000004 0.01171875
9 0.72265625 0.4287109375 0.0578125 0.009765625
9 0.7210937500000001 0.4453125 0.051562500000000004 0.015625
9 0.04609375 0.2978515625 0.0921875 0.041015625
9 0.02421875 0.4150390625 0.0484375 0.037109375
9 0.04609375 0.330078125 0.0921875 0.01953125
9 0.045312500000000006 0.3515625 0.09062500000000001 0.015625
9 0.047656250000000004 0.37890625 0.09531250000000001 0.03125
9 0.34375 0.3857421875 0.06875 0.060546875
9 0.68125 0.4140625 0.025 0.01171875
9 0.68125 0.4296875 0.025 0.015625
9 0.68125 0.4482421875 0.028125 0.013671875
9 0.7703125000000001 0.3896484375 0.021875000000000002 0.025390625
9 0.38828125 0.4482421875 0.0171875 0.017578125
2 0.78515625 0.5263671875 0.15781250000000002 0.068359375
2 0.41953125 0.517578125 0.035937500000000004 0.0625
2 0.11093750000000001 0.69921875 0.22187500000000002 0.3359375
2 0.22968750000000002 0.603515625 0.209375 0.18359375
2 0.27968750000000003 0.5029296875 0.17500000000000002 0.091796875
2 0.5375 0.478515625 0.215625 0.2421875
2 0.58828125 0.771484375 0.45156250000000003 0.453125
2 0.98828125 0.6513671875 0.0203125 0.158203125
2 0.171875 0.498046875 0.05 0.03125
2 0.057031250000000006 0.5087890625 0.11093750000000001 0.068359375
