7 0.278125 0.43359375 0.00625 0.0234375
7 0.27734375 0.45703125 0.0078125 0.0078125
7 0.57265625 0.44140625 0.0078125 0.0234375
7 0.5710937500000001 0.4638671875 0.0078125 0.009765625
9 0.8093750000000001 0.3017578125 0.09062500000000001 0.138671875
9 0.63984375 0.427734375 0.0203125 0.03125
9 0.6046875 0.4423828125 0.015625 0.025390625
0 0.5359375000000001 0.49609375 0.009375000000000001 0.01171875
0 0.8968750000000001 0.5380859375 0.059375000000000004 0.138671875
0 0.853125 0.5283203125 0.046875 0.150390625
0 0.8031250000000001 0.525390625 0.034375 0.10546875
0 0.73828125 0.48828125 0.010937500000000001 0.046875
0 0.6585937500000001 0.486328125 0.0140625 0.03125
0 0.64453125 0.505859375 0.0140625 0.046875
0 0.6765625000000001 0.48828125 0.009375000000000001 0.03125
0 0.6078125000000001 0.4931640625 0.009375000000000001 0.041015625
0 0.1390625 0.4814453125 0.0125 0.041015625
1 0.49296875 0.54296875 0.0421875 0.0625
2 0.48281250000000003 0.5205078125 0.07187500000000001 0.076171875
2 0.51953125 0.4912109375 0.0140625 0.017578125
0 0.49296875 0.5224609375 0.0390625 0.083984375
