7 0.8968750000000001 0.2939453125 0.018750000000000003 0.060546875
7 0.87265625 0.298828125 0.0171875 0.0546875
9 0.66015625 0.3857421875 0.0078125 0.013671875
0 0.7328125000000001 0.4521484375 0.018750000000000003 0.048828125
1 0.86484375 0.4912109375 0.0578125 0.087890625
6 0.515625 0.435546875 0.028125 0.0390625
2 0.32421875 0.478515625 0.15781250000000002 0.1484375
2 0.6335937500000001 0.455078125 0.0734375 0.05859375
2 0.59609375 0.451171875 0.0328125 0.05078125
2 0.5828125000000001 0.4501953125 0.021875000000000002 0.044921875
2 0.5734375 0.4462890625 0.037500000000000006 0.041015625
2 0.5320312500000001 0.4443359375 0.026562500000000003 0.025390625
2 0.41484375 0.439453125 0.0421875 0.03125
2 0.4390625 0.44140625 0.018750000000000003 0.0234375
0 0.86328125 0.453125 0.0390625 0.09765625
