4 0.37031250000000004 0.44140625 0.03125 0.0390625
7 0.26406250000000003 0.13671875 0.046875 0.078125
7 0.7679687500000001 0.2998046875 0.0203125 0.064453125
7 0.77265625 0.3671875 0.0234375 0.02734375
7 0.89765625 0.2666015625 0.026562500000000003 0.064453125
7 0.29296875 0.400390625 0.004687500000000001 0.01171875
7 0.33515625000000004 0.396484375 0.004687500000000001 0.01171875
9 0.31328125 0.1357421875 0.0421875 0.068359375
9 0.5890625 0.232421875 0.1125 0.02734375
9 0.265625 0.416015625 0.015625 0.00390625
9 0.33046875000000003 0.3974609375 0.0078125 0.009765625
0 0.11406250000000001 0.58984375 0.22812500000000002 0.81640625
1 0.87890625 0.4736328125 0.0328125 0.060546875
2 0.309375 0.462890625 0.05625 0.05859375
2 0.34453125 0.45703125 0.026562500000000003 0.03125
2 0.40390625 0.4541015625 0.0328125 0.037109375
2 0.46015625000000004 0.4765625 0.0671875 0.06640625
2 0.41953125 0.4462890625 0.0171875 0.025390625
0 0.88203125 0.4521484375 0.029687500000000002 0.095703125
15 0.40859375000000003 0.76171875 0.42031250000000003 0.47265625
15 0.45859375 0.4296875 0.0421875 0.03125
