1 0.63046875 0.693359375 0.1234375 0.30078125
2 0.93671875 0.62109375 0.1234375 0.21875
2 0.82578125 0.5986328125 0.2515625 0.189453125
2 0.7210937500000001 0.5712890625 0.1046875 0.142578125
2 0.5515625000000001 0.5556640625 0.0625 0.080078125
2 0.5140625 0.552734375 0.046875 0.0625
2 0.4921875 0.548828125 0.03125 0.05859375
2 0.47187500000000004 0.5478515625 0.025 0.048828125
2 0.45937500000000003 0.5439453125 0.021875000000000002 0.041015625
2 0.4578125 0.5380859375 0.040625 0.048828125
2 0.43515625 0.5419921875 0.010937500000000001 0.029296875
2 0.42500000000000004 0.541015625 0.0125 0.02734375
2 0.42500000000000004 0.533203125 0.03125 0.03125
2 0.40468750000000003 0.5322265625 0.015625 0.025390625
2 0.37812500000000004 0.537109375 0.040625 0.046875
2 0.32109375 0.5361328125 0.0203125 0.021484375
2 0.30390625000000004 0.5380859375 0.026562500000000003 0.025390625
2 0.29296875 0.54296875 0.0203125 0.0234375
2 0.27734375 0.54296875 0.0234375 0.0390625
2 0.25703125 0.5458984375 0.035937500000000004 0.044921875
2 0.2421875 0.5546875 0.034375 0.0390625
2 0.21875 0.556640625 0.028125 0.046875
2 0.19765625 0.5576171875 0.029687500000000002 0.056640625
2 0.16640625 0.5625 0.0734375 0.0703125
2 0.08750000000000001 0.5751953125 0.1125 0.095703125
2 0.33203125 0.5341796875 0.0171875 0.017578125
0 0.6328125 0.5966796875 0.10312500000000001 0.396484375
