7 0.29140625000000003 0.3740234375 0.0203125 0.064453125
7 0.85078125 0.017578125 0.026562500000000003 0.03515625
7 0.67890625 0.3779296875 0.004687500000000001 0.017578125
7 0.1921875 0.470703125 0.009375000000000001 0.03125
7 0.32109375 0.3486328125 0.010937500000000001 0.029296875
7 0.30000000000000004 0.4501953125 0.00625 0.021484375
7 0.5875 0.439453125 0.009375000000000001 0.0234375
9 0.23359375000000002 0.4619140625 0.045312500000000006 0.056640625
9 0.4453125 0.4423828125 0.025 0.029296875
9 0.44453125000000004 0.416015625 0.026562500000000003 0.02734375
9 0.4421875 0.388671875 0.025 0.02734375
9 0.83984375 0.3916015625 0.0390625 0.068359375
9 0.57265625 0.453125 0.0078125 0.0078125
9 0.571875 0.443359375 0.009375000000000001 0.0078125
9 0.571875 0.4326171875 0.009375000000000001 0.009765625
9 0.50625 0.4306640625 0.009375000000000001 0.029296875
0 0.59375 0.482421875 0.009375000000000001 0.0390625
3 0.47578125000000004 0.623046875 0.0734375 0.1484375
3 0.6265625 0.4765625 0.009375000000000001 0.015625
3 0.7890625 0.52734375 0.046875 0.06640625
2 0.25703125 0.6240234375 0.3140625 0.267578125
2 0.6351562500000001 0.671875 0.3171875 0.34375
2 0.921875 0.68359375 0.153125 0.4375
2 0.8718750000000001 0.5654296875 0.171875 0.205078125
2 0.41015625 0.5419921875 0.1421875 0.158203125
2 0.45703125 0.4853515625 0.0328125 0.037109375
2 0.48203125 0.490234375 0.026562500000000003 0.03515625
2 0.503125 0.4873046875 0.025 0.033203125
2 0.51875 0.486328125 0.018750000000000003 0.03125
2 0.540625 0.478515625 0.03125 0.03515625
2 0.55703125 0.478515625 0.0140625 0.03125
2 0.56640625 0.4775390625 0.010937500000000001 0.029296875
2 0.57265625 0.4755859375 0.0078125 0.025390625
2 0.58125 0.47265625 0.0125 0.0234375
2 0.66171875 0.4951171875 0.09843750000000001 0.013671875
2 0.6468750000000001 0.4716796875 0.018750000000000003 0.021484375
2 0.609375 0.4736328125 0.021875000000000002 0.021484375
2 0.6351562500000001 0.46484375 0.0078125 0.0078125
2 0.08046875 0.548828125 0.045312500000000006 0.0390625
2 0.10234375000000001 0.5400390625 0.035937500000000004 0.048828125
2 0.7000000000000001 0.4697265625 0.040625 0.021484375
0 0.48203125 0.55859375 0.0734375 0.171875
0 0.51171875 0.5087890625 0.0390625 0.072265625
0 0.53515625 0.4990234375 0.035937500000000004 0.060546875
0 0.6265625 0.470703125 0.009375000000000001 0.01953125
0 0.79609375 0.49609375 0.035937500000000004 0.078125
