7 0.018750000000000003 0.37890625 0.028125 0.078125
7 0.33828125000000003 0.4853515625 0.0078125 0.021484375
9 0.8562500000000001 0.4921875 0.015625 0.01953125
9 0.85703125 0.4736328125 0.0140625 0.017578125
9 0.85703125 0.505859375 0.010937500000000001 0.0078125
9 0.65234375 0.4658203125 0.0171875 0.013671875
9 0.10625000000000001 0.5498046875 0.015625 0.021484375
0 0.73828125 0.5341796875 0.0078125 0.025390625
0 0.05390625 0.5791015625 0.0140625 0.037109375
0 0.5 0.546875 0.0125 0.02734375
3 0.43125 0.5830078125 0.028125 0.048828125
3 0.47734375 0.5810546875 0.026562500000000003 0.048828125
2 0.7562500000000001 0.7177734375 0.34687500000000004 0.287109375
2 0.54609375 0.580078125 0.1046875 0.11328125
2 0.05234375 0.744140625 0.1046875 0.22265625
2 0.23593750000000002 0.6181640625 0.140625 0.119140625
0 0.43046875 0.5654296875 0.0234375 0.052734375
0 0.4765625 0.564453125 0.028125 0.0546875
