7 0.025 0.2197265625 0.009375000000000001 0.037109375
7 0.12187500000000001 0.369140625 0.0125 0.03515625
7 0.060937500000000006 0.3662109375 0.00625 0.025390625
7 0.40078125000000003 0.25390625 0.0171875 0.04296875
7 0.509375 0.2421875 0.015625 0.0390625
7 0.6421875 0.1787109375 0.0125 0.044921875
7 0.8 0.1796875 0.015625 0.046875
7 0.89765625 0.3447265625 0.0078125 0.029296875
9 0.36640625000000004 0.3720703125 0.010937500000000001 0.029296875
7 0.13203125000000002 0.3681640625 0.010937500000000001 0.037109375
7 0.03515625 0.3955078125 0.0140625 0.017578125
9 0.29921875000000003 0.2861328125 0.035937500000000004 0.013671875
9 0.4609375 0.2412109375 0.03125 0.025390625
9 0.70078125 0.1728515625 0.0421875 0.033203125
9 0.9609375 0.2294921875 0.040625 0.013671875
9 0.84296875 0.3525390625 0.0171875 0.021484375
9 0.84296875 0.369140625 0.010937500000000001 0.01171875
9 0.1125 0.3935546875 0.021875000000000002 0.005859375
0 0.11796875000000001 0.466796875 0.045312500000000006 0.12109375
2 0.04609375 0.451171875 0.0921875 0.06640625
2 0.46875 0.42578125 0.034375 0.03515625
2 0.4859375 0.4248046875 0.015625 0.025390625
2 0.49296875 0.419921875 0.0203125 0.02734375
2 0.51953125 0.4228515625 0.035937500000000004 0.041015625
2 0.940625 0.517578125 0.115625 0.27734375
2 0.6062500000000001 0.537109375 0.28125 0.265625
7 0.915625 0.375 0.00625 0.0078125
9 0.921875 0.3466796875 0.021875000000000002 0.037109375
