1 0.45078125 0.4560546875 0.010937500000000001 0.021484375
2 0.50546875 0.4404296875 0.0171875 0.017578125
2 0.49140625000000004 0.4326171875 0.0078125 0.009765625
2 0.484375 0.4345703125 0.009375000000000001 0.013671875
2 0.47578125000000004 0.4375 0.0140625 0.015625
2 0.46015625000000004 0.4453125 0.0140625 0.01953125
2 0.43515625 0.44921875 0.0234375 0.01953125
2 0.41718750000000004 0.447265625 0.021875000000000002 0.02734375
2 0.38125000000000003 0.451171875 0.037500000000000006 0.03125
2 0.38828125 0.4453125 0.0390625 0.03125
2 0.3375 0.443359375 0.037500000000000006 0.03515625
2 0.3140625 0.4609375 0.07500000000000001 0.05078125
2 0.2703125 0.4404296875 0.03125 0.017578125
2 0.24375000000000002 0.4736328125 0.12812500000000002 0.056640625
2 0.2171875 0.44140625 0.043750000000000004 0.0234375
2 0.17890625000000002 0.466796875 0.060937500000000006 0.05859375
2 0.12812500000000002 0.46484375 0.07500000000000001 0.0625
2 0.10390625 0.4765625 0.0890625 0.078125
2 0.06015625 0.4833984375 0.1203125 0.095703125
2 0.52734375 0.4375 0.010937500000000001 0.015625
2 0.53359375 0.439453125 0.010937500000000001 0.015625
2 0.5398437500000001 0.4423828125 0.0140625 0.021484375
2 0.54453125 0.4482421875 0.0140625 0.025390625
2 0.55390625 0.4541015625 0.0203125 0.033203125
2 0.56015625 0.4580078125 0.0234375 0.037109375
2 0.5765625 0.4619140625 0.037500000000000006 0.044921875
2 0.5867187500000001 0.4697265625 0.029687500000000002 0.052734375
2 0.61640625 0.4853515625 0.0765625 0.080078125
2 0.6140625000000001 0.4970703125 0.0625 0.083984375
2 0.6625000000000001 0.513671875 0.096875 0.1015625
2 0.71796875 0.5556640625 0.1390625 0.134765625
0 0.45156250000000003 0.447265625 0.009375000000000001 0.03125
