9 0.2859375 0.4033203125 0.025 0.005859375
0 0.65390625 0.47265625 0.0171875 0.05859375
0 0.48203125 0.4423828125 0.004687500000000001 0.013671875
0 0.47968750000000004 0.44140625 0.003125 0.01171875
0 0.47187500000000004 0.4423828125 0.003125 0.009765625
0 0.39921875 0.4580078125 0.0140625 0.037109375
0 0.3609375 0.4638671875 0.015625 0.041015625
0 0.35078125000000004 0.4619140625 0.010937500000000001 0.044921875
0 0.33828125000000003 0.4609375 0.0140625 0.04296875
0 0.13515625 0.505859375 0.026562500000000003 0.09765625
0 0.10312500000000001 0.5048828125 0.021875000000000002 0.099609375
0 0.07578125000000001 0.505859375 0.0234375 0.10546875
0 0.46484375 0.439453125 0.004687500000000001 0.01171875
2 0.88828125 0.6015625 0.22031250000000002 0.23828125
2 0.81796875 0.4990234375 0.13593750000000002 0.072265625
2 0.6078125000000001 0.474609375 0.05 0.05078125
2 0.58203125 0.4658203125 0.029687500000000002 0.037109375
2 0.57421875 0.4619140625 0.026562500000000003 0.033203125
2 0.55703125 0.455078125 0.0171875 0.0234375
2 0.5625 0.4580078125 0.018750000000000003 0.025390625
2 0.54296875 0.44921875 0.0140625 0.015625
2 0.53515625 0.4462890625 0.0140625 0.017578125
2 0.5242187500000001 0.4423828125 0.010937500000000001 0.013671875
2 0.503125 0.447265625 0.018750000000000003 0.0234375
2 0.48828125 0.439453125 0.0078125 0.0078125
2 0.42812500000000003 0.44921875 0.046875 0.03125
2 0.940625 0.474609375 0.05 0.0390625
2 0.9773437500000001 0.46875 0.0421875 0.0390625
15 0.39921875 0.478515625 0.010937500000000001 0.00390625
