0 0.66328125 0.470703125 0.0171875 0.04296875
0 0.5476562500000001 0.4521484375 0.010937500000000001 0.033203125
2 0.49531250000000004 0.427734375 0.009375000000000001 0.01171875
2 0.48046875 0.431640625 0.010937500000000001 0.01171875
2 0.46953125 0.4326171875 0.0140625 0.017578125
2 0.46406250000000004 0.4365234375 0.0125 0.017578125
2 0.45390625 0.4443359375 0.0203125 0.021484375
2 0.4375 0.4541015625 0.028125 0.033203125
2 0.40625 0.466796875 0.046875 0.0546875
2 0.403125 0.474609375 0.037500000000000006 0.0546875
2 0.3765625 0.4814453125 0.046875 0.068359375
2 0.33046875000000003 0.4931640625 0.08281250000000001 0.095703125
2 0.22187500000000002 0.5302734375 0.1375 0.169921875
2 0.11406250000000001 0.58203125 0.1875 0.20703125
2 0.02890625 0.62109375 0.0578125 0.2265625
2 0.53359375 0.4287109375 0.0078125 0.009765625
2 0.525 0.435546875 0.018750000000000003 0.01953125
2 0.55 0.4404296875 0.021875000000000002 0.025390625
2 0.578125 0.4384765625 0.025 0.025390625
2 0.6171875 0.455078125 0.025 0.0390625
2 0.60703125 0.4423828125 0.0390625 0.037109375
2 0.63671875 0.453125 0.0484375 0.0390625
2 0.6546875000000001 0.4580078125 0.05 0.037109375
2 0.66328125 0.4677734375 0.0390625 0.037109375
2 0.72578125 0.4580078125 0.0890625 0.044921875
2 0.7976562500000001 0.4912109375 0.1171875 0.087890625
2 0.89765625 0.5068359375 0.1703125 0.087890625
2 0.7000000000000001 0.5390625 0.13125 0.11328125
2 0.8828125 0.6708984375 0.23125 0.251953125
1 0.5476562500000001 0.458984375 0.010937500000000001 0.01953125
