4 0.61484375 0.4130859375 0.07968750000000001 0.107421875
7 0.91015625 0.240234375 0.026562500000000003 0.08203125
7 0.59609375 0.0361328125 0.026562500000000003 0.072265625
7 0.9109375000000001 0.322265625 0.028125 0.03125
9 0.884375 0.11328125 0.046875 0.03125
0 0.6671875 0.4345703125 0.0125 0.048828125
0 0.68515625 0.431640625 0.0078125 0.05078125
2 0.8835937500000001 0.427734375 0.1421875 0.0703125
2 0.9875 0.443359375 0.021875000000000002 0.06640625
2 0.540625 0.4287109375 0.021875000000000002 0.017578125
2 0.47578125000000004 0.4287109375 0.026562500000000003 0.029296875
2 0.4453125 0.42578125 0.015625 0.015625
