0 0.6015625 0.525390625 0.053125000000000006 0.19140625
0 0.7054687500000001 0.5458984375 0.06406250000000001 0.248046875
2 0.049218750000000006 0.5732421875 0.09843750000000001 0.173828125
2 0.09296875 0.537109375 0.1859375 0.16015625
2 0.13125 0.5048828125 0.259375 0.181640625
2 0.265625 0.5126953125 0.03125 0.083984375
2 0.37890625 0.52734375 0.19843750000000002 0.234375
2 0.47500000000000003 0.498046875 0.025 0.05078125
2 0.51953125 0.4951171875 0.0765625 0.064453125
2 0.5437500000000001 0.51171875 0.07500000000000001 0.0859375
2 0.6742187500000001 0.5107421875 0.1453125 0.177734375
2 0.8226562500000001 0.5166015625 0.2109375 0.193359375
2 0.89765625 0.544921875 0.2015625 0.21484375
10 0.784375 0.625 0.05 0.0859375
