7 0.7992187500000001 0.181640625 0.0140625 0.046875
7 0.6414062500000001 0.1796875 0.0171875 0.046875
7 0.8992187500000001 0.3466796875 0.0078125 0.029296875
7 0.5085937500000001 0.240234375 0.0140625 0.04296875
7 0.40156250000000004 0.2529296875 0.015625 0.041015625
9 0.36562500000000003 0.3720703125 0.009375000000000001 0.025390625
7 0.12109375 0.369140625 0.010937500000000001 0.03125
7 0.0625 0.3662109375 0.00625 0.025390625
7 0.025781250000000002 0.220703125 0.0078125 0.0390625
7 0.03671875 0.39453125 0.0140625 0.015625
9 0.9617187500000001 0.23046875 0.0421875 0.01171875
9 0.70078125 0.1728515625 0.0421875 0.033203125
9 0.84296875 0.3525390625 0.0171875 0.021484375
9 0.84375 0.3681640625 0.009375000000000001 0.009765625
9 0.46015625000000004 0.2392578125 0.0328125 0.025390625
9 0.30078125 0.2861328125 0.035937500000000004 0.013671875
0 0.07890625000000001 0.462890625 0.0390625 0.12109375
2 0.6101562500000001 0.5361328125 0.2765625 0.263671875
2 0.940625 0.5185546875 0.115625 0.287109375
2 0.46796875000000004 0.42578125 0.0328125 0.03515625
2 0.5171875 0.4208984375 0.028125 0.041015625
2 0.4859375 0.423828125 0.015625 0.02734375
2 0.49453125000000003 0.419921875 0.0203125 0.02734375
2 0.2171875 0.4443359375 0.146875 0.072265625
7 0.1328125 0.3671875 0.009375000000000001 0.03515625
7 0.91328125 0.3759765625 0.010937500000000001 0.009765625
9 0.92109375 0.34765625 0.0203125 0.0390625
9 0.11328125 0.3955078125 0.0203125 0.009765625
