0 0.509375 0.4443359375 0.00625 0.017578125
0 0.5359375000000001 0.44140625 0.00625 0.01953125
1 0.31171875000000004 0.712890625 0.0859375 0.1796875
2 0.24296875 0.4990234375 0.1265625 0.068359375
2 0.2828125 0.5185546875 0.109375 0.091796875
2 0.95859375 0.8349609375 0.07968750000000001 0.251953125
2 0.9500000000000001 0.494140625 0.096875 0.08203125
2 0.92734375 0.4814453125 0.1421875 0.095703125
2 0.7664062500000001 0.447265625 0.06406250000000001 0.02734375
2 0.7078125000000001 0.5595703125 0.146875 0.138671875
2 0.7718750000000001 0.49609375 0.12187500000000001 0.08984375
2 0.80625 0.4755859375 0.096875 0.103515625
2 0.65390625 0.5087890625 0.1046875 0.123046875
2 0.36484375 0.486328125 0.060937500000000006 0.05859375
2 0.3921875 0.4794921875 0.034375 0.048828125
2 0.41718750000000004 0.4677734375 0.040625 0.044921875
2 0.42890625000000004 0.462890625 0.026562500000000003 0.0390625
2 0.43984375000000003 0.4580078125 0.029687500000000002 0.041015625
2 0.4578125 0.4580078125 0.009375000000000001 0.025390625
2 0.48125 0.4619140625 0.037500000000000006 0.029296875
2 0.48359375000000004 0.447265625 0.029687500000000002 0.01953125
2 0.50234375 0.443359375 0.0203125 0.0234375
2 0.59765625 0.478515625 0.060937500000000006 0.06640625
2 0.5734375 0.470703125 0.018750000000000003 0.04296875
2 0.5234375 0.4423828125 0.018750000000000003 0.017578125
2 0.5390625 0.4404296875 0.0125 0.017578125
2 0.55 0.439453125 0.0125 0.015625
2 0.565625 0.44921875 0.021875000000000002 0.0234375
2 0.5765625 0.439453125 0.018750000000000003 0.015625
0 0.31484375000000003 0.6279296875 0.09531250000000001 0.271484375
0 0.7140625 0.6005859375 0.078125 0.275390625
15 0.7117187500000001 0.7431640625 0.035937500000000004 0.037109375
3 0.1046875 0.505859375 0.03125 0.078125
