7 0.56875 0.4443359375 0.003125 0.005859375
7 0.52890625 0.3984375 0.004687500000000001 0.0078125
7 0.5281250000000001 0.41796875 0.003125 0.00390625
7 0.46875 0.4345703125 0.003125 0.005859375
0 0.6062500000000001 0.46484375 0.00625 0.01171875
0 0.5476562500000001 0.4677734375 0.004687500000000001 0.013671875
0 0.39609375 0.4658203125 0.004687500000000001 0.013671875
0 0.5359375000000001 0.4677734375 0.003125 0.013671875
1 0.6515625 0.54296875 0.034375 0.08203125
2 0.48046875 0.4677734375 0.0171875 0.017578125
2 0.46171875 0.47265625 0.0203125 0.01953125
2 0.45156250000000003 0.4736328125 0.0125 0.021484375
2 0.43359375 0.47265625 0.026562500000000003 0.02734375
2 0.38906250000000003 0.48046875 0.025 0.03515625
2 0.36875 0.4794921875 0.034375 0.044921875
2 0.353125 0.484375 0.028125 0.04296875
2 0.33125000000000004 0.4873046875 0.037500000000000006 0.048828125
2 0.3015625 0.4892578125 0.05 0.056640625
2 0.26406250000000003 0.49609375 0.059375000000000004 0.0625
2 0.20468750000000002 0.5009765625 0.09375 0.072265625
0 0.6515625 0.513671875 0.03125 0.1171875
8 0.7109375 0.525390625 0.018750000000000003 0.046875
