1 0.4421875 0.48828125 0.018750000000000003 0.03515625
1 0.46875 0.490234375 0.015625 0.03515625
2 0.3921875 0.453125 0.0125 0.015625
2 0.3796875 0.455078125 0.015625 0.02734375
2 0.36640625000000004 0.4599609375 0.0234375 0.033203125
2 0.35625 0.46875 0.028125 0.0390625
2 0.33984375 0.4755859375 0.045312500000000006 0.044921875
2 0.45 0.4541015625 0.009375000000000001 0.013671875
2 0.4578125 0.458984375 0.018750000000000003 0.01953125
2 0.48515625 0.45703125 0.0234375 0.0234375
2 0.49062500000000003 0.4677734375 0.021875000000000002 0.029296875
2 0.5015625 0.4755859375 0.025 0.033203125
2 0.534375 0.478515625 0.053125000000000006 0.05859375
2 0.5554687500000001 0.4931640625 0.06406250000000001 0.072265625
2 0.42578125 0.451171875 0.0078125 0.01171875
2 0.8812500000000001 0.65234375 0.234375 0.31640625
2 0.057031250000000006 0.5654296875 0.11406250000000001 0.197265625
0 0.44140625 0.474609375 0.0203125 0.05859375
0 0.46953125 0.4755859375 0.0171875 0.052734375
