7 0.7421875 0.29296875 0.009375000000000001 0.03125
7 0.7140625 0.296875 0.009375000000000001 0.02734375
7 0.47265625 0.3486328125 0.0078125 0.029296875
7 0.52109375 0.3857421875 0.0078125 0.033203125
7 0.73828125 0.404296875 0.0078125 0.015625
7 0.6898437500000001 0.396484375 0.0078125 0.0234375
7 0.7406250000000001 0.3544921875 0.015625 0.041015625
7 0.09843750000000001 0.2529296875 0.018750000000000003 0.060546875
7 0.021875000000000002 0.3056640625 0.009375000000000001 0.029296875
9 0.81640625 0.328125 0.010937500000000001 0.0546875
9 0.7195312500000001 0.3564453125 0.029687500000000002 0.033203125
9 0.61875 0.3037109375 0.05 0.021484375
9 0.6203125 0.2421875 0.08125 0.1015625
0 0.08828125 0.4677734375 0.0140625 0.056640625
0 0.06406250000000001 0.46875 0.018750000000000003 0.0546875
0 0.05234375 0.466796875 0.0140625 0.05859375
0 0.153125 0.50390625 0.078125 0.19140625
0 0.38359375 0.4931640625 0.051562500000000004 0.197265625
1 0.6515625 0.5205078125 0.11875000000000001 0.091796875
2 0.43828125 0.4482421875 0.0171875 0.021484375
2 0.42578125 0.443359375 0.010937500000000001 0.015625
2 0.58046875 0.4658203125 0.0390625 0.052734375
2 0.53359375 0.4814453125 0.1046875 0.091796875
0 0.65546875 0.46875 0.06406250000000001 0.1328125
