9 0.7664062500000001 0.365234375 0.0171875 0.02734375
9 0.9296875 0.37890625 0.0125 0.03125
1 0.8835937500000001 0.55078125 0.060937500000000006 0.125
1 0.73359375 0.5341796875 0.045312500000000006 0.091796875
1 0.6828125 0.505859375 0.037500000000000006 0.078125
1 0.65546875 0.4990234375 0.0203125 0.064453125
1 0.6273437500000001 0.4912109375 0.026562500000000003 0.056640625
1 0.6062500000000001 0.478515625 0.015625 0.0390625
1 0.5875 0.4765625 0.0125 0.03515625
1 0.55 0.4443359375 0.00625 0.017578125
1 0.56640625 0.4482421875 0.0078125 0.017578125
2 0.7625000000000001 0.478515625 0.12187500000000001 0.1171875
2 0.43281250000000004 0.443359375 0.034375 0.0390625
2 0.45156250000000003 0.43359375 0.025 0.03125
2 0.46953125 0.42578125 0.0203125 0.02734375
0 0.8835937500000001 0.4921875 0.0546875 0.17578125
0 0.73046875 0.4951171875 0.0390625 0.130859375
0 0.68125 0.4658203125 0.037500000000000006 0.107421875
0 0.6585937500000001 0.4736328125 0.026562500000000003 0.083984375
0 0.6273437500000001 0.4619140625 0.0328125 0.083984375
0 0.6062500000000001 0.4599609375 0.015625 0.048828125
0 0.5867187500000001 0.4638671875 0.0140625 0.048828125
0 0.55 0.4384765625 0.00625 0.017578125
0 0.56640625 0.439453125 0.0078125 0.02734375
