1 0.96484375 0.6484375 0.0671875 0.13671875
1 0.6046875 0.5556640625 0.1875 0.142578125
1 0.22031250000000002 0.53125 0.059375000000000004 0.13671875
1 0.19609375 0.521484375 0.0328125 0.10546875
1 0.26406250000000003 0.5126953125 0.034375 0.076171875
1 0.3046875 0.4990234375 0.028125 0.052734375
2 0.5421875 0.48046875 0.0625 0.078125
2 0.5078125 0.4814453125 0.021875000000000002 0.052734375
2 0.49843750000000003 0.4775390625 0.018750000000000003 0.044921875
2 0.48750000000000004 0.4794921875 0.0125 0.033203125
2 0.40625 0.47265625 0.028125 0.03125
2 0.37421875000000004 0.4755859375 0.0421875 0.037109375
2 0.33828125000000003 0.47265625 0.026562500000000003 0.03515625
2 0.32265625000000003 0.4755859375 0.0140625 0.037109375
2 0.0421875 0.505859375 0.084375 0.12109375
2 0.16875 0.4814453125 0.059375000000000004 0.083984375
0 0.6000000000000001 0.5068359375 0.1 0.208984375
0 0.22187500000000002 0.4873046875 0.05625 0.158203125
0 0.19609375 0.4814453125 0.0328125 0.115234375
0 0.26406250000000003 0.486328125 0.034375 0.10546875
0 0.3046875 0.4716796875 0.028125 0.080078125
7 0.6156250000000001 0.33203125 0.009375000000000001 0.0390625
