0 0.5140625 0.4423828125 0.00625 0.021484375
0 0.51953125 0.4462890625 0.0078125 0.021484375
0 0.52578125 0.4443359375 0.004687500000000001 0.025390625
2 0.134375 0.482421875 0.10625000000000001 0.0703125
2 0.04609375 0.494140625 0.0921875 0.0859375
2 0.06484375 0.455078125 0.0890625 0.04296875
2 0.096875 0.5693359375 0.19375 0.154296875
2 0.25859375 0.5126953125 0.11093750000000001 0.095703125
2 0.31484375000000003 0.4365234375 0.026562500000000003 0.013671875
2 0.33125000000000004 0.4375 0.021875000000000002 0.015625
2 0.31015625 0.4931640625 0.07968750000000001 0.087890625
2 0.36875 0.4677734375 0.0625 0.068359375
2 0.40234375 0.470703125 0.0140625 0.0390625
2 0.4078125 0.4658203125 0.025 0.037109375
2 0.42031250000000003 0.4638671875 0.021875000000000002 0.033203125
2 0.42265625 0.455078125 0.0328125 0.04296875
2 0.43984375000000003 0.45703125 0.010937500000000001 0.03125
2 0.44453125000000004 0.45703125 0.010937500000000001 0.02734375
2 0.44921875 0.4501953125 0.0234375 0.029296875
2 0.46171875 0.44921875 0.010937500000000001 0.0234375
2 0.465625 0.443359375 0.018750000000000003 0.0234375
2 0.47578125000000004 0.443359375 0.0078125 0.01953125
2 0.48046875 0.4423828125 0.004687500000000001 0.013671875
2 0.48515625 0.4404296875 0.0078125 0.013671875
2 0.48984375 0.439453125 0.004687500000000001 0.01171875
2 0.7289062500000001 0.580078125 0.1765625 0.16796875
2 0.6734375 0.525390625 0.13125 0.13671875
2 0.6078125000000001 0.513671875 0.046875 0.0859375
2 0.6039062500000001 0.4931640625 0.0578125 0.064453125
2 0.57421875 0.4765625 0.0421875 0.046875
2 0.5710937500000001 0.46875 0.035937500000000004 0.0390625
2 0.55625 0.4677734375 0.009375000000000001 0.029296875
2 0.56171875 0.4609375 0.029687500000000002 0.03515625
2 0.54921875 0.4541015625 0.0140625 0.029296875
2 0.5398437500000001 0.4501953125 0.010937500000000001 0.021484375
0 0.49921875000000004 0.4384765625 0.004687500000000001 0.013671875
0 0.453125 0.455078125 0.009375000000000001 0.03125
