7 0.1703125 0.2890625 0.009375000000000001 0.03515625
7 0.32578125 0.337890625 0.0078125 0.0234375
7 0.40546875000000004 0.341796875 0.0078125 0.0234375
7 0.5671875000000001 0.388671875 0.009375000000000001 0.02734375
7 0.55 0.404296875 0.009375000000000001 0.02734375
7 0.42500000000000004 0.4130859375 0.003125 0.009765625
7 0.3984375 0.412109375 0.003125 0.0078125
7 0.58125 0.3935546875 0.0125 0.029296875
9 0.059375000000000004 0.4169921875 0.009375000000000001 0.029296875
9 0.19921875 0.462890625 0.0140625 0.0234375
9 0.30546875 0.458984375 0.0078125 0.015625
9 0.47968750000000004 0.375 0.037500000000000006 0.0078125
9 0.6195312500000001 0.396484375 0.0234375 0.02734375
9 0.578125 0.419921875 0.009375000000000001 0.01171875
9 0.44921875 0.423828125 0.0140625 0.00390625
0 0.8210937500000001 0.4677734375 0.0203125 0.072265625
0 0.7914062500000001 0.4580078125 0.0171875 0.037109375
0 0.1625 0.4638671875 0.021875000000000002 0.072265625
2 0.4390625 0.458984375 0.015625 0.01953125
