7 0.37421875000000004 0.4033203125 0.004687500000000001 0.013671875
7 0.340625 0.40234375 0.00625 0.01953125
7 0.42421875000000003 0.4306640625 0.004687500000000001 0.013671875
7 0.32656250000000003 0.388671875 0.00625 0.01953125
7 0.278125 0.3916015625 0.00625 0.021484375
9 0.7039062500000001 0.4150390625 0.0078125 0.025390625
9 0.58515625 0.337890625 0.0484375 0.07421875
9 0.42265625 0.4140625 0.0078125 0.0078125
9 0.31796875 0.388671875 0.0078125 0.01171875
0 0.7984375 0.4443359375 0.0125 0.037109375
0 0.7820312500000001 0.4423828125 0.0140625 0.044921875
0 0.6257812500000001 0.4677734375 0.010937500000000001 0.044921875
0 0.60546875 0.458984375 0.0140625 0.0546875
2 0.41484375 0.4814453125 0.0578125 0.064453125
2 0.31562500000000004 0.478515625 0.053125000000000006 0.0625
2 0.25078125 0.4970703125 0.11406250000000001 0.099609375
2 0.38906250000000003 0.470703125 0.018750000000000003 0.04296875
2 0.36640625000000004 0.458984375 0.0171875 0.015625
2 0.06328125 0.498046875 0.1265625 0.09765625
2 0.13515625 0.4794921875 0.0328125 0.033203125
2 0.15781250000000002 0.4775390625 0.018750000000000003 0.029296875
