9 0.37812500000000004 0.3935546875 0.034375 0.076171875
0 0.6179687500000001 0.482421875 0.0140625 0.0234375
2 0.9382812500000001 0.5380859375 0.1203125 0.142578125
2 0.8406250000000001 0.4931640625 0.059375000000000004 0.029296875
2 0.80078125 0.51171875 0.0578125 0.046875
2 0.74765625 0.51171875 0.0921875 0.05078125
2 0.7921875 0.484375 0.021875000000000002 0.01171875
2 0.7210937500000001 0.4892578125 0.060937500000000006 0.025390625
2 0.67890625 0.4814453125 0.029687500000000002 0.021484375
2 0.6578125 0.486328125 0.059375000000000004 0.0234375
2 0.596875 0.484375 0.043750000000000004 0.0234375
2 0.53515625 0.5166015625 0.33906250000000004 0.224609375
