0 0.59375 0.53515625 0.046875 0.2109375
0 0.5554687500000001 0.51171875 0.060937500000000006 0.1953125
0 0.48046875 0.4765625 0.026562500000000003 0.08203125
0 0.45937500000000003 0.4638671875 0.015625 0.048828125
0 0.15078125 0.5283203125 0.0703125 0.197265625
0 0.10546875 0.537109375 0.0484375 0.18359375
0 0.0484375 0.5673828125 0.08750000000000001 0.275390625
2 0.92890625 0.5751953125 0.1390625 0.228515625
2 0.8359375 0.521484375 0.325 0.24609375
2 0.71796875 0.51953125 0.20468750000000002 0.14453125
2 0.259375 0.4677734375 0.0625 0.087890625
2 0.18359375 0.4755859375 0.1328125 0.099609375
2 0.09921875000000001 0.4951171875 0.08281250000000001 0.107421875
2 0.37578125 0.583984375 0.2515625 0.25
