7 0.6937500000000001 0.3935546875 0.0125 0.017578125
7 0.6960937500000001 0.3515625 0.0140625 0.04296875
7 0.8953125000000001 0.2685546875 0.046875 0.056640625
7 0.2078125 0.3681640625 0.0125 0.044921875
7 0.2328125 0.408203125 0.015625 0.01953125
7 0.87890625 0.3310546875 0.0140625 0.041015625
7 0.8851562500000001 0.380859375 0.010937500000000001 0.015625
9 0.9140625 0.2099609375 0.046875 0.041015625
9 0.88828125 0.1376953125 0.0328125 0.095703125
9 0.92890625 0.369140625 0.0171875 0.0078125
9 0.8828125 0.3623046875 0.0125 0.013671875
0 0.6453125000000001 0.5107421875 0.034375 0.205078125
0 0.6335937500000001 0.5009765625 0.11093750000000001 0.236328125
0 0.83984375 0.498046875 0.045312500000000006 0.1953125
0 0.8695312500000001 0.4931640625 0.0546875 0.201171875
0 0.94140625 0.4892578125 0.0421875 0.205078125
0 0.8132812500000001 0.5068359375 0.09531250000000001 0.267578125
2 0.5953125 0.45703125 0.009375000000000001 0.01171875
2 0.578125 0.4580078125 0.009375000000000001 0.009765625
2 0.56640625 0.458984375 0.0140625 0.01171875
2 0.55078125 0.4599609375 0.010937500000000001 0.009765625
2 0.3640625 0.4697265625 0.059375000000000004 0.048828125
8 0.6843750000000001 0.4716796875 0.009375000000000001 0.037109375
