9 0.010937500000000001 0.3828125 0.021875000000000002 0.01171875
9 0.014843750000000001 0.3505859375 0.029687500000000002 0.048828125
0 0.39921875 0.4423828125 0.0078125 0.025390625
0 0.39296875000000003 0.4423828125 0.004687500000000001 0.021484375
0 0.40546875000000004 0.4404296875 0.004687500000000001 0.017578125
0 0.34140625 0.4521484375 0.0078125 0.025390625
0 0.72578125 0.54296875 0.051562500000000004 0.16796875
1 0.02421875 0.6572265625 0.0484375 0.130859375
2 0.02890625 0.4755859375 0.0578125 0.056640625
2 0.08671875000000001 0.466796875 0.0703125 0.05078125
2 0.10078125 0.51953125 0.1234375 0.1015625
2 0.19140625 0.490234375 0.08281250000000001 0.0703125
2 0.2015625 0.4365234375 0.025 0.013671875
2 0.22109375 0.4375 0.026562500000000003 0.01171875
2 0.22421875000000002 0.4775390625 0.06406250000000001 0.068359375
2 0.26875 0.4609375 0.05 0.05859375
2 0.29140625000000003 0.4638671875 0.0140625 0.037109375
2 0.29765625 0.4609375 0.0171875 0.03515625
2 0.309375 0.4599609375 0.015625 0.033203125
2 0.31015625 0.451171875 0.029687500000000002 0.0390625
2 0.325 0.4541015625 0.009375000000000001 0.025390625
2 0.33203125 0.4541015625 0.010937500000000001 0.025390625
2 0.34453125 0.4462890625 0.010937500000000001 0.021484375
2 0.3484375 0.4423828125 0.015625 0.021484375
2 0.35859375000000004 0.44140625 0.0078125 0.015625
2 0.36484375 0.439453125 0.0078125 0.01171875
2 0.36875 0.4384765625 0.00625 0.009765625
2 0.37109375 0.4365234375 0.0078125 0.009765625
2 0.5359375000000001 0.5244140625 0.1125 0.111328125
2 0.50703125 0.4951171875 0.0921875 0.099609375
2 0.46484375 0.486328125 0.026562500000000003 0.06640625
2 0.4625 0.4765625 0.03125 0.05078125
2 0.4453125 0.466796875 0.03125 0.0390625
2 0.43359375 0.4609375 0.010937500000000001 0.02734375
2 0.4375 0.4560546875 0.025 0.029296875
2 0.43046875 0.4501953125 0.0234375 0.025390625
2 0.42265625 0.4453125 0.0171875 0.01953125
2 0.4109375 0.44140625 0.00625 0.015625
2 0.41250000000000003 0.4423828125 0.00625 0.017578125
0 0.025781250000000002 0.5771484375 0.051562500000000004 0.205078125
0 0.38125000000000003 0.4365234375 0.003125 0.009765625
0 0.9187500000000001 0.33203125 0.015625 0.07421875
