9 0.72265625 0.3701171875 0.0578125 0.076171875
0 0.26484375 0.5107421875 0.0328125 0.087890625
0 0.40703125 0.5068359375 0.010937500000000001 0.033203125
0 0.62109375 0.5048828125 0.004687500000000001 0.013671875
0 0.6273437500000001 0.5048828125 0.004687500000000001 0.009765625
1 0.25546875 0.525390625 0.0234375 0.0546875
2 0.76171875 0.5634765625 0.2734375 0.107421875
2 0.584375 0.5205078125 0.078125 0.033203125
2 0.46953125 0.52734375 0.0921875 0.1015625
2 0.109375 0.4931640625 0.053125000000000006 0.017578125
2 0.53515625 0.5078125 0.0390625 0.02734375
