7 0.8617187500000001 0.4580078125 0.010937500000000001 0.048828125
0 0.32109375 0.5576171875 0.0234375 0.044921875
0 0.340625 0.5732421875 0.018750000000000003 0.068359375
0 0.35078125000000004 0.5576171875 0.0140625 0.044921875
0 0.19843750000000002 0.5546875 0.009375000000000001 0.03515625
0 0.07421875 0.55078125 0.010937500000000001 0.03515625
0 0.05078125 0.5458984375 0.0078125 0.029296875
0 0.028125 0.5478515625 0.009375000000000001 0.029296875
0 0.178125 0.544921875 0.009375000000000001 0.02734375
0 0.77890625 0.5576171875 0.0171875 0.068359375
0 0.8054687500000001 0.5556640625 0.0203125 0.076171875
0 0.81953125 0.556640625 0.0140625 0.06640625
1 0.88984375 0.6005859375 0.0390625 0.076171875
6 0.51875 0.5234375 0.043750000000000004 0.04296875
2 0.4765625 0.548828125 0.021875000000000002 0.03515625
2 0.45 0.55859375 0.046875 0.0546875
2 0.2859375 0.5478515625 0.046875 0.044921875
2 0.36875 0.548828125 0.021875000000000002 0.0234375
2 0.16015625 0.57421875 0.045312500000000006 0.04296875
2 0.09843750000000001 0.5810546875 0.078125 0.052734375
2 0.5140625 0.548828125 0.043750000000000004 0.046875
2 0.59140625 0.572265625 0.0921875 0.1015625
2 0.665625 0.5625 0.05625 0.0703125
2 0.7203125 0.57421875 0.115625 0.09375
0 0.8914062500000001 0.568359375 0.035937500000000004 0.09765625
