0 0.38203125000000004 0.4580078125 0.010937500000000001 0.037109375
1 0.34687500000000004 0.521484375 0.021875000000000002 0.06640625
2 0.8406250000000001 0.6611328125 0.31562500000000004 0.251953125
2 0.7156250000000001 0.5771484375 0.16562500000000002 0.154296875
2 0.6687500000000001 0.52734375 0.12812500000000002 0.1328125
2 0.6140625000000001 0.5068359375 0.05 0.083984375
2 0.59375 0.498046875 0.040625 0.078125
2 0.57734375 0.4814453125 0.0328125 0.052734375
2 0.56640625 0.4697265625 0.0484375 0.056640625
2 0.5437500000000001 0.4521484375 0.021875000000000002 0.033203125
2 0.5296875 0.4453125 0.0125 0.02734375
2 0.5 0.4365234375 0.015625 0.017578125
2 0.16718750000000002 0.5537109375 0.15625 0.134765625
2 0.13125 0.486328125 0.05625 0.08203125
2 0.14453125 0.45703125 0.0765625 0.05078125
2 0.19765625 0.4716796875 0.0734375 0.041015625
2 0.25078125 0.5166015625 0.09531250000000001 0.107421875
2 0.40625 0.4677734375 0.040625 0.044921875
2 0.2703125 0.4443359375 0.084375 0.048828125
2 0.340625 0.4453125 0.043750000000000004 0.02734375
2 0.39453125 0.4404296875 0.0328125 0.025390625
2 0.42421875000000003 0.443359375 0.0171875 0.03125
2 0.4390625 0.4404296875 0.0125 0.017578125
2 0.45390625 0.439453125 0.0140625 0.015625
2 0.46406250000000004 0.4365234375 0.009375000000000001 0.013671875
2 0.4734375 0.4345703125 0.009375000000000001 0.013671875
2 0.48125 0.4345703125 0.00625 0.013671875
2 0.48828125 0.43359375 0.0078125 0.01171875
0 0.34765625 0.4931640625 0.026562500000000003 0.091796875
