9 0.38203125000000004 0.4365234375 0.0078125 0.017578125
0 0.82578125 0.4658203125 0.0328125 0.041015625
0 0.8734375000000001 0.4736328125 0.021875000000000002 0.033203125
0 0.8992187500000001 0.4716796875 0.026562500000000003 0.041015625
0 0.6828125 0.4716796875 0.015625 0.048828125
0 0.6890625 0.45703125 0.0125 0.04296875
0 0.6765625000000001 0.4541015625 0.0125 0.044921875
0 0.4578125 0.44140625 0.0125 0.0234375
0 0.46015625000000004 0.443359375 0.0078125 0.0234375
0 0.2546875 0.4619140625 0.015625 0.052734375
2 0.5703125 0.4560546875 0.05 0.052734375
2 0.525 0.447265625 0.025 0.02734375
2 0.5140625 0.4365234375 0.0125 0.013671875
2 0.48984375 0.4365234375 0.0078125 0.005859375
2 0.41953125 0.4453125 0.045312500000000006 0.05859375
2 0.7406250000000001 0.4599609375 0.05 0.041015625
2 0.8359375 0.45703125 0.10312500000000001 0.04296875
9 0.73046875 0.375 0.0328125 0.01171875
9 0.7328125000000001 0.3623046875 0.0125 0.013671875
