0 0.44453125000000004 0.4599609375 0.010937500000000001 0.041015625
0 0.45546875000000003 0.4599609375 0.010937500000000001 0.044921875
0 0.46875 0.455078125 0.009375000000000001 0.03125
0 0.47890625000000003 0.4560546875 0.010937500000000001 0.033203125
2 0.06640625 0.541015625 0.1328125 0.21875
2 0.16640625 0.5234375 0.1203125 0.1328125
2 0.30625 0.478515625 0.096875 0.08984375
2 0.36640625000000004 0.4775390625 0.0328125 0.064453125
2 0.36875 0.4697265625 0.040625 0.064453125
2 0.40234375 0.466796875 0.0390625 0.04296875
2 0.41250000000000003 0.455078125 0.043750000000000004 0.05078125
2 0.43593750000000003 0.4482421875 0.015625 0.029296875
2 0.509375 0.4580078125 0.037500000000000006 0.037109375
2 0.53359375 0.458984375 0.0140625 0.0234375
2 0.5875 0.46484375 0.034375 0.0546875
2 0.62421875 0.478515625 0.0734375 0.08203125
2 0.70234375 0.533203125 0.15156250000000002 0.15234375
2 0.9085937500000001 0.5 0.0671875 0.12109375
2 0.7679687500000001 0.474609375 0.1171875 0.0859375
2 0.81953125 0.490234375 0.0671875 0.078125
2 0.6820312500000001 0.443359375 0.0546875 0.02734375
0 0.54296875 0.4697265625 0.0140625 0.056640625
0 0.5593750000000001 0.466796875 0.028125 0.08203125
15 0.56015625 0.5107421875 0.010937500000000001 0.005859375
15 0.5437500000000001 0.5009765625 0.009375000000000001 0.005859375
