7 0.08671875000000001 0.4580078125 0.010937500000000001 0.037109375
7 0.3875 0.4853515625 0.009375000000000001 0.033203125
7 0.6570312500000001 0.498046875 0.0140625 0.03125
9 0.98203125 0.5107421875 0.0203125 0.025390625
9 0.328125 0.5029296875 0.015625 0.021484375
9 0.328125 0.5224609375 0.0125 0.017578125
9 0.54140625 0.5009765625 0.045312500000000006 0.009765625
9 0.5632812500000001 0.51953125 0.0421875 0.015625
9 0.6468750000000001 0.5224609375 0.015625 0.021484375
9 0.68125 0.5166015625 0.03125 0.013671875
0 0.7781250000000001 0.5849609375 0.03125 0.072265625
0 0.51328125 0.580078125 0.0171875 0.06640625
0 0.540625 0.578125 0.021875000000000002 0.0703125
0 0.5515625000000001 0.5751953125 0.015625 0.048828125
0 0.153125 0.5556640625 0.009375000000000001 0.037109375
0 0.18671875000000002 0.5537109375 0.010937500000000001 0.025390625
0 0.16328125000000002 0.55859375 0.0078125 0.02734375
0 0.88671875 0.5732421875 0.0140625 0.041015625
0 0.9500000000000001 0.5693359375 0.0125 0.037109375
