7 0.55 0.435546875 0.00625 0.01171875
7 0.51015625 0.4248046875 0.004687500000000001 0.009765625
7 0.48515625 0.4228515625 0.0078125 0.013671875
7 0.4546875 0.4189453125 0.009375000000000001 0.013671875
7 0.39453125 0.4462890625 0.004687500000000001 0.009765625
7 0.42109375000000004 0.44921875 0.004687500000000001 0.01171875
9 0.978125 0.3935546875 0.015625 0.025390625
9 0.61328125 0.361328125 0.029687500000000002 0.0703125
9 0.6140625000000001 0.4189453125 0.025 0.037109375
9 0.578125 0.4208984375 0.015625 0.017578125
9 0.578125 0.43359375 0.0125 0.0078125
9 0.5640625 0.427734375 0.015625 0.01953125
9 0.496875 0.4228515625 0.00625 0.009765625
9 0.41640625000000003 0.4345703125 0.0203125 0.005859375
9 0.4390625 0.41796875 0.009375000000000001 0.01171875
9 0.5484375 0.4453125 0.009375000000000001 0.0078125
0 0.65 0.4697265625 0.018750000000000003 0.068359375
0 0.20234375000000002 0.4765625 0.0140625 0.0390625
0 0.21640625000000002 0.4755859375 0.010937500000000001 0.037109375
0 0.22187500000000002 0.4755859375 0.009375000000000001 0.037109375
0 0.23750000000000002 0.47265625 0.0125 0.04296875
0 0.27421875 0.470703125 0.0078125 0.03515625
0 0.2828125 0.4697265625 0.009375000000000001 0.033203125
0 0.29921875000000003 0.4716796875 0.0078125 0.021484375
0 0.30390625000000004 0.4716796875 0.004687500000000001 0.021484375
0 0.31093750000000003 0.4716796875 0.00625 0.025390625
0 0.31796875 0.4716796875 0.0078125 0.025390625
0 0.32421875 0.46875 0.0078125 0.02734375
0 0.33203125 0.4697265625 0.0078125 0.025390625
0 0.33984375 0.4716796875 0.0078125 0.025390625
0 0.34687500000000004 0.46875 0.00625 0.02734375
0 0.353125 0.47265625 0.00625 0.0234375
0 0.36953125000000003 0.4716796875 0.0078125 0.021484375
0 0.3765625 0.47265625 0.00625 0.01953125
1 0.0625 0.4951171875 0.021875000000000002 0.037109375
1 0.26171875 0.4794921875 0.0140625 0.029296875
2 0.39765625000000004 0.466796875 0.035937500000000004 0.03515625
2 0.49140625000000004 0.49609375 0.1234375 0.1328125
0 0.6609375000000001 0.4833984375 0.028125 0.068359375
0 0.06171875 0.48046875 0.0203125 0.046875
0 0.26171875 0.46875 0.0171875 0.0390625
15 0.665625 0.4951171875 0.018750000000000003 0.044921875
