7 0.3328125 0.1181640625 0.021875000000000002 0.076171875
7 0.609375 0.267578125 0.021875000000000002 0.07421875
7 0.75 0.2353515625 0.021875000000000002 0.072265625
7 0.7734375 0.333984375 0.025 0.03125
9 0.6328125 0.322265625 0.05625 0.015625
0 0.33046875000000003 0.498046875 0.0390625 0.09765625
0 0.3609375 0.4990234375 0.043750000000000004 0.099609375
0 0.45625000000000004 0.5703125 0.109375 0.359375
0 0.43125 0.640625 0.109375 0.3671875
0 0.603125 0.576171875 0.10312500000000001 0.296875
0 0.81953125 0.626953125 0.16718750000000002 0.36328125
0 0.9578125000000001 0.642578125 0.08125 0.46484375
0 0.89609375 0.5390625 0.1078125 0.3125
0 0.7328125000000001 0.462890625 0.034375 0.12109375
0 0.3375 0.4755859375 0.021875000000000002 0.076171875
2 0.08671875000000001 0.5556640625 0.17343750000000002 0.177734375
2 0.16015625 0.4892578125 0.3203125 0.181640625
2 0.39609375 0.4580078125 0.010937500000000001 0.017578125
15 0.72578125 0.6396484375 0.1796875 0.287109375
