7 0.91953125 0.2705078125 0.0171875 0.087890625
7 0.64375 0.306640625 0.021875000000000002 0.07421875
7 0.9343750000000001 0.26953125 0.021875000000000002 0.08203125
7 0.98828125 0.3896484375 0.0203125 0.037109375
7 0.9390625 0.388671875 0.025 0.04296875
9 0.5171875 0.42578125 0.0125 0.01953125
9 0.5171875 0.4423828125 0.009375000000000001 0.013671875
0 0.6039062500000001 0.5263671875 0.035937500000000004 0.134765625
0 0.6492187500000001 0.5234375 0.0328125 0.140625
0 0.54140625 0.4716796875 0.0078125 0.029296875
0 0.5265625 0.47265625 0.00625 0.01953125
1 0.9515625000000001 0.5546875 0.09375 0.1015625
2 0.915625 0.515625 0.16562500000000002 0.08203125
2 0.81015625 0.5009765625 0.1328125 0.076171875
2 0.7265625 0.5009765625 0.040625 0.044921875
2 0.7195312500000001 0.4951171875 0.06406250000000001 0.056640625
2 0.68125 0.4912109375 0.025 0.048828125
2 0.32109375 0.4951171875 0.0421875 0.044921875
2 0.3984375 0.478515625 0.015625 0.015625
0 0.96875 0.5322265625 0.053125000000000006 0.150390625
