9 0.7429687500000001 0.419921875 0.0703125 0.01953125
9 0.7429687500000001 0.4404296875 0.0703125 0.017578125
9 0.5906250000000001 0.451171875 0.040625 0.05078125
9 0.45 0.447265625 0.015625 0.01953125
9 0.5171875 0.4833984375 0.021875000000000002 0.005859375
9 0.5164062500000001 0.4892578125 0.0140625 0.005859375
9 0.59375 0.494140625 0.03125 0.03515625
9 0.4578125 0.474609375 0.009375000000000001 0.01171875
0 0.35546875 0.51171875 0.010937500000000001 0.02734375
2 0.24765625000000002 0.5078125 0.029687500000000002 0.03515625
2 0.66328125 0.4921875 0.0171875 0.04296875
