7 0.74921875 0.474609375 0.0078125 0.0234375
9 0.0390625 0.2646484375 0.05625 0.107421875
9 0.032031250000000004 0.3388671875 0.0421875 0.041015625
9 0.74375 0.447265625 0.009375000000000001 0.015625
9 0.7328125000000001 0.46484375 0.021875000000000002 0.0078125
9 0.821875 0.4638671875 0.018750000000000003 0.025390625
9 0.8515625 0.4072265625 0.015625 0.025390625
9 0.86640625 0.498046875 0.010937500000000001 0.01953125
0 0.70078125 0.5400390625 0.0078125 0.041015625
0 0.75546875 0.5380859375 0.010937500000000001 0.025390625
0 0.76171875 0.5556640625 0.026562500000000003 0.056640625
0 0.77734375 0.5390625 0.0140625 0.03125
0 0.7890625 0.537109375 0.0125 0.03515625
0 0.8359375 0.537109375 0.015625 0.03125
0 0.8890625000000001 0.55078125 0.025 0.05078125
0 0.89765625 0.5498046875 0.0171875 0.060546875
0 0.921875 0.576171875 0.03125 0.10546875
0 0.95703125 0.5791015625 0.0234375 0.095703125
0 0.9765625 0.58203125 0.03125 0.10546875
0 0.109375 0.568359375 0.034375 0.10546875
0 0.17500000000000002 0.5556640625 0.028125 0.083984375
0 0.290625 0.552734375 0.021875000000000002 0.07421875
0 0.31562500000000004 0.5546875 0.018750000000000003 0.0703125
0 0.30546875 0.5439453125 0.0140625 0.056640625
0 0.36015625 0.541015625 0.010937500000000001 0.04296875
0 0.38515625000000003 0.5390625 0.010937500000000001 0.03515625
0 0.4140625 0.5361328125 0.0125 0.037109375
0 0.41796875 0.546875 0.0140625 0.04296875
0 0.43046875 0.5361328125 0.010937500000000001 0.037109375
0 0.45078125 0.5361328125 0.010937500000000001 0.033203125
0 0.46406250000000004 0.53515625 0.009375000000000001 0.02734375
6 0.5453125 0.51171875 0.06875 0.08203125
6 0.64765625 0.533203125 0.0671875 0.0703125
2 0.51875 0.6416015625 0.19687500000000002 0.193359375
2 0.8289062500000001 0.623046875 0.1765625 0.140625
