7 0.42734375 0.134765625 0.0171875 0.0625
7 0.7296875 0.310546875 0.015625 0.0625
7 0.73046875 0.3828125 0.0203125 0.0234375
7 0.93671875 0.2802734375 0.0171875 0.072265625
7 0.7046875 0.314453125 0.015625 0.04296875
9 0.58203125 0.41015625 0.0171875 0.02734375
9 0.7140625 0.35546875 0.043750000000000004 0.015625
0 0.94921875 0.484375 0.0328125 0.14453125
0 0.96796875 0.4892578125 0.026562500000000003 0.134765625
0 0.8609375 0.4892578125 0.046875 0.150390625
1 0.6375000000000001 0.5068359375 0.03125 0.072265625
2 0.10078125 0.4853515625 0.11093750000000001 0.091796875
2 0.17890625000000002 0.4814453125 0.0703125 0.076171875
2 0.8226562500000001 0.4482421875 0.1171875 0.052734375
2 0.9875 0.47265625 0.021875000000000002 0.05859375
2 0.36640625000000004 0.4892578125 0.17343750000000002 0.193359375
2 0.7078125000000001 0.46484375 0.1125 0.0546875
2 0.5375 0.474609375 0.040625 0.03515625
0 0.6375000000000001 0.4765625 0.03125 0.10546875
