0 0.71796875 0.392578125 0.010937500000000001 0.03125
0 0.765625 0.3994140625 0.009375000000000001 0.033203125
2 0.71484375 0.376953125 0.0078125 0.01171875
2 0.70625 0.3779296875 0.009375000000000001 0.009765625
2 0.6937500000000001 0.3818359375 0.009375000000000001 0.009765625
2 0.6843750000000001 0.380859375 0.0125 0.015625
2 0.6726562500000001 0.38671875 0.010937500000000001 0.015625
2 0.66015625 0.392578125 0.0171875 0.01953125
2 0.6429687500000001 0.392578125 0.0171875 0.0234375
2 0.63671875 0.396484375 0.0140625 0.0234375
2 0.62421875 0.3984375 0.0203125 0.03125
2 0.6039062500000001 0.3984375 0.0328125 0.0390625
2 0.59609375 0.40234375 0.0234375 0.0390625
2 0.56875 0.4052734375 0.043750000000000004 0.044921875
2 0.55390625 0.39453125 0.0203125 0.0234375
2 0.5390625 0.4150390625 0.037500000000000006 0.048828125
2 0.51015625 0.4189453125 0.035937500000000004 0.056640625
2 0.46875 0.4267578125 0.06875 0.068359375
2 0.421875 0.38671875 0.06875 0.015625
2 0.184375 0.4248046875 0.1375 0.111328125
2 0.05859375 0.42578125 0.1171875 0.08984375
2 0.72421875 0.3837890625 0.010937500000000001 0.013671875
2 0.73828125 0.3837890625 0.0140625 0.013671875
2 0.7406250000000001 0.421875 0.05625 0.0625
2 0.89375 0.421875 0.115625 0.08203125
2 0.909375 0.4423828125 0.1125 0.095703125
2 0.95234375 0.4501953125 0.0921875 0.115234375
0 0.23359375000000002 0.296875 0.026562500000000003 0.03125
2 0.09375 0.3876953125 0.10625000000000001 0.048828125
