7 0.7375 0.3798828125 0.0125 0.017578125
7 0.7296875 0.328125 0.0125 0.0390625
7 0.68671875 0.2841796875 0.0484375 0.052734375
7 0.5593750000000001 0.3916015625 0.015625 0.017578125
7 0.5609375 0.3505859375 0.009375000000000001 0.041015625
7 0.09140625000000001 0.369140625 0.010937500000000001 0.04296875
7 0.115625 0.4052734375 0.018750000000000003 0.025390625
9 0.76953125 0.3681640625 0.0328125 0.009765625
9 0.7351562500000001 0.361328125 0.010937500000000001 0.01171875
9 0.696875 0.2373046875 0.028125 0.041015625
9 0.6820312500000001 0.17578125 0.0421875 0.08203125
9 0.52734375 0.3896484375 0.010937500000000001 0.017578125
0 0.7914062500000001 0.4443359375 0.0140625 0.048828125
0 0.37421875000000004 0.4638671875 0.0234375 0.076171875
0 0.36875 0.4619140625 0.018750000000000003 0.076171875
0 0.0140625 0.505859375 0.028125 0.1640625
2 0.6726562500000001 0.466796875 0.18906250000000002 0.09375
2 0.5015625 0.4599609375 0.040625 0.041015625
2 0.47968750000000004 0.45703125 0.00625 0.0078125
2 0.4703125 0.4560546875 0.00625 0.005859375
2 0.45156250000000003 0.453125 0.021875000000000002 0.0234375
2 0.43671875000000004 0.4560546875 0.010937500000000001 0.013671875
2 0.39921875 0.4580078125 0.026562500000000003 0.013671875
2 0.24609375 0.4697265625 0.0578125 0.052734375
8 0.55078125 0.466796875 0.010937500000000001 0.0390625
