9 0.8484375000000001 0.41015625 0.0125 0.03125
9 0.49921875000000004 0.5234375 0.010937500000000001 0.0078125
2 0.12421875 0.552734375 0.2171875 0.1953125
2 0.240625 0.5546875 0.028125 0.04296875
2 0.253125 0.548828125 0.037500000000000006 0.046875
2 0.28671875 0.5439453125 0.0234375 0.025390625
2 0.30546875 0.5458984375 0.0140625 0.017578125
2 0.85859375 0.546875 0.27968750000000003 0.125
2 0.43125 0.54296875 0.046875 0.05859375
2 0.403125 0.546875 0.0125 0.03125
2 0.3953125 0.5419921875 0.015625 0.029296875
2 0.38593750000000004 0.5419921875 0.0125 0.029296875
2 0.37734375000000003 0.54296875 0.0078125 0.0234375
2 0.33125000000000004 0.548828125 0.015625 0.01171875
0 0.8539062500000001 0.5166015625 0.0171875 0.029296875
