1 0.22421875000000002 0.62109375 0.1453125 0.30078125
2 0.06875 0.509765625 0.1375 0.328125
2 0.2 0.478515625 0.27187500000000003 0.2265625
2 0.30546875 0.4794921875 0.13593750000000002 0.189453125
2 0.3640625 0.48828125 0.059375000000000004 0.13671875
2 0.41796875 0.4697265625 0.1484375 0.150390625
2 0.7234375000000001 0.486328125 0.03125 0.046875
2 0.5945312500000001 0.4912109375 0.2265625 0.294921875
2 0.80078125 0.474609375 0.1328125 0.14453125
2 0.875 0.4853515625 0.246875 0.185546875
2 0.9437500000000001 0.517578125 0.109375 0.15625
0 0.22890625 0.5087890625 0.1234375 0.392578125
