9 0.27421875 0.392578125 0.0171875 0.02734375
9 0.29453125 0.423828125 0.010937500000000001 0.015625
9 0.46796875000000004 0.419921875 0.010937500000000001 0.015625
0 0.49140625000000004 0.470703125 0.0203125 0.06640625
2 0.86640625 0.509765625 0.26406250000000003 0.24609375
2 0.66796875 0.484375 0.1703125 0.1328125
2 0.58515625 0.4833984375 0.051562500000000004 0.103515625
2 0.05859375 0.572265625 0.1171875 0.265625
2 0.08828125 0.49609375 0.1765625 0.12109375
2 0.11796875000000001 0.4775390625 0.17343750000000002 0.130859375
2 0.146875 0.46484375 0.125 0.1171875
2 0.22031250000000002 0.4638671875 0.037500000000000006 0.068359375
15 0.44453125000000004 0.4521484375 0.06406250000000001 0.056640625
