9 0.46718750000000003 0.427734375 0.015625 0.0234375
0 0.5859375 0.4921875 0.028125 0.1171875
0 0.359375 0.490234375 0.0125 0.0546875
0 0.37343750000000003 0.4931640625 0.009375000000000001 0.052734375
3 0.3046875 0.576171875 0.09375 0.1640625
2 0.9203125000000001 0.5126953125 0.15625 0.212890625
2 0.7296875 0.5302734375 0.246875 0.162109375
2 0.54140625 0.49609375 0.0484375 0.0546875
2 0.5640625 0.4912109375 0.025 0.064453125
2 0.4703125 0.490234375 0.034375 0.08203125
2 0.42421875000000003 0.4931640625 0.09531250000000001 0.103515625
0 0.3046875 0.513671875 0.09375 0.23828125
