9 0.05625 0.4970703125 0.028125 0.033203125
9 0.70234375 0.4482421875 0.0328125 0.041015625
0 0.1265625 0.5615234375 0.009375000000000001 0.052734375
0 0.19140625 0.5537109375 0.010937500000000001 0.037109375
0 0.21796875000000002 0.546875 0.010937500000000001 0.0390625
0 0.31953125000000004 0.544921875 0.010937500000000001 0.03515625
0 0.8359375 0.5224609375 0.018750000000000003 0.060546875
0 0.8859375 0.51953125 0.021875000000000002 0.08203125
0 0.953125 0.5283203125 0.03125 0.099609375
0 0.33203125 0.5400390625 0.0078125 0.017578125
1 0.0859375 0.5771484375 0.037500000000000006 0.056640625
2 0.5546875 0.609375 0.12812500000000002 0.140625
2 0.43203125000000003 0.548828125 0.035937500000000004 0.0390625
2 0.28125 0.55078125 0.05 0.04296875
2 0.35859375000000004 0.54296875 0.029687500000000002 0.02734375
2 0.39453125 0.5419921875 0.029687500000000002 0.021484375
2 0.45546875000000003 0.5380859375 0.0140625 0.021484375
