7 0.28203125 0.451171875 0.0078125 0.01171875
7 0.5390625 0.4375 0.009375000000000001 0.01171875
9 0.18828125 0.474609375 0.0234375 0.01171875
9 0.28359375000000003 0.470703125 0.0140625 0.01953125
9 0.5398437500000001 0.4619140625 0.0171875 0.025390625
9 0.6328125 0.3974609375 0.034375 0.056640625
9 0.94921875 0.4736328125 0.0171875 0.037109375
0 0.22265625 0.52734375 0.010937500000000001 0.0390625
0 0.24531250000000002 0.5224609375 0.0125 0.041015625
0 0.26015625000000003 0.5185546875 0.0078125 0.037109375
0 0.28125 0.53125 0.0125 0.0390625
0 0.9773437500000001 0.515625 0.0421875 0.1171875
0 0.9484375 0.490234375 0.03125 0.109375
0 0.9140625 0.50390625 0.040625 0.1171875
0 0.7976562500000001 0.509765625 0.029687500000000002 0.11328125
0 0.7679687500000001 0.515625 0.026562500000000003 0.08984375
0 0.7429687500000001 0.5205078125 0.026562500000000003 0.087890625
0 0.7132812500000001 0.517578125 0.0328125 0.09765625
0 0.72578125 0.517578125 0.0171875 0.0703125
0 0.68515625 0.5224609375 0.0328125 0.083984375
0 0.6609375000000001 0.525390625 0.018750000000000003 0.0703125
0 0.6203125 0.5302734375 0.015625 0.048828125
0 0.6140625000000001 0.5185546875 0.015625 0.052734375
0 0.59375 0.525390625 0.015625 0.0546875
0 0.56875 0.51171875 0.0125 0.03515625
0 0.58125 0.529296875 0.0125 0.046875
0 0.640625 0.5244140625 0.015625 0.072265625
0 0.5554687500000001 0.517578125 0.010937500000000001 0.0390625
0 0.53125 0.5146484375 0.0125 0.041015625
0 0.5484375 0.5107421875 0.0125 0.052734375
0 0.57421875 0.4970703125 0.0078125 0.021484375
0 0.58125 0.494140625 0.00625 0.0234375
0 0.5890625 0.490234375 0.00625 0.015625
0 0.51328125 0.4951171875 0.004687500000000001 0.017578125
0 0.52265625 0.4951171875 0.0078125 0.025390625
0 0.5640625 0.47265625 0.00625 0.015625
0 0.57734375 0.47265625 0.004687500000000001 0.015625
2 0.1484375 0.541015625 0.10312500000000001 0.05859375
2 0.32890625 0.5244140625 0.035937500000000004 0.041015625
2 0.3484375 0.5205078125 0.015625 0.033203125
2 0.37421875000000004 0.51953125 0.035937500000000004 0.0390625
2 0.3984375 0.4990234375 0.025 0.029296875
2 0.38593750000000004 0.4833984375 0.021875000000000002 0.017578125
2 0.4109375 0.4794921875 0.0125 0.013671875
2 0.43359375 0.484375 0.0171875 0.01171875
2 0.46484375 0.4853515625 0.0234375 0.009765625
2 0.43515625 0.4755859375 0.0203125 0.013671875
2 0.46640625 0.5390625 0.0921875 0.08984375
2 0.40937500000000004 0.54296875 0.043750000000000004 0.06640625
2 0.44062500000000004 0.501953125 0.046875 0.0234375
