7 0.4859375 0.3662109375 0.00625 0.013671875
7 0.4453125 0.365234375 0.00625 0.01953125
7 0.55703125 0.3935546875 0.004687500000000001 0.013671875
7 0.55703125 0.408203125 0.004687500000000001 0.0078125
7 0.37265625 0.333984375 0.0078125 0.01953125
9 0.7898437500000001 0.376953125 0.0171875 0.0390625
9 0.5359375000000001 0.392578125 0.00625 0.0078125
9 0.5359375000000001 0.3994140625 0.00625 0.005859375
9 0.36484375 0.333984375 0.0078125 0.015625
2 0.48750000000000004 0.408203125 0.00625 0.0078125
2 0.44453125000000004 0.4052734375 0.0078125 0.005859375
2 0.44140625 0.4033203125 0.0078125 0.005859375
8 0.6000000000000001 0.4462890625 0.00625 0.013671875
8 0.5296875 0.4306640625 0.003125 0.009765625
