9 0.30078125 0.4072265625 0.0234375 0.005859375
9 0.6078125000000001 0.4228515625 0.009375000000000001 0.009765625
0 0.634375 0.4677734375 0.018750000000000003 0.064453125
0 0.48203125 0.4423828125 0.004687500000000001 0.009765625
0 0.47968750000000004 0.4423828125 0.003125 0.009765625
0 0.46796875000000004 0.443359375 0.004687500000000001 0.01171875
0 0.46328125000000003 0.443359375 0.004687500000000001 0.01171875
0 0.40625 0.45703125 0.009375000000000001 0.03515625
0 0.3671875 0.462890625 0.0125 0.03515625
0 0.35781250000000003 0.4619140625 0.0125 0.041015625
0 0.34687500000000004 0.4619140625 0.0125 0.041015625
0 0.18203125 0.4970703125 0.0234375 0.083984375
0 0.15234375 0.4970703125 0.0234375 0.087890625
0 0.12734375 0.4970703125 0.0203125 0.091796875
2 0.9296875 0.6689453125 0.1375 0.244140625
2 0.96484375 0.5029296875 0.0671875 0.064453125
2 0.95703125 0.474609375 0.0734375 0.046875
2 0.9046875000000001 0.4794921875 0.043750000000000004 0.044921875
2 0.7820312500000001 0.4921875 0.1234375 0.0625
2 0.8296875 0.5634765625 0.225 0.173828125
2 0.59765625 0.474609375 0.045312500000000006 0.046875
2 0.5750000000000001 0.4658203125 0.03125 0.033203125
2 0.56953125 0.4609375 0.029687500000000002 0.03125
2 0.5515625000000001 0.458984375 0.015625 0.0234375
2 0.540625 0.451171875 0.018750000000000003 0.01953125
2 0.53046875 0.4501953125 0.010937500000000001 0.017578125
2 0.52578125 0.4453125 0.010937500000000001 0.01171875
2 0.51796875 0.4443359375 0.0078125 0.013671875
2 0.5007812500000001 0.44921875 0.0203125 0.0234375
2 0.48671875000000003 0.443359375 0.0078125 0.0078125
2 0.41484375 0.4521484375 0.045312500000000006 0.029296875
15 0.40625 0.4794921875 0.009375000000000001 0.005859375
