7 0.11015625000000001 0.359375 0.0171875 0.07421875
7 0.06796875000000001 0.3642578125 0.0171875 0.048828125
7 0.11015625000000001 0.4169921875 0.0140625 0.017578125
7 0.22890625 0.02734375 0.0578125 0.0546875
7 0.44843750000000004 0.267578125 0.028125 0.05078125
7 0.01640625 0.0419921875 0.0328125 0.083984375
7 0.6765625000000001 0.375 0.015625 0.05078125
7 0.67734375 0.419921875 0.0171875 0.01953125
7 0.790625 0.2392578125 0.040625 0.150390625
7 0.7757812500000001 0.36328125 0.0203125 0.046875
7 0.7765625 0.412109375 0.015625 0.01953125
7 0.9515625000000001 0.3095703125 0.028125 0.076171875
9 0.48203125 0.267578125 0.0171875 0.02734375
9 0.59140625 0.326171875 0.0765625 0.01953125
9 0.5625 0.4189453125 0.015625 0.017578125
0 0.67109375 0.4833984375 0.0203125 0.064453125
0 0.64375 0.4912109375 0.018750000000000003 0.033203125
1 0.59375 0.4833984375 0.0125 0.025390625
2 0.46875 0.4814453125 0.037500000000000006 0.041015625
2 0.39609375 0.484375 0.0203125 0.01953125
2 0.37890625 0.4814453125 0.0203125 0.029296875
2 0.35546875 0.4794921875 0.0328125 0.033203125
2 0.30703125000000003 0.4794921875 0.0703125 0.068359375
2 0.2625 0.478515625 0.028125 0.0546875
2 0.22265625 0.482421875 0.0671875 0.05859375
2 0.13359375 0.4970703125 0.1296875 0.115234375
2 0.0328125 0.4912109375 0.065625 0.060546875
0 0.59375 0.47265625 0.0125 0.0390625
