9 0.88203125 0.408203125 0.0203125 0.0390625
0 0.21171875 0.4453125 0.051562500000000004 0.16796875
0 0.28828125 0.4384765625 0.026562500000000003 0.115234375
0 0.32265625000000003 0.4462890625 0.0390625 0.123046875
0 0.32656250000000003 0.4287109375 0.03125 0.119140625
0 0.375 0.4287109375 0.025 0.119140625
0 0.39375000000000004 0.431640625 0.028125 0.11328125
0 0.665625 0.435546875 0.021875000000000002 0.078125
0 0.634375 0.44921875 0.028125 0.046875
0 0.64453125 0.4326171875 0.0203125 0.076171875
1 0.5421875 0.462890625 0.05625 0.078125
1 0.5046875000000001 0.458984375 0.05 0.05859375
0 0.51171875 0.4345703125 0.029687500000000002 0.083984375
0 0.54140625 0.4326171875 0.0421875 0.095703125
