7 0.55390625 0.3525390625 0.0078125 0.033203125
7 0.5476562500000001 0.3525390625 0.004687500000000001 0.029296875
7 0.3796875 0.4052734375 0.00625 0.013671875
7 0.36796875 0.3134765625 0.010937500000000001 0.037109375
7 0.509375 0.3837890625 0.00625 0.025390625
0 0.6312500000000001 0.45703125 0.028125 0.08203125
0 0.7000000000000001 0.43359375 0.028125 0.0625
0 0.71796875 0.44921875 0.029687500000000002 0.0859375
0 0.734375 0.451171875 0.015625 0.07421875
2 0.10390625 0.537109375 0.2078125 0.2421875
2 0.215625 0.4775390625 0.040625 0.033203125
2 0.23828125 0.4716796875 0.0328125 0.037109375
2 0.30234375 0.4619140625 0.0234375 0.021484375
2 0.33906250000000004 0.4560546875 0.018750000000000003 0.017578125
2 0.3765625 0.451171875 0.009375000000000001 0.01171875
2 0.421875 0.44921875 0.009375000000000001 0.01171875
2 0.48203125 0.462890625 0.0171875 0.03515625
