9 0.1296875 0.4833984375 0.021875000000000002 0.013671875
2 0.30390625000000004 0.5048828125 0.0859375 0.068359375
2 0.359375 0.5126953125 0.037500000000000006 0.041015625
2 0.39140625 0.51171875 0.0328125 0.03125
2 0.41796875 0.5107421875 0.0203125 0.021484375
2 0.45937500000000003 0.48828125 0.009375000000000001 0.0078125
2 0.46875 0.478515625 0.0125 0.0078125
2 0.5296875 0.51171875 0.028125 0.03125
2 0.59765625 0.5126953125 0.0734375 0.064453125
2 0.44921875 0.4736328125 0.0140625 0.013671875
15 0.83125 0.439453125 0.33437500000000003 0.4453125
