0 0.6687500000000001 0.5107421875 0.037500000000000006 0.158203125
1 0.3609375 0.5009765625 0.03125 0.064453125
1 0.421875 0.5615234375 0.078125 0.181640625
2 0.04296875 0.52734375 0.0859375 0.2109375
2 0.1265625 0.501953125 0.253125 0.21484375
2 0.184375 0.5029296875 0.15937500000000002 0.158203125
2 0.26953125 0.494140625 0.11093750000000001 0.11328125
2 0.3171875 0.48828125 0.05625 0.08203125
2 0.48515625 0.4892578125 0.1015625 0.162109375
2 0.59375 0.4833984375 0.12187500000000001 0.095703125
2 0.6531250000000001 0.4921875 0.10625000000000001 0.109375
2 0.6546875000000001 0.509765625 0.096875 0.12109375
2 0.7937500000000001 0.5322265625 0.109375 0.154296875
2 0.77890625 0.498046875 0.1796875 0.1796875
2 0.8562500000000001 0.52734375 0.078125 0.25
2 0.9375 0.4951171875 0.12187500000000001 0.505859375
0 0.3609375 0.474609375 0.028125 0.07421875
0 0.42265625 0.505859375 0.0703125 0.2109375
