7 0.7296875 0.3310546875 0.009375000000000001 0.044921875
7 0.7359375 0.3798828125 0.009375000000000001 0.017578125
7 0.5609375 0.3505859375 0.009375000000000001 0.041015625
7 0.5593750000000001 0.3896484375 0.0125 0.013671875
7 0.68671875 0.28515625 0.0421875 0.05078125
7 0.09296875 0.3681640625 0.010937500000000001 0.041015625
7 0.11796875000000001 0.4072265625 0.010937500000000001 0.017578125
9 0.7742187500000001 0.3671875 0.0234375 0.0078125
9 0.6828125 0.1796875 0.037500000000000006 0.08203125
9 0.6960937500000001 0.23828125 0.026562500000000003 0.04296875
9 0.7351562500000001 0.361328125 0.010937500000000001 0.015625
0 0.30078125 0.49609375 0.0765625 0.19140625
0 0.6429687500000001 0.4677734375 0.0484375 0.220703125
0 0.6726562500000001 0.47265625 0.0390625 0.1953125
0 0.7015625000000001 0.4521484375 0.040625 0.111328125
2 0.50234375 0.458984375 0.0421875 0.0390625
2 0.47421875 0.453125 0.0140625 0.015625
2 0.36250000000000004 0.4599609375 0.043750000000000004 0.041015625
2 0.4296875 0.455078125 0.021875000000000002 0.01953125
2 0.24531250000000002 0.470703125 0.05625 0.0546875
2 0.4609375 0.4580078125 0.0125 0.013671875
8 0.5515625000000001 0.466796875 0.009375000000000001 0.0390625
