0 0.49453125000000003 0.453125 0.0078125 0.03125
1 0.90546875 0.681640625 0.1015625 0.23046875
2 0.053125000000000006 0.5166015625 0.10625000000000001 0.130859375
2 0.0625 0.458984375 0.115625 0.05859375
2 0.37109375 0.4638671875 0.0578125 0.052734375
2 0.40859375000000003 0.462890625 0.026562500000000003 0.03515625
2 0.43281250000000004 0.4609375 0.028125 0.03125
2 0.45156250000000003 0.458984375 0.021875000000000002 0.03125
2 0.48359375000000004 0.4521484375 0.0203125 0.025390625
2 0.51171875 0.451171875 0.010937500000000001 0.01171875
2 0.52109375 0.4501953125 0.0078125 0.009765625
2 0.5265625 0.4482421875 0.009375000000000001 0.009765625
0 0.91015625 0.59765625 0.1015625 0.28125
0 0.6156250000000001 0.4462890625 0.00625 0.013671875
0 0.534375 0.4501953125 0.00625 0.017578125
0 0.6882812500000001 0.453125 0.010937500000000001 0.015625
0 0.67578125 0.453125 0.0078125 0.015625
7 0.55 0.37109375 0.00625 0.0078125
7 0.5484375 0.39453125 0.00625 0.0078125
7 0.47109375000000003 0.4052734375 0.004687500000000001 0.009765625
7 0.62109375 0.3818359375 0.004687500000000001 0.017578125
7 0.5984375000000001 0.4091796875 0.00625 0.021484375
