0 0.80859375 0.5654296875 0.0203125 0.076171875
0 0.78828125 0.5625 0.0140625 0.07421875
0 0.6429687500000001 0.5419921875 0.010937500000000001 0.025390625
0 0.6640625 0.544921875 0.00625 0.03125
0 0.65390625 0.5380859375 0.004687500000000001 0.021484375
0 0.40937500000000004 0.5419921875 0.00625 0.017578125
2 0.01953125 0.583984375 0.0390625 0.06640625
2 0.060937500000000006 0.5859375 0.08125 0.0546875
2 0.28515625 0.578125 0.0765625 0.0625
2 0.23046875 0.564453125 0.0328125 0.03515625
2 0.36562500000000003 0.5498046875 0.03125 0.029296875
2 0.4765625 0.5400390625 0.0125 0.013671875
2 0.49843750000000003 0.5390625 0.009375000000000001 0.015625
2 0.50625 0.5439453125 0.0125 0.013671875
2 0.51484375 0.54296875 0.010937500000000001 0.01171875
2 0.5671875000000001 0.5419921875 0.025 0.025390625
