7 0.60078125 0.375 0.004687500000000001 0.01171875
7 0.60859375 0.3701171875 0.004687500000000001 0.009765625
7 0.6296875000000001 0.375 0.00625 0.01171875
7 0.634375 0.3681640625 0.00625 0.013671875
9 0.6156250000000001 0.3671875 0.00625 0.0078125
9 0.6609375000000001 0.3798828125 0.015625 0.005859375
9 0.6953125 0.380859375 0.00625 0.01171875
9 0.31875000000000003 0.361328125 0.015625 0.02734375
9 0.31796875 0.380859375 0.0140625 0.01171875
2 0.65625 0.4052734375 0.015625 0.009765625
2 0.6046875 0.400390625 0.028125 0.03125
2 0.5765625 0.40625 0.037500000000000006 0.03515625
2 0.45390625 0.4052734375 0.0390625 0.033203125
2 0.5085937500000001 0.44921875 0.0921875 0.09765625
