9 0.8453125 0.3427734375 0.025 0.044921875
9 0.84375 0.3876953125 0.015625 0.033203125
1 0.721875 0.5126953125 0.021875000000000002 0.060546875
1 0.6859375000000001 0.515625 0.021875000000000002 0.06640625
1 0.6296875000000001 0.482421875 0.009375000000000001 0.01953125
1 0.6640625 0.4833984375 0.009375000000000001 0.017578125
0 0.72265625 0.478515625 0.026562500000000003 0.0859375
0 0.6843750000000001 0.486328125 0.028125 0.109375
0 0.6648437500000001 0.4736328125 0.010937500000000001 0.033203125
0 0.6296875000000001 0.470703125 0.0125 0.0390625
