4 0.671875 0.443359375 0.046875 0.046875
0 0.07968750000000001 0.5712890625 0.034375 0.134765625
0 0.16796875 0.5244140625 0.0234375 0.048828125
0 0.17890625000000002 0.525390625 0.0234375 0.05078125
0 0.26953125 0.4931640625 0.010937500000000001 0.029296875
0 0.3796875 0.513671875 0.0125 0.03515625
0 0.38906250000000003 0.5146484375 0.0125 0.033203125
0 0.3984375 0.51171875 0.0125 0.03515625
2 0.47578125000000004 0.5078125 0.060937500000000006 0.046875
2 0.5234375 0.4853515625 0.05625 0.029296875
2 0.58359375 0.4814453125 0.026562500000000003 0.025390625
2 0.65234375 0.4794921875 0.035937500000000004 0.021484375
2 0.7117187500000001 0.498046875 0.0890625 0.1015625
2 0.6484375 0.6376953125 0.25 0.302734375
2 0.9484375 0.5400390625 0.1 0.158203125
2 0.88984375 0.51171875 0.09843750000000001 0.109375
2 0.8359375 0.50390625 0.05625 0.0859375
2 0.78828125 0.4873046875 0.045312500000000006 0.056640625
2 0.7609375 0.48046875 0.03125 0.05078125
