7 0.07890625000000001 0.38671875 0.0140625 0.05078125
7 0.81953125 0.4013671875 0.0140625 0.048828125
0 0.8453125 0.6142578125 0.12187500000000001 0.302734375
0 0.89453125 0.6357421875 0.0921875 0.298828125
0 0.33515625000000004 0.501953125 0.010937500000000001 0.03125
2 0.68515625 0.521484375 0.06406250000000001 0.05859375
2 0.6257812500000001 0.51171875 0.045312500000000006 0.04296875
2 0.5453125 0.5029296875 0.0125 0.013671875
2 0.4609375 0.509765625 0.025 0.0390625
2 0.48203125 0.505859375 0.0203125 0.02734375
2 0.49453125000000003 0.494140625 0.0078125 0.0078125
2 0.5 0.494140625 0.003125 0.0078125
2 0.51328125 0.4912109375 0.004687500000000001 0.005859375
2 0.534375 0.494140625 0.0125 0.01171875
2 0.41015625 0.4873046875 0.07968750000000001 0.111328125
2 0.35703125 0.5107421875 0.026562500000000003 0.021484375
7 0.09843750000000001 0.3876953125 0.0125 0.044921875
9 0.08984375 0.4365234375 0.0171875 0.037109375
9 0.8109375000000001 0.4541015625 0.021875000000000002 0.037109375
8 0.78828125 0.5478515625 0.010937500000000001 0.037109375
