1 0.66015625 0.576171875 0.0703125 0.10546875
1 0.4265625 0.5419921875 0.028125 0.056640625
1 0.29531250000000003 0.5234375 0.009375000000000001 0.03125
1 0.30546875 0.5263671875 0.0140625 0.029296875
1 0.353125 0.529296875 0.021875000000000002 0.05078125
1 0.33515625000000004 0.52734375 0.0171875 0.04296875
1 0.321875 0.525390625 0.015625 0.03515625
2 0.5234375 0.52734375 0.07500000000000001 0.03515625
2 0.2515625 0.5126953125 0.015625 0.017578125
2 0.01640625 0.525390625 0.0328125 0.140625
0 0.6578125 0.53125 0.0625 0.16015625
0 0.4265625 0.5205078125 0.028125 0.083984375
0 0.29765625 0.5126953125 0.010937500000000001 0.041015625
0 0.30546875 0.5166015625 0.010937500000000001 0.041015625
0 0.35390625000000003 0.5146484375 0.0203125 0.068359375
0 0.33671875 0.5126953125 0.0171875 0.056640625
0 0.32421875 0.51171875 0.0171875 0.046875
15 0.4234375 0.5078125 0.1375 0.109375
