0 0.371875 0.4609375 0.009375000000000001 0.03125
1 0.22265625 0.599609375 0.0578125 0.1171875
2 0.06796875000000001 0.6171875 0.13593750000000002 0.19140625
2 0.0421875 0.48828125 0.084375 0.06640625
2 0.1234375 0.4921875 0.1 0.0625
2 0.15078125 0.5517578125 0.1171875 0.150390625
2 0.18984375 0.4716796875 0.11406250000000001 0.056640625
2 0.08515625 0.451171875 0.0859375 0.03125
2 0.24765625000000002 0.4521484375 0.11093750000000001 0.064453125
2 0.32343750000000004 0.458984375 0.043750000000000004 0.03515625
2 0.328125 0.447265625 0.05 0.03125
2 0.39296875000000003 0.4794921875 0.051562500000000004 0.056640625
2 0.9710937500000001 0.89453125 0.0546875 0.20703125
2 0.86328125 0.7099609375 0.2703125 0.318359375
2 0.76953125 0.580078125 0.2171875 0.2109375
2 0.6664062500000001 0.5478515625 0.0890625 0.126953125
2 0.65234375 0.521484375 0.0890625 0.1015625
2 0.6156250000000001 0.4921875 0.07500000000000001 0.0703125
2 0.58203125 0.478515625 0.051562500000000004 0.06640625
2 0.5554687500000001 0.4541015625 0.0328125 0.033203125
2 0.45625000000000004 0.4453125 0.015625 0.015625
2 0.46640625 0.4423828125 0.0140625 0.017578125
2 0.47265625 0.4404296875 0.0140625 0.017578125
2 0.47890625000000003 0.4375 0.010937500000000001 0.015625
2 0.50546875 0.4384765625 0.0140625 0.017578125
2 0.49609375 0.43359375 0.0078125 0.01171875
2 0.4859375 0.43359375 0.00625 0.01171875
2 0.540625 0.4462890625 0.015625 0.025390625
2 0.5328125 0.4423828125 0.0125 0.021484375
2 0.42500000000000004 0.4462890625 0.018750000000000003 0.021484375
2 0.44062500000000004 0.44140625 0.0125 0.01953125
2 0.5242187500000001 0.439453125 0.0078125 0.015625
2 0.51953125 0.435546875 0.0078125 0.01171875
0 0.225 0.5517578125 0.05 0.173828125
