9 0.7562500000000001 0.37890625 0.05 0.06640625
9 0.37890625 0.453125 0.0203125 0.0234375
2 0.028125 0.478515625 0.05625 0.0390625
2 0.043750000000000004 0.4873046875 0.07187500000000001 0.029296875
2 0.23046875 0.4833984375 0.0390625 0.025390625
2 0.27109375 0.482421875 0.0421875 0.02734375
2 0.5046875000000001 0.4921875 0.018750000000000003 0.015625
2 0.46875 0.4853515625 0.0125 0.009765625
2 0.5546875 0.490234375 0.015625 0.015625
2 0.53515625 0.4951171875 0.0203125 0.017578125
2 0.5867187500000001 0.4892578125 0.010937500000000001 0.009765625
2 0.6046875 0.490234375 0.009375000000000001 0.0078125
