0 0.521875 0.376953125 0.00625 0.01953125
0 0.53125 0.37890625 0.00625 0.0234375
0 0.6203125 0.3876953125 0.025 0.048828125
1 0.44453125000000004 0.3857421875 0.010937500000000001 0.021484375
2 0.078125 0.453125 0.15625 0.36328125
2 0.1875 0.4111328125 0.09062500000000001 0.107421875
2 0.240625 0.38671875 0.096875 0.109375
2 0.321875 0.3916015625 0.06875 0.056640625
2 0.35859375000000004 0.388671875 0.029687500000000002 0.05078125
2 0.38203125000000004 0.3857421875 0.0390625 0.041015625
2 0.40468750000000003 0.384765625 0.015625 0.03515625
2 0.415625 0.3818359375 0.018750000000000003 0.029296875
2 0.42734375 0.380859375 0.0171875 0.02734375
2 0.43046875 0.3779296875 0.0203125 0.029296875
2 0.453125 0.3779296875 0.0125 0.025390625
2 0.46406250000000004 0.37890625 0.0125 0.01953125
2 0.4703125 0.3779296875 0.009375000000000001 0.017578125
2 0.48046875 0.3779296875 0.0078125 0.017578125
2 0.5015625 0.3828125 0.03125 0.03515625
2 0.5515625000000001 0.388671875 0.034375 0.04296875
2 0.58828125 0.3896484375 0.0421875 0.048828125
2 0.6640625 0.4462890625 0.11875000000000001 0.177734375
2 0.8226562500000001 0.5029296875 0.3515625 0.298828125
0 0.44453125000000004 0.3779296875 0.0078125 0.029296875
1 0.584375 0.4052734375 0.028125 0.041015625
