4 0.85546875 0.419921875 0.2859375 0.1484375
4 0.51484375 0.4453125 0.060937500000000006 0.078125
4 0.43281250000000004 0.453125 0.096875 0.0390625
0 0.5515625000000001 0.4619140625 0.0125 0.041015625
0 0.5593750000000001 0.45703125 0.009375000000000001 0.0390625
0 0.5710937500000001 0.4560546875 0.0078125 0.037109375
0 0.5789062500000001 0.4580078125 0.0078125 0.041015625
0 0.58515625 0.4560546875 0.0078125 0.041015625
0 0.58984375 0.4521484375 0.0078125 0.037109375
0 0.5984375000000001 0.4521484375 0.009375000000000001 0.041015625
0 0.60859375 0.4580078125 0.0140625 0.056640625
0 0.62109375 0.4609375 0.0171875 0.06640625
0 0.6421875 0.46484375 0.025 0.05859375
0 0.66953125 0.4365234375 0.0140625 0.037109375
0 0.8210937500000001 0.490234375 0.0671875 0.23828125
0 0.8812500000000001 0.4912109375 0.053125000000000006 0.228515625
2 0.45390625 0.4619140625 0.026562500000000003 0.021484375
2 0.47265625 0.4619140625 0.029687500000000002 0.025390625
2 0.8851562500000001 0.4248046875 0.0703125 0.064453125
2 0.9476562500000001 0.431640625 0.1015625 0.1015625
2 0.9554687500000001 0.4873046875 0.0859375 0.111328125
0 0.1328125 0.548828125 0.11875000000000001 0.30078125
12 0.17265625 0.69921875 0.0703125 0.04296875
