4 0.4921875 0.5322265625 0.018750000000000003 0.025390625
0 0.8656250000000001 0.546875 0.009375000000000001 0.0234375
0 0.84296875 0.546875 0.0203125 0.02734375
0 0.7390625000000001 0.5478515625 0.009375000000000001 0.017578125
0 0.728125 0.5439453125 0.009375000000000001 0.017578125
0 0.390625 0.5400390625 0.009375000000000001 0.025390625
2 0.6734375 0.5478515625 0.03125 0.017578125
2 0.5242187500000001 0.548828125 0.035937500000000004 0.01953125
2 0.521875 0.572265625 0.040625 0.046875
2 0.57734375 0.5810546875 0.08281250000000001 0.099609375
2 0.6976562500000001 0.6611328125 0.2234375 0.216796875
2 0.43593750000000003 0.6494140625 0.178125 0.181640625
2 0.48203125 0.5869140625 0.0671875 0.068359375
2 0.50546875 0.544921875 0.0203125 0.01953125
2 0.47109375000000003 0.5439453125 0.0390625 0.017578125
