9 0.7468750000000001 0.5439453125 0.053125000000000006 0.056640625
9 0.7453125 0.60546875 0.05 0.0546875
0 0.06406250000000001 0.541015625 0.10312500000000001 0.359375
0 0.014843750000000001 0.5576171875 0.029687500000000002 0.345703125
0 0.31484375000000003 0.462890625 0.0171875 0.05078125
0 0.3328125 0.4677734375 0.015625 0.060546875
0 0.35390625000000003 0.466796875 0.0078125 0.03515625
2 0.44296875 0.5107421875 0.1296875 0.126953125
2 0.37812500000000004 0.4794921875 0.037500000000000006 0.041015625
2 0.21171875 0.4990234375 0.2109375 0.185546875
9 0.6023437500000001 0.4091796875 0.035937500000000004 0.044921875
9 0.6023437500000001 0.4482421875 0.0234375 0.037109375
