7 0.8125 0.328125 0.015625 0.0625
9 0.7992187500000001 0.3974609375 0.0328125 0.060546875
9 0.69140625 0.40234375 0.0140625 0.0234375
9 0.690625 0.375 0.018750000000000003 0.03125
9 0.540625 0.439453125 0.00625 0.0078125
0 0.27265625 0.4541015625 0.0078125 0.013671875
0 0.28359375000000003 0.4541015625 0.0078125 0.009765625
0 0.3140625 0.462890625 0.009375000000000001 0.0234375
0 0.30625 0.4638671875 0.00625 0.017578125
0 0.58203125 0.4765625 0.010937500000000001 0.04296875
0 0.5906250000000001 0.4775390625 0.009375000000000001 0.041015625
0 0.85546875 0.5029296875 0.029687500000000002 0.134765625
0 0.9140625 0.5068359375 0.040625 0.154296875
0 0.96484375 0.505859375 0.029687500000000002 0.12890625
0 0.9851562500000001 0.50390625 0.026562500000000003 0.15234375
2 0.42265625 0.4638671875 0.0078125 0.009765625
2 0.415625 0.46484375 0.00625 0.01171875
2 0.39296875000000003 0.4658203125 0.0140625 0.021484375
2 0.37343750000000003 0.4658203125 0.025 0.025390625
2 0.34921875 0.474609375 0.0234375 0.03125
2 0.33046875000000003 0.4775390625 0.0421875 0.037109375
2 0.278125 0.482421875 0.0625 0.05078125
2 0.44843750000000004 0.474609375 0.05 0.05078125
2 0.5328125 0.4833984375 0.043750000000000004 0.041015625
8 0.7664062500000001 0.52734375 0.0171875 0.0625
