1 0.18515625000000002 0.4755859375 0.035937500000000004 0.064453125
1 0.7914062500000001 0.54296875 0.0546875 0.10546875
1 0.753125 0.5244140625 0.05 0.091796875
1 0.7406250000000001 0.5126953125 0.05 0.072265625
1 0.6414062500000001 0.5 0.026562500000000003 0.05078125
1 0.60703125 0.4873046875 0.029687500000000002 0.056640625
1 0.5609375 0.482421875 0.025 0.05078125
1 0.5015625 0.46875 0.015625 0.03125
1 0.5359375000000001 0.478515625 0.018750000000000003 0.04296875
1 0.52109375 0.47265625 0.0171875 0.03515625
1 0.9453125 0.5732421875 0.07187500000000001 0.154296875
2 0.27109375 0.4658203125 0.0859375 0.091796875
2 0.33125000000000004 0.4521484375 0.046875 0.056640625
2 0.36171875000000003 0.4501953125 0.0234375 0.033203125
2 0.36953125000000003 0.447265625 0.0234375 0.03125
2 0.6046875 0.47265625 0.0625 0.06640625
2 0.571875 0.462890625 0.053125000000000006 0.0625
2 0.53046875 0.455078125 0.0421875 0.046875
2 0.50234375 0.453125 0.026562500000000003 0.04296875
0 0.9453125 0.51953125 0.07187500000000001 0.19921875
0 0.7937500000000001 0.4931640625 0.05625 0.130859375
0 0.7515625 0.4853515625 0.043750000000000004 0.126953125
0 0.7328125000000001 0.4775390625 0.03125 0.111328125
0 0.640625 0.4697265625 0.025 0.083984375
0 0.609375 0.4560546875 0.025 0.080078125
0 0.56171875 0.4619140625 0.0234375 0.060546875
0 0.53671875 0.4580078125 0.0171875 0.056640625
0 0.52109375 0.455078125 0.0171875 0.046875
0 0.5015625 0.4521484375 0.015625 0.041015625
