9 0.36953125000000003 0.46875 0.010937500000000001 0.0078125
9 0.36875 0.4814453125 0.015625 0.017578125
9 0.36796875 0.494140625 0.0171875 0.0078125
9 0.38906250000000003 0.50390625 0.015625 0.02734375
9 0.19296875000000002 0.4130859375 0.0328125 0.041015625
9 0.1921875 0.447265625 0.037500000000000006 0.015625
9 0.1921875 0.470703125 0.037500000000000006 0.01953125
9 0.6875 0.515625 0.0125 0.0234375
9 0.9554687500000001 0.7138671875 0.07968750000000001 0.099609375
0 0.63828125 0.5576171875 0.0171875 0.048828125
0 0.49921875000000004 0.552734375 0.0078125 0.01953125
1 0.6328125 0.6318359375 0.08750000000000001 0.107421875
2 0.59296875 0.5849609375 0.07968750000000001 0.064453125
2 0.55078125 0.5693359375 0.029687500000000002 0.048828125
2 0.5265625 0.552734375 0.018750000000000003 0.0234375
