9 0.6890625 0.501953125 0.028125 0.05859375
0 0.5015625 0.46875 0.009375000000000001 0.04296875
0 0.5109375 0.4697265625 0.0125 0.041015625
2 0.1265625 0.505859375 0.253125 0.2265625
2 0.26171875 0.474609375 0.0484375 0.0859375
2 0.296875 0.47265625 0.06875 0.08203125
2 0.36250000000000004 0.46875 0.09375 0.07421875
2 0.93359375 0.4794921875 0.1296875 0.099609375
2 0.86484375 0.458984375 0.0921875 0.03515625
2 0.72578125 0.4873046875 0.31093750000000003 0.150390625
2 0.565625 0.482421875 0.078125 0.125
15 0.43125 0.4580078125 0.11875000000000001 0.072265625
