7 0.27578125000000003 0.3603515625 0.010937500000000001 0.037109375
7 0.275 0.40625 0.009375000000000001 0.015625
7 0.51015625 0.244140625 0.0140625 0.04296875
7 0.6570312500000001 0.3427734375 0.0140625 0.041015625
7 0.6578125 0.392578125 0.0125 0.01953125
7 0.86328125 0.18359375 0.029687500000000002 0.1015625
7 0.83125 0.2001953125 0.028125 0.123046875
0 0.24921875000000002 0.46484375 0.0171875 0.06640625
0 0.26640625 0.466796875 0.0171875 0.05859375
0 0.40234375 0.48046875 0.045312500000000006 0.13671875
0 0.55703125 0.4560546875 0.0078125 0.025390625
0 0.91796875 0.4697265625 0.0328125 0.107421875
0 0.87265625 0.44921875 0.0234375 0.0703125
0 0.584375 0.4443359375 0.009375000000000001 0.033203125
1 0.52734375 0.482421875 0.0234375 0.0390625
1 0.4890625 0.48046875 0.0125 0.03125
1 0.828125 0.5048828125 0.043750000000000004 0.048828125
2 0.353125 0.4697265625 0.05625 0.056640625
2 0.43203125000000003 0.4736328125 0.0484375 0.052734375
2 0.44921875 0.46484375 0.045312500000000006 0.05859375
2 0.47890625000000003 0.455078125 0.0171875 0.03515625
2 0.6953125 0.5234375 0.22812500000000002 0.19140625
0 0.4921875 0.4619140625 0.015625 0.056640625
0 0.525 0.4638671875 0.021875000000000002 0.056640625
0 0.509375 0.462890625 0.018750000000000003 0.0859375
0 0.821875 0.4892578125 0.03125 0.072265625
15 0.509375 0.509765625 0.025 0.01171875
7 0.9148437500000001 0.3115234375 0.0203125 0.048828125
7 0.95625 0.3125 0.0125 0.05078125
7 0.8515625 0.3173828125 0.021875000000000002 0.033203125
0 0.9453125 0.4462890625 0.021875000000000002 0.060546875
