7 0.68125 0.3212890625 0.021875000000000002 0.064453125
7 0.6781250000000001 0.3837890625 0.018750000000000003 0.025390625
7 0.36171875000000003 0.3896484375 0.0078125 0.021484375
7 0.45 0.396484375 0.00625 0.01953125
7 0.47265625 0.423828125 0.004687500000000001 0.01171875
7 0.43125 0.416015625 0.003125 0.01171875
7 0.40390625 0.416015625 0.004687500000000001 0.01171875
7 0.29296875 0.42578125 0.0078125 0.0234375
9 0.20390625 0.4111328125 0.0171875 0.025390625
0 0.8328125000000001 0.4794921875 0.034375 0.126953125
0 0.8671875 0.4794921875 0.025 0.123046875
0 0.7406250000000001 0.4697265625 0.028125 0.099609375
0 0.015625 0.48046875 0.025 0.078125
1 0.6429687500000001 0.4873046875 0.0234375 0.048828125
2 0.15546875000000002 0.484375 0.13593750000000002 0.109375
2 0.35781250000000003 0.4716796875 0.034375 0.037109375
2 0.40625 0.4716796875 0.018750000000000003 0.017578125
2 0.47500000000000003 0.4765625 0.053125000000000006 0.046875
2 0.43984375000000003 0.4736328125 0.0234375 0.025390625
0 0.64453125 0.4658203125 0.0234375 0.064453125
