9 0.51328125 0.4267578125 0.004687500000000001 0.005859375
9 0.628125 0.4091796875 0.015625 0.017578125
9 0.62890625 0.3818359375 0.0328125 0.037109375
9 0.2 0.4130859375 0.0125 0.017578125
9 0.2015625 0.3818359375 0.034375 0.044921875
9 0.8679687500000001 0.373046875 0.010937500000000001 0.04296875
0 0.5906250000000001 0.4677734375 0.009375000000000001 0.029296875
0 0.58203125 0.4658203125 0.010937500000000001 0.029296875
0 0.571875 0.466796875 0.009375000000000001 0.03125
2 0.18203125 0.484375 0.0921875 0.078125
2 0.24921875000000002 0.4755859375 0.0578125 0.056640625
2 0.28203125 0.4736328125 0.0328125 0.052734375
2 0.3375 0.46484375 0.05 0.046875
2 0.3671875 0.4638671875 0.028125 0.037109375
2 0.38203125000000004 0.46484375 0.0140625 0.02734375
2 0.3875 0.458984375 0.021875000000000002 0.02734375
2 0.40078125000000003 0.4599609375 0.0171875 0.021484375
2 0.45 0.4541015625 0.015625 0.013671875
2 0.43281250000000004 0.44921875 0.018750000000000003 0.01953125
2 0.44140625 0.443359375 0.010937500000000001 0.01171875
2 0.45546875000000003 0.435546875 0.0140625 0.01171875
2 0.47109375000000003 0.4365234375 0.0140625 0.013671875
2 0.4703125 0.458984375 0.025 0.02734375
2 0.4890625 0.4599609375 0.028125 0.025390625
2 0.50234375 0.4501953125 0.0171875 0.017578125
2 0.51015625 0.4384765625 0.0140625 0.013671875
2 0.534375 0.4189453125 0.009375000000000001 0.013671875
2 0.52578125 0.4296875 0.010937500000000001 0.015625
2 0.51015625 0.39453125 0.010937500000000001 0.01171875
2 0.51875 0.3876953125 0.009375000000000001 0.009765625
2 0.521875 0.3837890625 0.009375000000000001 0.009765625
2 0.940625 0.458984375 0.10312500000000001 0.05859375
2 0.6648437500000001 0.455078125 0.0421875 0.0234375
2 0.70078125 0.453125 0.07968750000000001 0.02734375
2 0.7250000000000001 0.455078125 0.05625 0.0234375
2 0.7796875000000001 0.466796875 0.12187500000000001 0.05078125
2 0.60703125 0.4541015625 0.0421875 0.025390625
