0 0.70703125 0.4775390625 0.0234375 0.072265625
0 0.73203125 0.4755859375 0.0234375 0.068359375
0 0.31015625 0.4609375 0.0140625 0.046875
0 0.34140625 0.4482421875 0.010937500000000001 0.033203125
0 0.36015625 0.4404296875 0.0078125 0.029296875
0 0.35078125000000004 0.4404296875 0.0078125 0.025390625
0 0.32734375000000004 0.4541015625 0.0078125 0.037109375
0 0.596875 0.4453125 0.00625 0.02734375
0 0.58828125 0.443359375 0.0078125 0.0234375
1 0.5281250000000001 0.478515625 0.015625 0.0390625
1 0.5609375 0.4931640625 0.015625 0.041015625
2 0.20234375000000002 0.57421875 0.19843750000000002 0.171875
2 0.40859375000000003 0.4599609375 0.0421875 0.041015625
2 0.45 0.4423828125 0.021875000000000002 0.021484375
2 0.47109375000000003 0.4443359375 0.029687500000000002 0.025390625
2 0.571875 0.4580078125 0.03125 0.037109375
2 0.54140625 0.451171875 0.0203125 0.02734375
2 0.51484375 0.4501953125 0.0140625 0.013671875
2 0.8382812500000001 0.564453125 0.3203125 0.14453125
2 0.9609375 0.501953125 0.07500000000000001 0.0703125
2 0.9437500000000001 0.4921875 0.109375 0.07421875
2 0.90234375 0.4775390625 0.1078125 0.068359375
2 0.884375 0.46875 0.1 0.05078125
2 0.8546875 0.466796875 0.08125 0.046875
2 0.8265625000000001 0.4658203125 0.03125 0.048828125
2 0.65546875 0.44921875 0.0546875 0.03125
0 0.5281250000000001 0.4609375 0.015625 0.05078125
0 0.5609375 0.4697265625 0.015625 0.052734375
