7 0.27578125000000003 0.193359375 0.026562500000000003 0.06640625
7 0.48671875000000003 0.296875 0.010937500000000001 0.0390625
7 0.565625 0.3095703125 0.0125 0.037109375
7 0.6671875 0.3984375 0.00625 0.02734375
7 0.6843750000000001 0.3974609375 0.009375000000000001 0.033203125
7 0.784375 0.3603515625 0.009375000000000001 0.056640625
7 0.80078125 0.36328125 0.0140625 0.05078125
7 0.25234375000000003 0.42578125 0.0078125 0.01171875
7 0.796875 0.4140625 0.0125 0.01953125
9 0.05390625 0.25390625 0.0703125 0.02734375
9 0.13359375 0.38671875 0.0140625 0.0390625
9 0.26796875000000003 0.390625 0.010937500000000001 0.03515625
9 0.509375 0.296875 0.015625 0.0234375
9 0.609375 0.349609375 0.040625 0.01171875
2 0.49296875 0.46875 0.0234375 0.01953125
2 0.5164062500000001 0.46875 0.0203125 0.015625
