4 0.82578125 0.4072265625 0.2515625 0.076171875
4 0.5164062500000001 0.44921875 0.06406250000000001 0.0859375
4 0.4265625 0.455078125 0.09062500000000001 0.0390625
0 0.12812500000000002 0.490234375 0.015625 0.02734375
0 0.6898437500000001 0.48046875 0.0484375 0.171875
0 0.734375 0.48046875 0.040625 0.16796875
0 0.7210937500000001 0.4736328125 0.026562500000000003 0.138671875
0 0.759375 0.4873046875 0.043750000000000004 0.169921875
0 0.7781250000000001 0.48046875 0.0625 0.18359375
0 0.6648437500000001 0.4462890625 0.0140625 0.052734375
0 0.63984375 0.4609375 0.0203125 0.0625
0 0.62109375 0.4619140625 0.0171875 0.064453125
0 0.609375 0.46484375 0.018750000000000003 0.0625
0 0.5789062500000001 0.46484375 0.0234375 0.05078125
0 0.5578125 0.4580078125 0.0125 0.041015625
0 0.54921875 0.4609375 0.010937500000000001 0.0390625
0 0.59375 0.4619140625 0.0125 0.044921875
0 0.371875 0.4658203125 0.00625 0.021484375
0 0.37578125 0.4658203125 0.004687500000000001 0.021484375
0 0.290625 0.4873046875 0.018750000000000003 0.044921875
0 0.27890625 0.4853515625 0.0140625 0.044921875
0 0.30546875 0.482421875 0.0203125 0.04296875
2 0.9515625000000001 0.4912109375 0.09375 0.115234375
2 0.909375 0.447265625 0.178125 0.140625
2 0.8640625000000001 0.443359375 0.134375 0.10546875
2 0.47265625 0.462890625 0.026562500000000003 0.0234375
2 0.45390625 0.4638671875 0.0234375 0.021484375
2 0.6453125000000001 0.4501953125 0.025 0.025390625
8 0.34140625 0.4775390625 0.004687500000000001 0.017578125
0 0.11171875 0.4970703125 0.0203125 0.044921875
