4 0.7640625000000001 0.4677734375 0.06875 0.119140625
4 0.72421875 0.4755859375 0.0171875 0.095703125
7 0.54296875 0.47265625 0.0078125 0.015625
7 0.58515625 0.482421875 0.004687500000000001 0.01171875
7 0.5945312500000001 0.490234375 0.004687500000000001 0.0078125
0 0.06640625 0.5751953125 0.0203125 0.056640625
0 0.09140625000000001 0.5703125 0.0171875 0.05078125
0 0.11953125 0.56640625 0.0171875 0.05078125
0 0.17109375000000002 0.5595703125 0.010937500000000001 0.041015625
0 0.15859375 0.5615234375 0.010937500000000001 0.041015625
0 0.04609375 0.5732421875 0.010937500000000001 0.033203125
0 0.03515625 0.576171875 0.010937500000000001 0.03515625
0 0.026562500000000003 0.57421875 0.009375000000000001 0.03515625
2 0.3140625 0.607421875 0.234375 0.2109375
2 0.78671875 0.5029296875 0.0578125 0.052734375
2 0.49531250000000004 0.5322265625 0.037500000000000006 0.017578125
2 0.44765625000000003 0.537109375 0.0171875 0.015625
2 0.42734375 0.5390625 0.0140625 0.01953125
2 0.634375 0.51171875 0.040625 0.05078125
2 0.66171875 0.5146484375 0.0140625 0.021484375
2 0.60703125 0.5166015625 0.0234375 0.029296875
2 0.703125 0.51171875 0.037500000000000006 0.02734375
2 0.5320312500000001 0.515625 0.0171875 0.015625
