7 0.9773437500000001 0.4921875 0.0234375 0.08984375
7 0.55390625 0.509765625 0.0078125 0.0078125
9 0.2578125 0.509765625 0.021875000000000002 0.0390625
9 0.32109375 0.4853515625 0.029687500000000002 0.025390625
0 0.7117187500000001 0.556640625 0.0140625 0.05078125
0 0.69453125 0.5576171875 0.010937500000000001 0.044921875
0 0.58203125 0.541015625 0.004687500000000001 0.01953125
0 0.5578125 0.5380859375 0.00625 0.017578125
0 0.49375 0.541015625 0.00625 0.015625
0 0.50390625 0.5400390625 0.004687500000000001 0.013671875
0 0.5078125 0.5400390625 0.003125 0.013671875
0 0.4421875 0.53515625 0.00625 0.015625
1 0.8304687500000001 0.5966796875 0.035937500000000004 0.056640625
3 0.10312500000000001 0.6416015625 0.18125000000000002 0.130859375
3 0.20546875 0.6171875 0.1265625 0.0859375
2 0.5242187500000001 0.537109375 0.0078125 0.0078125
2 0.46796875000000004 0.5439453125 0.0140625 0.017578125
2 0.48281250000000003 0.54296875 0.015625 0.015625
2 0.45546875000000003 0.5849609375 0.060937500000000006 0.064453125
2 0.44296875 0.5556640625 0.0390625 0.029296875
2 0.37343750000000003 0.5693359375 0.043750000000000004 0.037109375
2 0.39609375 0.5595703125 0.026562500000000003 0.041015625
2 0.4140625 0.5546875 0.015625 0.02734375
2 0.07578125000000001 0.5732421875 0.0890625 0.060546875
2 0.47500000000000003 0.5322265625 0.015625 0.009765625
2 0.4625 0.5341796875 0.015625 0.013671875
2 0.3640625 0.541015625 0.018750000000000003 0.0234375
2 0.38125000000000003 0.533203125 0.018750000000000003 0.0234375
2 0.40625 0.533203125 0.018750000000000003 0.01953125
