7 0.1046875 0.4560546875 0.018750000000000003 0.052734375
7 0.08125 0.455078125 0.018750000000000003 0.05078125
7 0.1546875 0.478515625 0.0125 0.0390625
7 0.2234375 0.5009765625 0.00625 0.021484375
9 0.9578125000000001 0.4189453125 0.07500000000000001 0.056640625
9 0.95703125 0.3798828125 0.0390625 0.021484375
9 0.49062500000000003 0.4873046875 0.040625 0.021484375
9 0.46640625 0.5078125 0.0234375 0.01953125
0 0.5734375 0.5478515625 0.00625 0.021484375
0 0.565625 0.5478515625 0.00625 0.021484375
0 0.55078125 0.546875 0.0078125 0.02734375
0 0.51875 0.5478515625 0.009375000000000001 0.025390625
0 0.41718750000000004 0.5673828125 0.018750000000000003 0.076171875
0 0.40078125000000003 0.578125 0.0171875 0.06640625
0 0.13359375 0.5625 0.0140625 0.04296875
0 0.15390625000000002 0.5625 0.010937500000000001 0.0390625
0 0.18984375 0.548828125 0.0078125 0.015625
2 0.90625 0.5419921875 0.025 0.021484375
2 0.8625 0.5390625 0.0625 0.046875
2 0.8445312500000001 0.55078125 0.0234375 0.03125
2 0.8093750000000001 0.544921875 0.059375000000000004 0.04296875
2 0.80234375 0.5556640625 0.029687500000000002 0.029296875
2 0.7601562500000001 0.556640625 0.0859375 0.05078125
2 0.69921875 0.5654296875 0.1265625 0.060546875
2 0.2984375 0.5537109375 0.084375 0.068359375
2 0.0671875 0.580078125 0.09375 0.05859375
2 0.43593750000000003 0.55859375 0.028125 0.03125
2 0.19921875 0.564453125 0.0328125 0.02734375
2 0.17343750000000002 0.560546875 0.018750000000000003 0.02734375
