9 0.08828125 0.3681640625 0.0421875 0.029296875
9 0.06875 0.3955078125 0.1125 0.033203125
9 0.06953125 0.435546875 0.11093750000000001 0.05078125
9 0.178125 0.41796875 0.040625 0.05078125
9 0.18203125 0.4482421875 0.0234375 0.017578125
9 0.5007812500000001 0.4599609375 0.0203125 0.021484375
9 0.9234375 0.349609375 0.03125 0.01953125
9 0.925 0.3701171875 0.03125 0.017578125
9 0.92734375 0.3896484375 0.026562500000000003 0.017578125
9 0.05234375 0.5234375 0.0328125 0.05859375
6 0.8148437500000001 0.439453125 0.051562500000000004 0.05859375
2 0.5 0.623046875 0.259375 0.26953125
2 0.8625 0.4580078125 0.028125 0.033203125
2 0.8523437500000001 0.4716796875 0.035937500000000004 0.044921875
2 0.8187500000000001 0.478515625 0.053125000000000006 0.05859375
2 0.66328125 0.4794921875 0.029687500000000002 0.025390625
