0 0.2171875 0.3896484375 0.015625 0.048828125
0 0.59140625 0.4501953125 0.0078125 0.021484375
0 0.603125 0.451171875 0.00625 0.0234375
0 0.6570312500000001 0.453125 0.0078125 0.04296875
0 0.6734375 0.4541015625 0.009375000000000001 0.048828125
2 0.07500000000000001 0.4658203125 0.15000000000000002 0.111328125
2 0.02890625 0.4814453125 0.0578125 0.115234375
2 0.23125 0.4501953125 0.084375 0.080078125
2 0.46718750000000003 0.4482421875 0.015625 0.021484375
8 0.44921875 0.4560546875 0.004687500000000001 0.017578125
