7 0.8296875 0.306640625 0.018750000000000003 0.05078125
7 0.8382812500000001 0.3662109375 0.0140625 0.021484375
7 0.017968750000000002 0.333984375 0.0140625 0.05859375
7 0.05 0.384765625 0.018750000000000003 0.01953125
9 0.8859375 0.349609375 0.034375 0.01171875
9 0.83515625 0.3427734375 0.0203125 0.017578125
0 0.2984375 0.4560546875 0.009375000000000001 0.037109375
0 0.31093750000000003 0.4560546875 0.009375000000000001 0.033203125
0 0.31953125000000004 0.455078125 0.0078125 0.02734375
0 0.50546875 0.462890625 0.035937500000000004 0.09375
0 0.6898437500000001 0.5439453125 0.1015625 0.466796875
0 0.5554687500000001 0.5400390625 0.22031250000000002 0.431640625
0 0.58828125 0.54296875 0.2421875 0.52734375
2 0.9281250000000001 0.4765625 0.140625 0.109375
2 0.46171875 0.4521484375 0.010937500000000001 0.013671875
2 0.47578125000000004 0.453125 0.0140625 0.015625
2 0.42890625000000004 0.4482421875 0.0546875 0.056640625
2 0.21796875000000002 0.462890625 0.0703125 0.05859375
