9 0.55625 0.3935546875 0.009375000000000001 0.025390625
9 0.7171875000000001 0.373046875 0.009375000000000001 0.03515625
9 0.971875 0.3427734375 0.018750000000000003 0.044921875
9 0.15078125 0.41796875 0.004687500000000001 0.015625
0 0.20234375000000002 0.498046875 0.07968750000000001 0.2109375
0 0.20703125 0.5048828125 0.0390625 0.173828125
0 0.9390625 0.427734375 0.034375 0.05859375
0 0.026562500000000003 0.4736328125 0.025 0.068359375
0 0.078125 0.474609375 0.0125 0.06640625
2 0.83984375 0.5205078125 0.3171875 0.193359375
2 0.58359375 0.4921875 0.22968750000000002 0.16015625
2 0.453125 0.498046875 0.07187500000000001 0.109375
15 0.34218750000000003 0.4638671875 0.203125 0.138671875
2 0.15625 0.4775390625 0.040625 0.064453125
2 0.11171875 0.474609375 0.06406250000000001 0.0546875
2 0.045312500000000006 0.474609375 0.059375000000000004 0.04296875
2 0.0078125 0.47265625 0.015625 0.0390625
2 0.12734375 0.478515625 0.0421875 0.0546875
2 0.23671875 0.4814453125 0.0390625 0.080078125
