6 0.7664062500000001 0.40625 0.3609375 0.40625
2 0.08515625 0.513671875 0.1703125 0.1328125
2 0.2015625 0.486328125 0.1 0.1015625
2 0.35000000000000003 0.48828125 0.028125 0.02734375
2 0.30859375 0.484375 0.051562500000000004 0.046875
2 0.42812500000000003 0.4912109375 0.009375000000000001 0.009765625
2 0.45 0.4775390625 0.00625 0.005859375
2 0.50546875 0.486328125 0.0203125 0.03125
2 0.49140625000000004 0.490234375 0.010937500000000001 0.0234375
2 0.51875 0.482421875 0.015625 0.0390625
2 0.546875 0.4775390625 0.046875 0.064453125
2 0.57734375 0.478515625 0.0421875 0.10546875
