4 0.51171875 0.451171875 0.0921875 0.1171875
7 0.890625 0.1240234375 0.037500000000000006 0.052734375
9 0.884375 0.244140625 0.07500000000000001 0.125
9 0.7992187500000001 0.2783203125 0.0140625 0.056640625
9 0.7039062500000001 0.333984375 0.0078125 0.04296875
9 0.6218750000000001 0.3857421875 0.040625 0.013671875
9 0.5984375000000001 0.3662109375 0.018750000000000003 0.033203125
9 0.7835937500000001 0.416015625 0.010937500000000001 0.0234375
9 0.7820312500000001 0.3935546875 0.0171875 0.025390625
9 0.9921875 0.34375 0.0125 0.03515625
9 0.25546875 0.43359375 0.0078125 0.015625
0 0.56171875 0.4736328125 0.0140625 0.041015625
0 0.6375000000000001 0.4716796875 0.018750000000000003 0.068359375
0 0.6703125000000001 0.4736328125 0.018750000000000003 0.060546875
0 0.68125 0.46875 0.0125 0.05078125
0 0.6953125 0.4658203125 0.018750000000000003 0.056640625
0 0.72578125 0.470703125 0.0171875 0.0625
0 0.8835937500000001 0.4794921875 0.035937500000000004 0.111328125
0 0.9085937500000001 0.4833984375 0.0328125 0.123046875
0 0.09375 0.4931640625 0.018750000000000003 0.068359375
0 0.1015625 0.484375 0.015625 0.0546875
2 0.36171875000000003 0.47265625 0.0234375 0.03125
2 0.3375 0.4775390625 0.03125 0.037109375
2 0.30000000000000004 0.482421875 0.059375000000000004 0.05859375
2 0.43984375000000003 0.47265625 0.0140625 0.03515625
2 0.40625 0.4775390625 0.07187500000000001 0.080078125
