7 0.32656250000000003 0.4072265625 0.00625 0.017578125
7 0.36250000000000004 0.357421875 0.00625 0.01953125
7 0.36796875 0.36328125 0.004687500000000001 0.015625
7 0.37421875000000004 0.41015625 0.004687500000000001 0.015625
7 0.42500000000000004 0.4111328125 0.00625 0.017578125
7 0.6468750000000001 0.3740234375 0.00625 0.017578125
7 0.696875 0.4052734375 0.009375000000000001 0.029296875
7 0.47734375 0.3564453125 0.0078125 0.029296875
7 0.43359375 0.3994140625 0.0078125 0.021484375
7 0.434375 0.4208984375 0.00625 0.009765625
7 0.696875 0.4384765625 0.00625 0.009765625
9 0.52109375 0.4248046875 0.004687500000000001 0.009765625
9 0.7703125000000001 0.375 0.018750000000000003 0.01953125
9 0.77109375 0.390625 0.0234375 0.01171875
9 0.89609375 0.3994140625 0.0171875 0.029296875
