4 0.46640625 0.4599609375 0.026562500000000003 0.037109375
7 0.80234375 0.2890625 0.0234375 0.08984375
7 0.94140625 0.3310546875 0.0171875 0.060546875
7 0.7453125 0.24609375 0.0125 0.04296875
7 0.65390625 0.4072265625 0.0078125 0.029296875
7 0.65625 0.443359375 0.00625 0.01171875
7 0.56171875 0.41015625 0.010937500000000001 0.03125
7 0.05390625 0.251953125 0.0140625 0.0390625
7 0.10234375000000001 0.294921875 0.010937500000000001 0.03515625
7 0.78046875 0.2890625 0.0140625 0.0859375
9 0.8851562500000001 0.2744140625 0.045312500000000006 0.044921875
9 0.8015625000000001 0.38671875 0.028125 0.03515625
9 0.78515625 0.4736328125 0.0078125 0.033203125
9 0.49609375 0.4443359375 0.0078125 0.013671875
9 0.10625000000000001 0.3505859375 0.018750000000000003 0.017578125
9 0.1390625 0.345703125 0.018750000000000003 0.0390625
2 0.478125 0.48046875 0.028125 0.03125
2 0.43359375 0.4951171875 0.09843750000000001 0.052734375
2 0.35859375000000004 0.48046875 0.0421875 0.04296875
