7 0.7390625000000001 0.37890625 0.0125 0.015625
7 0.7296875 0.326171875 0.0125 0.03515625
7 0.6898437500000001 0.28125 0.045312500000000006 0.046875
7 0.5578125 0.390625 0.009375000000000001 0.01171875
7 0.56171875 0.3486328125 0.010937500000000001 0.041015625
7 0.08984375 0.3671875 0.0140625 0.04296875
7 0.11406250000000001 0.4072265625 0.0125 0.017578125
9 0.7359375 0.3603515625 0.0125 0.013671875
9 0.7757812500000001 0.3671875 0.026562500000000003 0.0078125
9 0.70078125 0.2373046875 0.029687500000000002 0.041015625
9 0.68515625 0.171875 0.0390625 0.08203125
9 0.52578125 0.3876953125 0.0078125 0.009765625
0 0.040625 0.5087890625 0.0625 0.201171875
0 0.13125 0.5029296875 0.040625 0.173828125
0 0.16562500000000002 0.505859375 0.05 0.1875
0 0.22421875000000002 0.5029296875 0.0671875 0.185546875
0 0.6171875 0.4775390625 0.053125000000000006 0.173828125
0 0.6765625000000001 0.4736328125 0.034375 0.150390625
0 0.73359375 0.47265625 0.045312500000000006 0.14453125
0 0.7921875 0.44140625 0.009375000000000001 0.0390625
2 0.24531250000000002 0.466796875 0.059375000000000004 0.046875
2 0.4390625 0.4541015625 0.015625 0.009765625
2 0.46015625000000004 0.455078125 0.010937500000000001 0.0078125
2 0.52265625 0.4677734375 0.15156250000000002 0.072265625
