7 0.48828125 0.37890625 0.004687500000000001 0.01171875
7 0.4578125 0.3759765625 0.00625 0.013671875
7 0.41171875 0.3662109375 0.0078125 0.017578125
7 0.5421875 0.4013671875 0.003125 0.009765625
7 0.54296875 0.4111328125 0.004687500000000001 0.005859375
9 0.07890625000000001 0.5556640625 0.0234375 0.013671875
9 0.1859375 0.46875 0.028125 0.03125
9 0.6937500000000001 0.3671875 0.034375 0.046875
9 0.6609375000000001 0.4033203125 0.018750000000000003 0.025390625
9 0.36953125000000003 0.3681640625 0.010937500000000001 0.013671875
2 0.3484375 0.4443359375 0.018750000000000003 0.017578125
2 0.4453125 0.404296875 0.00625 0.0078125
2 0.4375 0.4033203125 0.009375000000000001 0.009765625
2 0.45 0.4033203125 0.009375000000000001 0.009765625
2 0.48359375000000004 0.4169921875 0.0078125 0.009765625
8 0.6687500000000001 0.4794921875 0.0125 0.017578125
9 0.27187500000000003 0.455078125 0.018750000000000003 0.0234375
