1 0.6976562500000001 0.5439453125 0.07968750000000001 0.150390625
1 0.5476562500000001 0.5361328125 0.045312500000000006 0.119140625
1 0.45546875000000003 0.4716796875 0.029687500000000002 0.056640625
1 0.42734375 0.4755859375 0.029687500000000002 0.080078125
1 0.38593750000000004 0.462890625 0.0125 0.046875
1 0.34687500000000004 0.4541015625 0.015625 0.052734375
1 0.33046875000000003 0.4580078125 0.010937500000000001 0.025390625
2 0.1078125 0.4267578125 0.09375 0.091796875
2 0.15625 0.4228515625 0.053125000000000006 0.087890625
0 0.6984375 0.46875 0.084375 0.2109375
0 0.5750000000000001 0.4716796875 0.034375 0.162109375
0 0.546875 0.4814453125 0.0625 0.181640625
0 0.45546875000000003 0.4345703125 0.0234375 0.087890625
0 0.43515625 0.435546875 0.045312500000000006 0.12890625
0 0.38515625000000003 0.4345703125 0.026562500000000003 0.076171875
0 0.3484375 0.42578125 0.025 0.09375
0 0.3328125 0.4404296875 0.018750000000000003 0.044921875
