7 0.034375 0.36328125 0.015625 0.05859375
7 0.037500000000000006 0.4248046875 0.018750000000000003 0.021484375
7 0.7046875 0.37109375 0.015625 0.0625
7 0.696875 0.4345703125 0.021875000000000002 0.025390625
7 0.38671875 0.4501953125 0.004687500000000001 0.017578125
7 0.5859375 0.4541015625 0.003125 0.013671875
9 0.035937500000000004 0.4033203125 0.040625 0.021484375
9 0.70703125 0.4111328125 0.0421875 0.021484375
0 0.09140625000000001 0.4873046875 0.0078125 0.064453125
0 0.284375 0.5234375 0.034375 0.12109375
0 0.296875 0.5244140625 0.040625 0.119140625
0 0.33671875 0.482421875 0.0078125 0.01953125
0 0.35234375 0.4814453125 0.004687500000000001 0.009765625
0 0.37109375 0.482421875 0.0078125 0.015625
0 0.38984375000000004 0.478515625 0.0078125 0.01953125
0 0.3953125 0.486328125 0.00625 0.01953125
0 0.41328125000000004 0.48828125 0.004687500000000001 0.01953125
0 0.41796875 0.4873046875 0.0078125 0.021484375
0 0.4234375 0.484375 0.003125 0.015625
0 0.6359375 0.4921875 0.0125 0.0234375
0 0.64765625 0.4912109375 0.0078125 0.017578125
0 0.6531250000000001 0.490234375 0.003125 0.015625
0 0.6664062500000001 0.4892578125 0.0078125 0.021484375
0 0.6734375 0.486328125 0.00625 0.0234375
0 0.7054687500000001 0.4873046875 0.0078125 0.021484375
0 0.9328125 0.51171875 0.021875000000000002 0.09375
0 0.940625 0.5166015625 0.025 0.080078125
1 0.15390625000000002 0.5126953125 0.026562500000000003 0.044921875
2 0.49609375 0.4892578125 0.026562500000000003 0.017578125
2 0.5242187500000001 0.4970703125 0.0171875 0.021484375
2 0.5078125 0.4990234375 0.018750000000000003 0.025390625
2 0.5578125 0.5009765625 0.028125 0.025390625
