9 0.45937500000000003 0.4228515625 0.015625 0.021484375
0 0.56484375 0.466796875 0.0328125 0.0703125
3 0.31796875 0.5634765625 0.11406250000000001 0.197265625
2 0.9453125 0.5263671875 0.10625000000000001 0.212890625
2 0.8921875 0.50390625 0.21250000000000002 0.19921875
2 0.6687500000000001 0.51953125 0.253125 0.15234375
2 0.5265625 0.4912109375 0.040625 0.052734375
2 0.4625 0.484375 0.028125 0.078125
2 0.415625 0.4873046875 0.1 0.103515625
0 0.31484375000000003 0.5029296875 0.1078125 0.232421875
9 0.27578125000000003 0.4453125 0.0078125 0.01953125
