0 0.46953125 0.45703125 0.0078125 0.02734375
0 0.49609375 0.4521484375 0.004687500000000001 0.017578125
0 0.4890625 0.453125 0.00625 0.01953125
0 0.51953125 0.466796875 0.0140625 0.05078125
0 0.53125 0.4541015625 0.00625 0.021484375
0 0.7109375 0.4990234375 0.03125 0.107421875
2 0.0859375 0.5390625 0.171875 0.15234375
2 0.18906250000000002 0.513671875 0.11875000000000001 0.11328125
2 0.28671875 0.494140625 0.08281250000000001 0.078125
2 0.33437500000000003 0.486328125 0.046875 0.0625
2 0.3671875 0.4765625 0.046875 0.05078125
2 0.39375000000000004 0.47265625 0.028125 0.04296875
2 0.40546875000000004 0.4638671875 0.0421875 0.044921875
2 0.43125 0.4619140625 0.018750000000000003 0.037109375
2 0.44140625 0.458984375 0.0203125 0.03125
2 0.45625000000000004 0.4580078125 0.018750000000000003 0.025390625
2 0.47968750000000004 0.4541015625 0.0125 0.021484375
2 0.5171875 0.4599609375 0.028125 0.029296875
2 0.5789062500000001 0.4814453125 0.060937500000000006 0.060546875
2 0.61640625 0.4560546875 0.0328125 0.029296875
2 0.80078125 0.478515625 0.1328125 0.06640625
1 0.6687500000000001 0.517578125 0.059375000000000004 0.09375
