7 0.44062500000000004 0.400390625 0.0125 0.0390625
7 0.23046875 0.43359375 0.0171875 0.03515625
7 0.7250000000000001 0.41015625 0.009375000000000001 0.03515625
9 0.03359375 0.4287109375 0.0546875 0.095703125
9 0.68515625 0.44921875 0.026562500000000003 0.0546875
9 0.35781250000000003 0.478515625 0.009375000000000001 0.0078125
0 0.97578125 0.509765625 0.045312500000000006 0.0546875
0 0.92890625 0.5068359375 0.0203125 0.044921875
6 0.50390625 0.4794921875 0.08281250000000001 0.064453125
3 0.5875 0.54296875 0.034375 0.0546875
3 0.96484375 0.6025390625 0.0671875 0.123046875
3 0.9382812500000001 0.5869140625 0.09531250000000001 0.126953125
3 0.92109375 0.5751953125 0.11406250000000001 0.126953125
3 0.6976562500000001 0.53125 0.0578125 0.05078125
2 0.5007812500000001 0.5830078125 0.1296875 0.146484375
2 0.54296875 0.517578125 0.0390625 0.04296875
2 0.12890625 0.509765625 0.0546875 0.04296875
2 0.25546875 0.509765625 0.029687500000000002 0.01953125
2 0.28046875 0.509765625 0.0328125 0.01953125
0 0.58828125 0.5224609375 0.0234375 0.037109375
