7 0.53515625 0.3876953125 0.010937500000000001 0.033203125
7 0.20078125000000002 0.3857421875 0.010937500000000001 0.033203125
0 0.9812500000000001 0.4326171875 0.034375 0.068359375
0 0.7203125 0.44140625 0.015625 0.0234375
0 0.05625 0.4658203125 0.018750000000000003 0.048828125
0 0.01953125 0.48046875 0.0234375 0.07421875
1 0.28125 0.5166015625 0.034375 0.087890625
2 0.446875 0.4873046875 0.065625 0.064453125
2 0.41640625000000003 0.47265625 0.0203125 0.04296875
2 0.390625 0.466796875 0.021875000000000002 0.02734375
2 0.36562500000000003 0.474609375 0.037500000000000006 0.0390625
0 0.27968750000000003 0.484375 0.043750000000000004 0.1015625
