7 0.83984375 0.1337890625 0.051562500000000004 0.064453125
7 0.24531250000000002 0.4326171875 0.00625 0.013671875
9 0.83515625 0.2451171875 0.0671875 0.119140625
9 0.7625000000000001 0.279296875 0.009375000000000001 0.0546875
9 0.67890625 0.333984375 0.0078125 0.0390625
9 0.6023437500000001 0.3837890625 0.045312500000000006 0.009765625
9 0.7609375 0.3916015625 0.015625 0.025390625
9 0.58203125 0.365234375 0.0171875 0.02734375
0 0.94296875 0.4873046875 0.0390625 0.169921875
2 0.4 0.4697265625 0.015625 0.025390625
2 0.371875 0.470703125 0.040625 0.0390625
2 0.33046875000000003 0.4755859375 0.029687500000000002 0.033203125
2 0.29140625000000003 0.4794921875 0.0578125 0.052734375
2 0.5484375 0.4638671875 0.018750000000000003 0.017578125
