9 0.55390625 0.390625 0.0140625 0.02734375
9 0.11640625 0.3955078125 0.010937500000000001 0.021484375
9 0.8601562500000001 0.337890625 0.0671875 0.078125
9 0.8625 0.3896484375 0.043750000000000004 0.025390625
0 0.15937500000000002 0.4384765625 0.009375000000000001 0.033203125
0 0.32421875 0.4609375 0.0171875 0.0625
0 0.3375 0.458984375 0.018750000000000003 0.06640625
0 0.5320312500000001 0.4609375 0.0171875 0.07421875
0 0.5945312500000001 0.5029296875 0.0234375 0.103515625
1 0.15546875000000002 0.4755859375 0.0203125 0.041015625
1 0.6703125000000001 0.4892578125 0.053125000000000006 0.048828125
1 0.68671875 0.48828125 0.0546875 0.05078125
1 0.30078125 0.4794921875 0.0390625 0.048828125
1 0.28359375000000003 0.4833984375 0.035937500000000004 0.052734375
1 0.25703125 0.4736328125 0.029687500000000002 0.052734375
1 0.775 0.5087890625 0.06875 0.056640625
2 0.065625 0.4541015625 0.06875 0.052734375
2 0.11640625 0.4619140625 0.06406250000000001 0.044921875
2 0.2109375 0.46875 0.09062500000000001 0.0546875
0 0.15546875000000002 0.4560546875 0.0203125 0.056640625
0 0.7734375 0.4814453125 0.046875 0.076171875
