9 0.09062500000000001 0.388671875 0.00625 0.0546875
9 0.415625 0.41015625 0.015625 0.0234375
9 0.5593750000000001 0.4150390625 0.009375000000000001 0.009765625
9 0.5593750000000001 0.4248046875 0.00625 0.009765625
0 0.2265625 0.4384765625 0.0125 0.017578125
0 0.30781250000000004 0.4384765625 0.018750000000000003 0.017578125
0 0.3203125 0.4384765625 0.009375000000000001 0.013671875
0 0.48125 0.462890625 0.015625 0.05078125
0 0.46171875 0.462890625 0.0140625 0.0546875
0 0.47109375000000003 0.4599609375 0.0140625 0.056640625
0 0.4453125 0.458984375 0.018750000000000003 0.0546875
0 0.45390625 0.4580078125 0.010937500000000001 0.056640625
0 0.41015625 0.4384765625 0.0140625 0.013671875
0 0.5945312500000001 0.4560546875 0.010937500000000001 0.044921875
0 0.625 0.4521484375 0.0125 0.048828125
0 0.63828125 0.4521484375 0.0140625 0.044921875
2 0.05859375 0.5244140625 0.1171875 0.169921875
2 0.134375 0.4853515625 0.10312500000000001 0.080078125
2 0.225 0.48046875 0.096875 0.0703125
2 0.49765625 0.458984375 0.026562500000000003 0.03515625
8 0.84765625 0.6513671875 0.0703125 0.158203125
2 0.31484375000000003 0.474609375 0.0921875 0.0625
2 0.40078125000000003 0.4677734375 0.0859375 0.052734375
