7 0.23984375000000002 0.3623046875 0.010937500000000001 0.041015625
7 0.47890625000000003 0.251953125 0.0140625 0.04296875
7 0.6218750000000001 0.3544921875 0.0125 0.041015625
7 0.8296875 0.3779296875 0.028125 0.041015625
7 0.81171875 0.2607421875 0.0234375 0.115234375
7 0.84375 0.2529296875 0.028125 0.099609375
7 0.89375 0.3388671875 0.018750000000000003 0.052734375
7 0.8984375 0.3916015625 0.015625 0.021484375
9 0.7015625000000001 0.384765625 0.03125 0.015625
9 0.70078125 0.3720703125 0.0078125 0.009765625
0 0.76328125 0.46484375 0.0234375 0.0703125
0 0.76875 0.462890625 0.015625 0.06640625
0 0.7820312500000001 0.4794921875 0.0203125 0.087890625
0 0.7421875 0.4794921875 0.021875000000000002 0.103515625
0 0.5796875 0.4765625 0.015625 0.078125
0 0.38906250000000003 0.4453125 0.009375000000000001 0.03125
0 0.28203125 0.4501953125 0.010937500000000001 0.033203125
0 0.2109375 0.474609375 0.021875000000000002 0.07421875
0 0.2265625 0.4873046875 0.028125 0.072265625
0 0.30781250000000004 0.4833984375 0.025 0.072265625
0 0.15000000000000002 0.4501953125 0.009375000000000001 0.021484375
0 0.16875 0.4599609375 0.015625 0.037109375
0 0.13984375000000002 0.4716796875 0.0171875 0.056640625
0 0.10625000000000001 0.462890625 0.0125 0.03515625
0 0.07890625000000001 0.4638671875 0.0171875 0.037109375
0 0.0484375 0.46484375 0.0125 0.03515625
0 0.05859375 0.4638671875 0.0140625 0.033203125
0 0.025 0.4736328125 0.015625 0.037109375
1 0.67890625 0.5146484375 0.0703125 0.068359375
3 0.9234375 0.6953125 0.15000000000000002 0.22265625
2 0.049218750000000006 0.4921875 0.08281250000000001 0.0546875
2 0.44453125000000004 0.435546875 0.010937500000000001 0.01171875
2 0.453125 0.435546875 0.009375000000000001 0.01171875
2 0.46718750000000003 0.435546875 0.009375000000000001 0.0078125
2 0.49062500000000003 0.43359375 0.009375000000000001 0.01171875
2 0.49843750000000003 0.4375 0.0125 0.01953125
2 0.50703125 0.439453125 0.0203125 0.0234375
2 0.52265625 0.451171875 0.0171875 0.03125
2 0.5398437500000001 0.455078125 0.029687500000000002 0.0390625
2 0.55703125 0.466796875 0.0390625 0.0546875
0 0.68671875 0.4912109375 0.0421875 0.095703125
