9 0.14375000000000002 0.3935546875 0.037500000000000006 0.048828125
9 0.1421875 0.423828125 0.025 0.01171875
9 0.07578125000000001 0.359375 0.0203125 0.01953125
9 0.07500000000000001 0.3779296875 0.05 0.017578125
0 0.48828125 0.453125 0.004687500000000001 0.01171875
0 0.46328125000000003 0.462890625 0.010937500000000001 0.03125
0 0.44062500000000004 0.4619140625 0.00625 0.025390625
0 0.434375 0.458984375 0.00625 0.0234375
0 0.42890625000000004 0.458984375 0.0078125 0.0234375
0 0.38671875 0.4658203125 0.0078125 0.033203125
0 0.38125000000000003 0.4658203125 0.00625 0.029296875
0 0.37265625 0.462890625 0.0078125 0.03125
0 0.45234375000000004 0.4541015625 0.004687500000000001 0.009765625
2 0.728125 0.5361328125 0.115625 0.099609375
2 0.6796875 0.51953125 0.06875 0.08203125
2 0.6492187500000001 0.4970703125 0.0671875 0.076171875
2 0.6117187500000001 0.486328125 0.035937500000000004 0.046875
2 0.6000000000000001 0.482421875 0.021875000000000002 0.0390625
2 0.59375 0.4794921875 0.018750000000000003 0.037109375
2 0.5906250000000001 0.4716796875 0.037500000000000006 0.041015625
2 0.5632812500000001 0.466796875 0.0234375 0.0234375
2 0.5546875 0.4638671875 0.0125 0.021484375
2 0.5453125 0.4638671875 0.009375000000000001 0.017578125
2 0.53515625 0.4599609375 0.010937500000000001 0.009765625
2 0.534375 0.4521484375 0.009375000000000001 0.005859375
2 0.51015625 0.462890625 0.0234375 0.0234375
2 0.7250000000000001 0.46875 0.025 0.01953125
8 0.1125 0.546875 0.018750000000000003 0.0546875
