7 0.56875 0.373046875 0.018750000000000003 0.0234375
7 0.57265625 0.3173828125 0.0140625 0.056640625
7 0.8203125 0.29296875 0.018750000000000003 0.06640625
7 0.83203125 0.3583984375 0.0171875 0.025390625
9 0.8812500000000001 0.341796875 0.040625 0.01171875
9 0.51015625 0.3818359375 0.010937500000000001 0.021484375
9 0.8289062500000001 0.3310546875 0.0234375 0.017578125
0 0.3015625 0.4599609375 0.009375000000000001 0.029296875
0 0.31328125 0.4580078125 0.004687500000000001 0.025390625
0 0.32421875 0.4599609375 0.004687500000000001 0.021484375
0 0.5796875 0.453125 0.018750000000000003 0.0625
0 0.759375 0.4541015625 0.03125 0.103515625
0 0.82734375 0.4541015625 0.0234375 0.095703125
2 0.4 0.4580078125 0.0125 0.009765625
2 0.41796875 0.4560546875 0.0140625 0.013671875
2 0.43671875000000004 0.4560546875 0.010937500000000001 0.017578125
2 0.453125 0.458984375 0.00625 0.0078125
2 0.27968750000000003 0.462890625 0.03125 0.04296875
2 0.23046875 0.462890625 0.0859375 0.078125
2 0.1546875 0.470703125 0.065625 0.06640625
2 0.47890625000000003 0.46484375 0.051562500000000004 0.05078125
8 0.55390625 0.4755859375 0.010937500000000001 0.048828125
