7 0.1 0.2734375 0.025 0.07421875
7 0.09765625 0.3583984375 0.0203125 0.037109375
7 0.8046875 0.255859375 0.021875000000000002 0.07421875
7 0.53359375 0.060546875 0.026562500000000003 0.078125
7 0.8031250000000001 0.345703125 0.025 0.03515625
9 0.57265625 0.4462890625 0.0078125 0.013671875
0 0.70859375 0.470703125 0.0203125 0.05078125
0 0.72421875 0.466796875 0.010937500000000001 0.04296875
0 0.73359375 0.4697265625 0.0140625 0.044921875
0 0.6515625 0.458984375 0.0125 0.046875
0 0.6203125 0.462890625 0.0125 0.04296875
1 0.73984375 0.4853515625 0.026562500000000003 0.056640625
1 0.5398437500000001 0.46875 0.004687500000000001 0.015625
1 0.55390625 0.4658203125 0.004687500000000001 0.013671875
2 0.45703125 0.458984375 0.0140625 0.01171875
2 0.43046875 0.462890625 0.045312500000000006 0.03125
2 0.33828125000000003 0.4853515625 0.15156250000000002 0.138671875
2 0.25234375000000003 0.47265625 0.08281250000000001 0.0859375
0 0.5398437500000001 0.45703125 0.0078125 0.02734375
0 0.553125 0.45703125 0.00625 0.01953125
