0 0.5164062500000001 0.4609375 0.0078125 0.02734375
0 0.48515625 0.4609375 0.0078125 0.02734375
0 0.79453125 0.45703125 0.0234375 0.09765625
0 0.8187500000000001 0.4443359375 0.028125 0.087890625
1 0.46484375 0.47265625 0.010937500000000001 0.01953125
2 0.33515625000000004 0.4658203125 0.0328125 0.033203125
2 0.3671875 0.46484375 0.015625 0.01171875
2 0.39140625 0.4638671875 0.0171875 0.017578125
2 0.42500000000000004 0.470703125 0.034375 0.03515625
2 0.40234375 0.4638671875 0.0078125 0.009765625
2 0.41015625 0.46484375 0.0078125 0.015625
2 0.6648437500000001 0.498046875 0.22968750000000002 0.21875
0 0.46406250000000004 0.4658203125 0.0125 0.029296875
