9 0.58828125 0.462890625 0.0078125 0.01953125
9 0.56171875 0.458984375 0.004687500000000001 0.01171875
9 0.54921875 0.4599609375 0.010937500000000001 0.017578125
9 0.54921875 0.47265625 0.010937500000000001 0.0078125
0 0.3375 0.4990234375 0.021875000000000002 0.060546875
0 0.51484375 0.4990234375 0.010937500000000001 0.033203125
0 0.9070312500000001 0.498046875 0.004687500000000001 0.01953125
0 0.8367187500000001 0.4990234375 0.004687500000000001 0.013671875
0 0.83984375 0.498046875 0.004687500000000001 0.015625
2 0.9085937500000001 0.6943359375 0.1796875 0.216796875
2 0.45546875000000003 0.53125 0.1234375 0.12890625
2 0.5921875 0.5048828125 0.09062500000000001 0.056640625
2 0.6468750000000001 0.4931640625 0.034375 0.021484375
2 0.6726562500000001 0.494140625 0.0234375 0.01953125
2 0.6843750000000001 0.494140625 0.021875000000000002 0.01953125
2 0.7406250000000001 0.5107421875 0.05625 0.033203125
2 0.8601562500000001 0.5009765625 0.0328125 0.021484375
2 0.884375 0.5029296875 0.021875000000000002 0.025390625
2 0.77890625 0.5107421875 0.0390625 0.037109375
2 0.6218750000000001 0.4912109375 0.025 0.021484375
