9 0.31562500000000004 0.4111328125 0.009375000000000001 0.025390625
9 0.8546875 0.36328125 0.065625 0.078125
9 0.8500000000000001 0.4111328125 0.03125 0.017578125
0 0.52734375 0.4677734375 0.0140625 0.048828125
0 0.5375 0.4677734375 0.0125 0.048828125
0 0.43203125000000003 0.462890625 0.0140625 0.046875
2 0.07421875 0.482421875 0.1328125 0.09375
2 0.030468750000000003 0.5654296875 0.060937500000000006 0.154296875
2 0.1375 0.4619140625 0.08125 0.064453125
2 0.19687500000000002 0.4638671875 0.053125000000000006 0.056640625
2 0.946875 0.775390625 0.10312500000000001 0.296875
2 0.85078125 0.6015625 0.29531250000000003 0.31640625
2 0.61875 0.4599609375 0.040625 0.052734375
2 0.28203125 0.4716796875 0.045312500000000006 0.044921875
2 0.3171875 0.458984375 0.034375 0.03125
2 0.34687500000000004 0.478515625 0.065625 0.0625
2 0.384375 0.447265625 0.009375000000000001 0.0078125
2 0.37031250000000004 0.4482421875 0.0125 0.009765625
2 0.39140625 0.4716796875 0.0390625 0.044921875
2 0.4078125 0.46875 0.018750000000000003 0.0390625
2 0.41953125 0.4677734375 0.0171875 0.037109375
2 0.43359375 0.462890625 0.0203125 0.03125
2 0.44765625000000003 0.4609375 0.010937500000000001 0.03125
2 0.453125 0.458984375 0.009375000000000001 0.02734375
2 0.4546875 0.455078125 0.021875000000000002 0.02734375
2 0.46640625 0.455078125 0.010937500000000001 0.01953125
2 0.4734375 0.455078125 0.009375000000000001 0.01953125
2 0.47968750000000004 0.4541015625 0.00625 0.013671875
2 0.484375 0.4521484375 0.009375000000000001 0.013671875
2 0.49062500000000003 0.44921875 0.009375000000000001 0.015625
2 0.49531250000000004 0.4482421875 0.00625 0.009765625
2 0.58515625 0.47265625 0.0546875 0.0625
2 0.5593750000000001 0.46875 0.015625 0.046875
2 0.553125 0.46875 0.0125 0.03515625
2 0.553125 0.462890625 0.021875000000000002 0.0390625
