7 0.40625 0.431640625 0.003125 0.01171875
7 0.375 0.4326171875 0.003125 0.013671875
9 0.5765625 0.4287109375 0.0125 0.021484375
9 0.5242187500000001 0.3623046875 0.0671875 0.033203125
9 0.203125 0.443359375 0.009375000000000001 0.015625
9 0.47578125000000004 0.4384765625 0.0390625 0.013671875
2 0.05 0.4814453125 0.07187500000000001 0.060546875
2 0.16328125000000002 0.4765625 0.0671875 0.05859375
2 0.2078125 0.48046875 0.028125 0.03515625
2 0.26796875000000003 0.4765625 0.035937500000000004 0.02734375
2 0.30703125000000003 0.470703125 0.0234375 0.04296875
2 0.3484375 0.4765625 0.078125 0.078125
2 0.5296875 0.4892578125 0.046875 0.095703125
2 0.46718750000000003 0.517578125 0.14375000000000002 0.1484375
