0 0.40859375000000003 0.45703125 0.010937500000000001 0.03125
0 0.47890625000000003 0.453125 0.0078125 0.02734375
0 0.49296875 0.455078125 0.010937500000000001 0.02734375
0 0.9085937500000001 0.576171875 0.0703125 0.3203125
1 0.1125 0.560546875 0.07500000000000001 0.1328125
1 0.03515625 0.564453125 0.0671875 0.1328125
2 0.13593750000000002 0.5107421875 0.134375 0.111328125
2 0.21328125 0.486328125 0.08281250000000001 0.09375
2 0.28671875 0.48046875 0.0703125 0.05859375
2 0.3125 0.4677734375 0.05625 0.056640625
2 0.34609375000000003 0.4697265625 0.0203125 0.041015625
2 0.35703125 0.4658203125 0.0203125 0.037109375
2 0.375 0.462890625 0.025 0.03125
2 0.390625 0.45703125 0.025 0.03125
2 0.40937500000000004 0.453125 0.021875000000000002 0.0234375
2 0.4234375 0.451171875 0.015625 0.01953125
2 0.43046875 0.4453125 0.0140625 0.015625
2 0.44296875 0.455078125 0.0234375 0.0234375
2 0.4609375 0.44921875 0.0125 0.01171875
2 0.9265625000000001 0.5166015625 0.14375000000000002 0.154296875
2 0.73984375 0.4814453125 0.0921875 0.119140625
2 0.67578125 0.4873046875 0.08281250000000001 0.091796875
2 0.63671875 0.453125 0.0671875 0.0546875
2 0.6046875 0.45703125 0.03125 0.046875
2 0.58359375 0.4560546875 0.0328125 0.044921875
0 0.03828125 0.5146484375 0.0703125 0.173828125
0 0.1125 0.505859375 0.07187500000000001 0.1875
0 0.3765625 0.462890625 0.0125 0.0390625
15 0.37578125 0.4677734375 0.0140625 0.029296875
