0 0.6671875 0.46484375 0.015625 0.0546875
1 0.5921875 0.4873046875 0.018750000000000003 0.041015625
2 0.309375 0.4775390625 0.06875 0.048828125
2 0.34375 0.4765625 0.028125 0.046875
2 0.36875 0.470703125 0.043750000000000004 0.0390625
2 0.3796875 0.4658203125 0.034375 0.041015625
2 0.39921875 0.466796875 0.0203125 0.03515625
2 0.41171875 0.466796875 0.0140625 0.03125
2 0.45 0.45703125 0.021875000000000002 0.01953125
2 0.45546875000000003 0.455078125 0.0171875 0.0234375
2 0.465625 0.4560546875 0.00625 0.017578125
2 0.4703125 0.45703125 0.00625 0.015625
2 0.47968750000000004 0.4580078125 0.0125 0.013671875
2 0.4890625 0.458984375 0.00625 0.01171875
2 0.49453125000000003 0.458984375 0.004687500000000001 0.0078125
2 0.5 0.4599609375 0.003125 0.005859375
2 0.51328125 0.4580078125 0.0078125 0.009765625
0 0.59375 0.474609375 0.015625 0.05078125
0 0.5171875 0.4541015625 0.00625 0.021484375
0 0.5296875 0.453125 0.00625 0.01953125
8 0.6453125000000001 0.494140625 0.0125 0.03125
