7 0.32265625000000003 0.427734375 0.0078125 0.0234375
7 0.146875 0.4453125 0.0125 0.015625
7 0.60859375 0.4345703125 0.0078125 0.021484375
7 0.8226562500000001 0.46484375 0.010937500000000001 0.01171875
9 0.321875 0.4521484375 0.0125 0.021484375
9 0.6078125000000001 0.4609375 0.0125 0.0234375
0 0.628125 0.5048828125 0.0125 0.052734375
0 0.7367187500000001 0.513671875 0.0140625 0.0625
0 0.7125 0.5146484375 0.018750000000000003 0.060546875
0 0.72421875 0.5068359375 0.010937500000000001 0.060546875
0 0.6937500000000001 0.5048828125 0.015625 0.052734375
0 0.65234375 0.501953125 0.0140625 0.0546875
0 0.6429687500000001 0.4931640625 0.010937500000000001 0.044921875
0 0.665625 0.5009765625 0.0125 0.044921875
0 0.6765625000000001 0.5009765625 0.0125 0.044921875
0 0.87109375 0.5068359375 0.0328125 0.048828125
0 0.84140625 0.498046875 0.0203125 0.04296875
0 0.60078125 0.478515625 0.0078125 0.01953125
1 0.5906250000000001 0.55078125 0.025 0.05859375
2 0.3828125 0.5068359375 0.07187500000000001 0.076171875
2 0.478125 0.5546875 0.140625 0.1328125
2 0.49062500000000003 0.4794921875 0.018750000000000003 0.017578125
2 0.53046875 0.4697265625 0.0078125 0.009765625
2 0.50546875 0.474609375 0.0140625 0.015625
0 0.59140625 0.5283203125 0.026562500000000003 0.087890625
0 0.44296875 0.478515625 0.010937500000000001 0.0234375
8 0.32734375000000004 0.5048828125 0.0078125 0.025390625
9 0.946875 0.669921875 0.10312500000000001 0.15234375
