7 0.2 0.4169921875 0.003125 0.013671875
7 0.23515625 0.4150390625 0.004687500000000001 0.013671875
7 0.259375 0.4189453125 0.003125 0.013671875
7 0.3015625 0.443359375 0.003125 0.01171875
9 0.64765625 0.2919921875 0.035937500000000004 0.056640625
9 0.4578125 0.373046875 0.03125 0.0390625
9 0.45859375 0.396484375 0.0203125 0.00390625
9 0.46171875 0.40625 0.0234375 0.01171875
9 0.48046875 0.4384765625 0.004687500000000001 0.013671875
9 0.38828125 0.421875 0.0171875 0.0234375
9 0.22812500000000002 0.4140625 0.00625 0.0078125
0 0.8695312500000001 0.458984375 0.0234375 0.1015625
0 0.7664062500000001 0.4560546875 0.026562500000000003 0.076171875
1 0.47968750000000004 0.478515625 0.046875 0.03515625
2 0.36250000000000004 0.484375 0.05 0.0546875
2 0.33671875 0.474609375 0.026562500000000003 0.03515625
2 0.31640625 0.47265625 0.0234375 0.03125
2 0.29531250000000003 0.4794921875 0.03125 0.056640625
2 0.2515625 0.49609375 0.1 0.09375
2 0.1796875 0.474609375 0.021875000000000002 0.02734375
2 0.13203125000000002 0.474609375 0.029687500000000002 0.02734375
2 0.1078125 0.48046875 0.025 0.03515625
2 0.0671875 0.4931640625 0.06875 0.056640625
