7 0.62109375 0.3251953125 0.0078125 0.025390625
7 0.6078125000000001 0.380859375 0.009375000000000001 0.0234375
7 0.6257812500000001 0.380859375 0.0078125 0.02734375
7 0.57421875 0.3564453125 0.010937500000000001 0.037109375
7 0.546875 0.3798828125 0.009375000000000001 0.025390625
7 0.5789062500000001 0.3994140625 0.010937500000000001 0.013671875
7 0.4578125 0.322265625 0.009375000000000001 0.02734375
7 0.39687500000000003 0.322265625 0.015625 0.02734375
7 0.2859375 0.2744140625 0.0125 0.033203125
7 0.209375 0.2822265625 0.0125 0.033203125
7 0.084375 0.412109375 0.009375000000000001 0.01171875
7 0.053125000000000006 0.3779296875 0.009375000000000001 0.025390625
7 0.032031250000000004 0.380859375 0.010937500000000001 0.0234375
7 0.11875000000000001 0.3876953125 0.009375000000000001 0.025390625
7 0.19453125000000002 0.380859375 0.010937500000000001 0.02734375
9 0.54609375 0.3427734375 0.0234375 0.009765625
9 0.07500000000000001 0.392578125 0.025 0.0078125
9 0.0890625 0.3310546875 0.021875000000000002 0.009765625
2 0.82421875 0.466796875 0.3484375 0.37109375
2 0.43281250000000004 0.4462890625 0.015625 0.017578125
2 0.37734375000000003 0.4482421875 0.026562500000000003 0.017578125
2 0.35468750000000004 0.447265625 0.018750000000000003 0.01953125
2 0.01015625 0.455078125 0.0203125 0.03515625
2 0.275 0.44921875 0.025 0.01953125
