4 0.84296875 0.4228515625 0.31093750000000003 0.146484375
4 0.5234375 0.4462890625 0.07187500000000001 0.080078125
0 0.5546875 0.45703125 0.009375000000000001 0.04296875
0 0.5710937500000001 0.4580078125 0.010937500000000001 0.041015625
0 0.58828125 0.45703125 0.0171875 0.046875
0 0.5953125 0.453125 0.0125 0.0390625
0 0.63828125 0.44921875 0.0171875 0.0546875
0 0.625 0.4521484375 0.009375000000000001 0.044921875
0 0.6171875 0.451171875 0.015625 0.04296875
0 0.16718750000000002 0.48828125 0.015625 0.05078125
0 0.37812500000000004 0.4638671875 0.009375000000000001 0.025390625
0 0.359375 0.4658203125 0.00625 0.025390625
0 0.39765625000000004 0.462890625 0.0078125 0.0234375
0 0.38984375000000004 0.4638671875 0.0078125 0.025390625
0 0.6062500000000001 0.4521484375 0.009375000000000001 0.041015625
0 0.12734375 0.490234375 0.0140625 0.03125
1 0.453125 0.48046875 0.028125 0.04296875
2 0.94921875 0.4873046875 0.09843750000000001 0.111328125
2 0.93125 0.4501953125 0.134375 0.130859375
2 0.909375 0.44140625 0.178125 0.125
0 0.453125 0.4677734375 0.025 0.064453125
