9 0.8992187500000001 0.373046875 0.026562500000000003 0.046875
9 0.7445312500000001 0.3818359375 0.0328125 0.041015625
9 0.7703125000000001 0.40234375 0.00625 0.02734375
9 0.74375 0.4091796875 0.025 0.013671875
9 0.265625 0.40625 0.009375000000000001 0.015625
0 0.72421875 0.427734375 0.0078125 0.0234375
1 0.9460937500000001 0.5087890625 0.0890625 0.068359375
1 0.84140625 0.5703125 0.0390625 0.10546875
1 0.68515625 0.57421875 0.051562500000000004 0.1171875
2 0.94296875 0.4560546875 0.0171875 0.021484375
2 0.8851562500000001 0.4501953125 0.09843750000000001 0.064453125
2 0.675 0.4384765625 0.018750000000000003 0.021484375
2 0.65390625 0.4375 0.0234375 0.0234375
2 0.153125 0.4501953125 0.021875000000000002 0.021484375
2 0.09531250000000001 0.4453125 0.021875000000000002 0.015625
2 0.07187500000000001 0.4482421875 0.015625 0.017578125
2 0.022656250000000003 0.451171875 0.026562500000000003 0.02734375
2 0.50390625 0.50390625 0.1484375 0.09375
0 0.6890625 0.5361328125 0.059375000000000004 0.150390625
