9 0.90390625 0.369140625 0.010937500000000001 0.01953125
9 0.584375 0.37890625 0.009375000000000001 0.01953125
9 0.0578125 0.31640625 0.034375 0.0703125
1 0.5164062500000001 0.451171875 0.0234375 0.05078125
1 0.48359375000000004 0.45703125 0.0234375 0.04296875
1 0.44296875 0.45703125 0.026562500000000003 0.046875
1 0.41875 0.45703125 0.025 0.0546875
1 0.3921875 0.4619140625 0.021875000000000002 0.052734375
1 0.34687500000000004 0.462890625 0.037500000000000006 0.06640625
1 0.278125 0.47265625 0.059375000000000004 0.0703125
1 0.31093750000000003 0.4775390625 0.018750000000000003 0.044921875
1 0.2328125 0.4765625 0.034375 0.06640625
1 0.19453125000000002 0.4765625 0.0421875 0.08203125
1 0.12890625 0.4853515625 0.060937500000000006 0.080078125
1 0.0859375 0.486328125 0.05625 0.08203125
1 0.00703125 0.5068359375 0.0140625 0.044921875
2 0.5796875 0.4306640625 0.046875 0.029296875
2 0.88203125 0.427734375 0.0734375 0.078125
2 0.10078125 0.427734375 0.2015625 0.109375
0 0.51953125 0.4306640625 0.029687500000000002 0.080078125
0 0.48750000000000004 0.4404296875 0.025 0.068359375
0 0.45078125 0.4423828125 0.026562500000000003 0.072265625
0 0.41796875 0.427734375 0.029687500000000002 0.078125
0 0.40234375 0.44140625 0.0234375 0.08984375
0 0.35859375000000004 0.44140625 0.0328125 0.10546875
0 0.0859375 0.451171875 0.05 0.11328125
0 0.125 0.455078125 0.046875 0.10546875
0 0.28125 0.44921875 0.040625 0.109375
0 0.309375 0.447265625 0.025 0.08984375
0 0.24453125 0.4521484375 0.0390625 0.080078125
0 0.20546875 0.4560546875 0.0390625 0.115234375
0 0.340625 0.435546875 0.025 0.046875
2 0.628125 0.4150390625 0.05625 0.029296875
