9 0.08046875 0.3251953125 0.0234375 0.041015625
9 0.2765625 0.3623046875 0.040625 0.056640625
9 0.403125 0.390625 0.018750000000000003 0.03125
9 0.6140625000000001 0.4052734375 0.00625 0.009765625
9 0.50234375 0.4736328125 0.0140625 0.013671875
9 0.56796875 0.466796875 0.010937500000000001 0.01171875
2 0.49843750000000003 0.416015625 0.015625 0.01953125
2 0.56875 0.41796875 0.015625 0.01953125
2 0.59609375 0.4365234375 0.026562500000000003 0.025390625
15 0.83515625 0.5029296875 0.32656250000000003 0.345703125
