7 0.9546875 0.529296875 0.021875000000000002 0.05859375
7 0.93125 0.4716796875 0.025 0.044921875
7 0.95078125 0.2763671875 0.045312500000000006 0.115234375
7 0.72265625 0.474609375 0.0171875 0.015625
7 0.4609375 0.4736328125 0.00625 0.017578125
7 0.25 0.4453125 0.025 0.0390625
7 0.20078125000000002 0.4453125 0.0328125 0.0390625
7 0.22968750000000002 0.5078125 0.021875000000000002 0.0625
7 0.22734375 0.236328125 0.0390625 0.1171875
7 0.35078125000000004 0.4853515625 0.0078125 0.017578125
9 0.9554687500000001 0.380859375 0.06406250000000001 0.078125
9 0.7046875 0.4306640625 0.018750000000000003 0.025390625
9 0.703125 0.455078125 0.015625 0.01953125
9 0.2890625 0.4873046875 0.021875000000000002 0.041015625
9 0.3015625 0.3193359375 0.03125 0.080078125
0 0.6156250000000001 0.521484375 0.009375000000000001 0.015625
0 0.6265625 0.51953125 0.0125 0.015625
0 0.84375 0.541015625 0.028125 0.08984375
0 0.87265625 0.5849609375 0.0421875 0.193359375
0 0.91015625 0.6083984375 0.051562500000000004 0.189453125
6 0.49062500000000003 0.5146484375 0.05 0.056640625
3 0.6984375 0.55078125 0.0625 0.0546875
3 0.64765625 0.546875 0.0484375 0.046875
3 0.62109375 0.54296875 0.045312500000000006 0.04296875
2 0.52578125 0.5478515625 0.045312500000000006 0.064453125
2 0.56640625 0.55078125 0.035937500000000004 0.0625
2 0.3921875 0.5380859375 0.034375 0.033203125
2 0.34296875000000004 0.5498046875 0.0421875 0.060546875
2 0.1640625 0.560546875 0.08750000000000001 0.07421875
2 0.0484375 0.623046875 0.096875 0.1796875
2 0.465625 0.6142578125 0.140625 0.162109375
