4 0.52578125 0.3515625 0.1609375 0.30078125
7 0.6687500000000001 0.3466796875 0.009375000000000001 0.037109375
7 0.690625 0.337890625 0.0125 0.04296875
7 0.36328125 0.3212890625 0.010937500000000001 0.044921875
0 0.059375000000000004 0.4091796875 0.018750000000000003 0.130859375
0 0.9625 0.451171875 0.0125 0.05859375
0 0.296875 0.3896484375 0.0125 0.056640625
0 0.3203125 0.3876953125 0.015625 0.052734375
0 0.67109375 0.4169921875 0.0078125 0.037109375
0 0.6375000000000001 0.408203125 0.00625 0.03515625
0 0.43593750000000003 0.3935546875 0.009375000000000001 0.033203125
0 0.36875 0.392578125 0.0125 0.046875
2 0.23203125000000002 0.46875 0.1765625 0.16015625
