7 0.6039062500000001 0.3369140625 0.0140625 0.044921875
9 0.59765625 0.3916015625 0.026562500000000003 0.048828125
0 0.88671875 0.46484375 0.0234375 0.1171875
0 0.859375 0.46875 0.03125 0.11328125
0 0.8125 0.466796875 0.018750000000000003 0.1171875
0 0.8 0.46875 0.021875000000000002 0.1171875
0 0.309375 0.4775390625 0.05 0.123046875
0 0.2859375 0.4833984375 0.05 0.115234375
2 0.42734375 0.4716796875 0.0546875 0.064453125
2 0.4 0.46875 0.018750000000000003 0.0390625
2 0.2734375 0.4794921875 0.07500000000000001 0.091796875
2 0.11875000000000001 0.48046875 0.23750000000000002 0.1953125
