1 0.43203125000000003 0.47265625 0.0140625 0.03125
2 0.9554687500000001 0.794921875 0.0859375 0.25390625
2 0.8656250000000001 0.6181640625 0.265625 0.267578125
2 0.7250000000000001 0.55078125 0.17500000000000002 0.16796875
2 0.65234375 0.53125 0.0546875 0.1171875
2 0.64765625 0.5029296875 0.0859375 0.107421875
2 0.6039062500000001 0.4755859375 0.051562500000000004 0.068359375
2 0.5765625 0.470703125 0.025 0.05859375
2 0.5632812500000001 0.4609375 0.026562500000000003 0.04296875
2 0.54921875 0.451171875 0.0203125 0.03125
2 0.54140625 0.447265625 0.0171875 0.03125
2 0.53046875 0.4443359375 0.0140625 0.025390625
2 0.50546875 0.443359375 0.0171875 0.0234375
2 0.13203125000000002 0.5 0.18906250000000002 0.08203125
2 0.049218750000000006 0.48046875 0.09843750000000001 0.078125
2 0.22890625 0.4716796875 0.1265625 0.072265625
2 0.29296875 0.4599609375 0.0546875 0.064453125
2 0.36562500000000003 0.462890625 0.037500000000000006 0.046875
2 0.37265625 0.451171875 0.0484375 0.0390625
2 0.42500000000000004 0.4580078125 0.03125 0.033203125
2 0.44765625000000003 0.453125 0.0203125 0.0234375
2 0.45625000000000004 0.4482421875 0.018750000000000003 0.021484375
2 0.47265625 0.443359375 0.0171875 0.01953125
2 0.48359375000000004 0.439453125 0.010937500000000001 0.015625
0 0.43203125000000003 0.462890625 0.0140625 0.04296875
