7 0.753125 0.3759765625 0.015625 0.052734375
0 0.9625 0.53125 0.046875 0.15234375
0 0.9921875 0.529296875 0.0125 0.13671875
0 0.046875 0.517578125 0.03125 0.09375
0 0.025781250000000002 0.494140625 0.0140625 0.04296875
0 0.00703125 0.49609375 0.0140625 0.04296875
0 0.18984375 0.501953125 0.0171875 0.0546875
0 0.21328125 0.501953125 0.0140625 0.05078125
0 0.0703125 0.490234375 0.018750000000000003 0.0390625
2 0.6335937500000001 0.525390625 0.0859375 0.09375
2 0.26640625 0.5390625 0.1234375 0.08984375
2 0.5609375 0.5029296875 0.018750000000000003 0.017578125
2 0.54453125 0.4970703125 0.010937500000000001 0.013671875
2 0.42812500000000003 0.498046875 0.025 0.015625
8 0.775 0.5693359375 0.021875000000000002 0.072265625
