9 0.6976562500000001 0.390625 0.0171875 0.0390625
9 0.178125 0.380859375 0.015625 0.01953125
0 0.24140625000000002 0.4375 0.0171875 0.04296875
0 0.3953125 0.462890625 0.018750000000000003 0.0703125
0 0.41171875 0.4609375 0.0203125 0.07421875
0 0.7351562500000001 0.48828125 0.035937500000000004 0.078125
0 0.7296875 0.4501953125 0.015625 0.033203125
0 0.6515625 0.4462890625 0.015625 0.041015625
0 0.6921875000000001 0.537109375 0.046875 0.140625
1 0.83984375 0.515625 0.0671875 0.05859375
1 0.8609375 0.517578125 0.0625 0.06640625
1 0.328125 0.4775390625 0.03125 0.060546875
1 0.37109375 0.48828125 0.0484375 0.0625
1 0.35078125000000004 0.4912109375 0.035937500000000004 0.064453125
1 0.1484375 0.466796875 0.021875000000000002 0.04296875
2 0.018750000000000003 0.435546875 0.037500000000000006 0.0546875
2 0.1125 0.44921875 0.0625 0.0546875
2 0.18984375 0.4599609375 0.0671875 0.056640625
2 0.27109375 0.4716796875 0.09531250000000001 0.064453125
0 0.1484375 0.4501953125 0.021875000000000002 0.056640625
