4 0.39296875000000003 0.455078125 0.051562500000000004 0.0546875
4 0.45078125 0.4462890625 0.0671875 0.033203125
4 0.51796875 0.4482421875 0.06406250000000001 0.083984375
4 0.6351562500000001 0.427734375 0.0890625 0.03515625
4 0.8445312500000001 0.4033203125 0.30781250000000004 0.111328125
0 0.11484375000000001 0.4921875 0.0140625 0.05078125
0 0.12890625 0.48828125 0.010937500000000001 0.03125
0 0.1703125 0.48046875 0.0125 0.03515625
0 0.36796875 0.4697265625 0.004687500000000001 0.013671875
0 0.5484375 0.458984375 0.009375000000000001 0.0390625
0 0.55625 0.458984375 0.0125 0.04296875
0 0.5734375 0.45703125 0.0125 0.046875
0 0.58125 0.45703125 0.0125 0.04296875
0 0.6039062500000001 0.4443359375 0.0078125 0.021484375
0 0.5984375000000001 0.4755859375 0.021875000000000002 0.080078125
0 0.62265625 0.46484375 0.035937500000000004 0.1015625
0 0.6351562500000001 0.44921875 0.010937500000000001 0.0390625
0 0.68125 0.4677734375 0.034375 0.107421875
2 0.45234375000000004 0.462890625 0.026562500000000003 0.0234375
2 0.4734375 0.4638671875 0.028125 0.025390625
2 0.64609375 0.4482421875 0.0203125 0.025390625
2 0.85078125 0.4462890625 0.1453125 0.107421875
2 0.91015625 0.4462890625 0.1765625 0.134765625
2 0.9234375 0.5009765625 0.15000000000000002 0.185546875
8 0.340625 0.478515625 0.00625 0.01953125
