7 0.34687500000000004 0.3994140625 0.009375000000000001 0.029296875
7 0.43203125000000003 0.33984375 0.010937500000000001 0.03125
7 0.44296875 0.3701171875 0.0078125 0.021484375
7 0.5242187500000001 0.3984375 0.010937500000000001 0.03125
9 0.6687500000000001 0.373046875 0.015625 0.03125
0 0.05625 0.4716796875 0.03125 0.103515625
0 0.23671875 0.4482421875 0.0140625 0.021484375
0 0.40468750000000003 0.4619140625 0.00625 0.025390625
0 0.42734375 0.4619140625 0.0078125 0.021484375
0 0.5906250000000001 0.4599609375 0.0125 0.041015625
0 0.80078125 0.4765625 0.0546875 0.1328125
0 0.6195312500000001 0.4560546875 0.010937500000000001 0.033203125
0 0.6578125 0.4482421875 0.009375000000000001 0.029296875
1 0.1125 0.5146484375 0.05625 0.095703125
1 0.0921875 0.5205078125 0.043750000000000004 0.091796875
1 0.18359375 0.49609375 0.026562500000000003 0.05859375
1 0.22109375 0.4951171875 0.029687500000000002 0.068359375
1 0.23750000000000002 0.4833984375 0.021875000000000002 0.060546875
1 0.2828125 0.484375 0.028125 0.046875
1 0.33359375 0.4697265625 0.0140625 0.037109375
1 0.49843750000000003 0.4990234375 0.021875000000000002 0.056640625
1 0.5476562500000001 0.5009765625 0.0171875 0.056640625
1 0.5703125 0.4716796875 0.015625 0.029296875
1 0.68359375 0.49609375 0.035937500000000004 0.078125
1 0.721875 0.4921875 0.053125000000000006 0.09765625
1 0.91953125 0.603515625 0.09531250000000001 0.171875
1 0.640625 0.482421875 0.028125 0.05078125
1 0.06484375 0.5302734375 0.035937500000000004 0.072265625
2 0.44375000000000003 0.4638671875 0.025 0.013671875
2 0.46328125000000003 0.4609375 0.0234375 0.015625
2 0.98046875 0.564453125 0.035937500000000004 0.17578125
0 0.49609375 0.4755859375 0.029687500000000002 0.087890625
0 0.546875 0.4697265625 0.025 0.091796875
0 0.91171875 0.51171875 0.09531250000000001 0.28515625
