7 0.26640625 0.15234375 0.035937500000000004 0.16796875
0 0.11328125 0.435546875 0.0140625 0.05859375
0 0.13359375 0.4306640625 0.010937500000000001 0.056640625
0 0.2078125 0.43359375 0.0125 0.05078125
0 0.23828125 0.4306640625 0.0171875 0.041015625
0 0.25625000000000003 0.4306640625 0.015625 0.044921875
0 0.28828125 0.4375 0.010937500000000001 0.05078125
0 0.30000000000000004 0.4365234375 0.009375000000000001 0.056640625
0 0.32578125 0.4365234375 0.0171875 0.056640625
0 0.40625 0.4384765625 0.00625 0.041015625
0 0.5515625000000001 0.4287109375 0.0125 0.044921875
0 0.54296875 0.4248046875 0.010937500000000001 0.041015625
0 0.5007812500000001 0.421875 0.004687500000000001 0.0234375
0 0.50703125 0.419921875 0.0078125 0.0234375
0 0.515625 0.4208984375 0.009375000000000001 0.025390625
0 0.8968750000000001 0.4150390625 0.00625 0.029296875
0 0.8914062500000001 0.4150390625 0.0078125 0.025390625
2 0.3765625 0.4375 0.05625 0.0546875
2 0.4546875 0.4345703125 0.046875 0.044921875
2 0.7000000000000001 0.4287109375 0.046875 0.056640625
2 0.66796875 0.4306640625 0.0328125 0.044921875
2 0.9695312500000001 0.4248046875 0.026562500000000003 0.037109375
