9 0.38828125 0.42578125 0.004687500000000001 0.015625
9 0.38203125000000004 0.421875 0.0078125 0.01953125
9 0.53359375 0.4287109375 0.0078125 0.021484375
9 0.54453125 0.421875 0.0078125 0.01953125
9 0.68671875 0.400390625 0.010937500000000001 0.0234375
1 0.27265625 0.49609375 0.029687500000000002 0.0546875
2 0.46406250000000004 0.453125 0.009375000000000001 0.01171875
2 0.45 0.455078125 0.009375000000000001 0.01171875
2 0.47734375 0.4521484375 0.0078125 0.009765625
2 0.51328125 0.4599609375 0.0140625 0.017578125
2 0.5085937500000001 0.45703125 0.0140625 0.015625
2 0.49062500000000003 0.47265625 0.03125 0.03515625
2 0.52265625 0.470703125 0.0140625 0.02734375
2 0.53125 0.4697265625 0.018750000000000003 0.041015625
2 0.5578125 0.4697265625 0.05 0.060546875
2 0.42578125 0.4658203125 0.0390625 0.044921875
2 0.37421875000000004 0.47265625 0.0203125 0.0390625
2 0.35078125000000004 0.474609375 0.045312500000000006 0.04296875
2 0.59375 0.4814453125 0.059375000000000004 0.068359375
2 0.609375 0.4912109375 0.065625 0.064453125
2 0.81640625 0.4873046875 0.3203125 0.298828125
0 0.27265625 0.4755859375 0.029687500000000002 0.083984375
