9 0.20625000000000002 0.2841796875 0.053125000000000006 0.025390625
9 0.20625000000000002 0.228515625 0.05 0.0859375
9 0.41953125 0.3720703125 0.010937500000000001 0.021484375
9 0.6218750000000001 0.3671875 0.015625 0.0078125
9 0.62109375 0.376953125 0.010937500000000001 0.01171875
9 0.5359375000000001 0.3828125 0.009375000000000001 0.01171875
9 0.52109375 0.3828125 0.010937500000000001 0.01171875
9 0.39375000000000004 0.34375 0.0125 0.02734375
0 0.30390625000000004 0.396484375 0.0140625 0.03125
0 0.39296875000000003 0.41015625 0.0140625 0.046875
0 0.40703125 0.4130859375 0.0140625 0.048828125
0 0.7039062500000001 0.42578125 0.0140625 0.0390625
2 0.015625 0.40625 0.03125 0.0546875
2 0.065625 0.41015625 0.12812500000000002 0.07421875
2 0.43515625 0.4111328125 0.045312500000000006 0.029296875
2 0.50390625 0.4052734375 0.0140625 0.017578125
2 0.515625 0.40625 0.021875000000000002 0.0234375
2 0.55390625 0.4140625 0.026562500000000003 0.02734375
2 0.58125 0.41796875 0.03125 0.03515625
2 0.62421875 0.4404296875 0.0765625 0.080078125
2 0.48984375 0.40234375 0.0140625 0.015625
2 0.465625 0.3974609375 0.015625 0.013671875
0 0.11328125 0.390625 0.026562500000000003 0.05078125
