7 0.1953125 0.396484375 0.009375000000000001 0.0390625
7 0.61640625 0.4150390625 0.0078125 0.029296875
0 0.9789062500000001 0.5185546875 0.0328125 0.126953125
0 0.7046875 0.5849609375 0.05625 0.095703125
0 0.7312500000000001 0.49609375 0.018750000000000003 0.06640625
0 0.6882812500000001 0.5068359375 0.0171875 0.060546875
0 0.6765625000000001 0.4970703125 0.015625 0.056640625
0 0.6468750000000001 0.4951171875 0.009375000000000001 0.037109375
0 0.6546875000000001 0.4833984375 0.009375000000000001 0.021484375
0 0.62421875 0.4814453125 0.010937500000000001 0.025390625
0 0.5984375000000001 0.486328125 0.009375000000000001 0.03125
0 0.057031250000000006 0.51953125 0.045312500000000006 0.1171875
0 0.2078125 0.4931640625 0.015625 0.072265625
0 0.29296875 0.490234375 0.0203125 0.046875
0 0.27734375 0.48046875 0.010937500000000001 0.03515625
1 0.56953125 0.5224609375 0.0234375 0.044921875
2 0.48203125 0.5205078125 0.08281250000000001 0.083984375
2 0.04609375 0.5166015625 0.0921875 0.123046875
2 0.13828125 0.5068359375 0.1171875 0.111328125
0 0.5703125 0.5087890625 0.021875000000000002 0.060546875
