4 0.83984375 0.39453125 0.2890625 0.09375
4 0.5140625 0.4462890625 0.05625 0.080078125
4 0.421875 0.455078125 0.07500000000000001 0.0390625
0 0.209375 0.4873046875 0.0125 0.048828125
0 0.22031250000000002 0.4794921875 0.0125 0.029296875
0 0.12812500000000002 0.490234375 0.015625 0.02734375
0 0.9085937500000001 0.5087890625 0.06406250000000001 0.251953125
0 0.96015625 0.490234375 0.060937500000000006 0.265625
0 0.8125 0.494140625 0.078125 0.234375
0 0.7742187500000001 0.4892578125 0.0421875 0.189453125
0 0.7296875 0.5078125 0.06875 0.2421875
0 0.6781250000000001 0.4970703125 0.05625 0.193359375
0 0.6492187500000001 0.4638671875 0.0203125 0.068359375
0 0.6312500000000001 0.4638671875 0.021875000000000002 0.076171875
0 0.62265625 0.466796875 0.0140625 0.06640625
0 0.44375000000000003 0.4638671875 0.015625 0.048828125
0 0.54921875 0.458984375 0.0078125 0.0390625
0 0.55703125 0.458984375 0.0140625 0.04296875
0 0.60546875 0.45703125 0.010937500000000001 0.04296875
0 0.61328125 0.455078125 0.0078125 0.04296875
0 0.57578125 0.4580078125 0.010937500000000001 0.044921875
0 0.584375 0.4560546875 0.0125 0.041015625
0 0.59375 0.4580078125 0.0125 0.041015625
0 0.371875 0.46484375 0.00625 0.0234375
0 0.3765625 0.4638671875 0.00625 0.025390625
2 0.915625 0.44921875 0.16562500000000002 0.140625
2 0.47109375000000003 0.462890625 0.029687500000000002 0.0234375
2 0.45625000000000004 0.462890625 0.018750000000000003 0.0234375
