7 0.08125 0.345703125 0.0125 0.046875
7 0.11015625000000001 0.3916015625 0.0140625 0.021484375
7 0.6179687500000001 0.3818359375 0.0171875 0.017578125
7 0.6218750000000001 0.3369140625 0.015625 0.056640625
7 0.93359375 0.171875 0.0578125 0.08984375
7 0.828125 0.326171875 0.018750000000000003 0.05859375
9 0.9851562500000001 0.0830078125 0.026562500000000003 0.060546875
9 0.56953125 0.3818359375 0.010937500000000001 0.013671875
0 0.32890625 0.4580078125 0.0078125 0.037109375
0 0.33515625000000004 0.4580078125 0.0078125 0.033203125
0 0.34218750000000003 0.4580078125 0.00625 0.033203125
0 0.62265625 0.4521484375 0.026562500000000003 0.087890625
0 0.90234375 0.490234375 0.0703125 0.328125
0 0.8523437500000001 0.4853515625 0.06406250000000001 0.376953125
2 0.46875 0.453125 0.0125 0.01171875
2 0.48359375000000004 0.4521484375 0.010937500000000001 0.017578125
2 0.49609375 0.4521484375 0.0140625 0.017578125
2 0.54453125 0.458984375 0.0421875 0.046875
2 0.26015625000000003 0.4609375 0.060937500000000006 0.0546875
2 0.4265625 0.4482421875 0.07187500000000001 0.076171875
2 0.96484375 0.4833984375 0.0671875 0.076171875
8 0.60703125 0.46875 0.010937500000000001 0.04296875
