7 0.078125 0.38671875 0.0125 0.05078125
0 0.8515625 0.6494140625 0.06875 0.322265625
0 0.7117187500000001 0.6298828125 0.13593750000000002 0.291015625
0 0.11875000000000001 0.5927734375 0.07500000000000001 0.310546875
0 0.1421875 0.6240234375 0.140625 0.291015625
2 0.625 0.513671875 0.046875 0.04296875
2 0.5390625 0.5068359375 0.015625 0.017578125
2 0.49296875 0.505859375 0.0203125 0.0234375
2 0.40703125 0.4873046875 0.07968750000000001 0.115234375
2 0.46875 0.5068359375 0.034375 0.033203125
9 0.81171875 0.455078125 0.0203125 0.0390625
7 0.81953125 0.40234375 0.0171875 0.05078125
2 0.68125 0.5234375 0.059375000000000004 0.05859375
7 0.09921875000000001 0.3876953125 0.010937500000000001 0.052734375
9 0.0921875 0.4365234375 0.018750000000000003 0.041015625
