7 0.5945312500000001 0.4375 0.0078125 0.01171875
7 0.5890625 0.412109375 0.00625 0.0234375
7 0.59609375 0.3916015625 0.0078125 0.029296875
7 0.54921875 0.4130859375 0.004687500000000001 0.025390625
7 0.55 0.4375 0.00625 0.0078125
7 0.40468750000000003 0.34765625 0.00625 0.0234375
7 0.32343750000000004 0.3427734375 0.00625 0.025390625
7 0.18125000000000002 0.2890625 0.009375000000000001 0.03125
9 0.47734375 0.3837890625 0.0390625 0.009765625
9 0.50546875 0.435546875 0.0078125 0.0078125
9 0.50546875 0.4423828125 0.004687500000000001 0.005859375
9 0.60078125 0.4248046875 0.010937500000000001 0.013671875
1 0.921875 0.5185546875 0.09062500000000001 0.134765625
2 0.43984375000000003 0.478515625 0.0890625 0.09375
2 0.34765625 0.4765625 0.0578125 0.0546875
2 0.27187500000000003 0.4697265625 0.046875 0.056640625
2 0.18828125 0.4931640625 0.16718750000000002 0.134765625
0 0.9281250000000001 0.474609375 0.078125 0.19921875
