7 0.1296875 0.224609375 0.021875000000000002 0.08203125
7 0.09140625000000001 0.3134765625 0.0078125 0.029296875
7 0.1421875 0.3330078125 0.009375000000000001 0.029296875
7 0.9382812500000001 0.3193359375 0.0078125 0.033203125
7 0.98203125 0.3125 0.0078125 0.03515625
7 0.69296875 0.41796875 0.0078125 0.02734375
7 0.6351562500000001 0.3798828125 0.0078125 0.033203125
9 0.9632812500000001 0.310546875 0.0078125 0.01953125
2 0.60703125 0.48828125 0.010937500000000001 0.015625
7 0.35468750000000004 0.431640625 0.00625 0.0234375
0 0.49609375 0.490234375 0.004687500000000001 0.01953125
0 0.55859375 0.4912109375 0.004687500000000001 0.017578125
7 0.8984375 0.447265625 0.0125 0.03125
