9 0.39140625 0.47265625 0.0078125 0.01171875
0 0.15859375 0.5107421875 0.0328125 0.134765625
0 0.42890625000000004 0.4931640625 0.0140625 0.025390625
1 0.13671875 0.537109375 0.0234375 0.08984375
2 0.5750000000000001 0.5029296875 0.043750000000000004 0.029296875
2 0.6414062500000001 0.521484375 0.1046875 0.046875
2 0.43671875000000004 0.513671875 0.026562500000000003 0.05078125
2 0.49531250000000004 0.5283203125 0.115625 0.130859375
2 0.7875000000000001 0.5029296875 0.025 0.017578125
2 0.0234375 0.48828125 0.046875 0.02734375
