0 0.7312500000000001 0.4853515625 0.0125 0.076171875
0 0.71015625 0.486328125 0.0234375 0.08203125
0 0.6796875 0.4873046875 0.021875000000000002 0.083984375
0 0.45625000000000004 0.4375 0.00625 0.01953125
0 0.4734375 0.435546875 0.00625 0.0234375
0 0.029687500000000002 0.51953125 0.046875 0.1328125
0 0.5390625 0.4365234375 0.00625 0.021484375
0 0.43046875 0.435546875 0.004687500000000001 0.01953125
0 0.44843750000000004 0.4384765625 0.009375000000000001 0.021484375
2 0.08125 0.44140625 0.096875 0.03125
2 0.16484375 0.4658203125 0.0890625 0.068359375
2 0.12734375 0.48046875 0.1390625 0.078125
2 0.26953125 0.458984375 0.051562500000000004 0.0390625
2 0.50625 0.4375 0.03125 0.02734375
8 0.06875 0.5595703125 0.018750000000000003 0.068359375
8 0.39765625000000004 0.4462890625 0.004687500000000001 0.013671875
1 0.03828125 0.548828125 0.0421875 0.07421875
