7 0.21015625000000002 0.3173828125 0.0171875 0.060546875
7 0.2078125 0.384765625 0.015625 0.0234375
7 0.5453125 0.1513671875 0.018750000000000003 0.060546875
7 0.759375 0.298828125 0.018750000000000003 0.05859375
7 0.75390625 0.3662109375 0.010937500000000001 0.025390625
0 0.7046875 0.466796875 0.015625 0.04296875
0 0.7140625 0.4453125 0.0125 0.03515625
0 0.7234375000000001 0.4716796875 0.018750000000000003 0.052734375
0 0.51484375 0.4501953125 0.0078125 0.029296875
1 0.24765625000000002 0.5068359375 0.026562500000000003 0.064453125
1 0.584375 0.4697265625 0.00625 0.021484375
1 0.6015625 0.46875 0.00625 0.015625
2 0.33984375 0.5029296875 0.15156250000000002 0.115234375
2 0.42265625 0.47265625 0.07968750000000001 0.08984375
2 0.47500000000000003 0.4599609375 0.05 0.064453125
0 0.24765625000000002 0.478515625 0.035937500000000004 0.09765625
0 0.6000000000000001 0.458984375 0.009375000000000001 0.03125
0 0.58359375 0.45703125 0.010937500000000001 0.03515625
