0 0.9234375 0.5166015625 0.037500000000000006 0.099609375
0 0.94140625 0.517578125 0.0234375 0.1015625
0 0.8 0.4853515625 0.015625 0.037109375
0 0.759375 0.48828125 0.015625 0.03515625
0 0.7671875 0.5029296875 0.018750000000000003 0.060546875
0 0.81953125 0.4912109375 0.010937500000000001 0.033203125
0 0.30312500000000003 0.482421875 0.009375000000000001 0.01953125
0 0.1921875 0.4931640625 0.018750000000000003 0.056640625
0 0.03125 0.4931640625 0.021875000000000002 0.080078125
0 0.009375000000000001 0.4921875 0.018750000000000003 0.078125
2 0.48671875000000003 0.4931640625 0.0171875 0.025390625
2 0.42734375 0.494140625 0.026562500000000003 0.0234375
