4 0.50625 0.4013671875 0.028125 0.041015625
7 0.1375 0.0546875 0.065625 0.109375
7 0.16953125000000002 0.1435546875 0.0421875 0.130859375
7 0.28203125 0.14453125 0.0421875 0.125
7 0.21484375 0.3037109375 0.0171875 0.048828125
9 0.12890625 0.142578125 0.0578125 0.0703125
9 0.27578125000000003 0.2333984375 0.0484375 0.052734375
0 0.48515625 0.4033203125 0.0078125 0.017578125
0 0.43671875000000004 0.4052734375 0.010937500000000001 0.037109375
0 0.42265625 0.4013671875 0.010937500000000001 0.037109375
0 0.22578125000000002 0.4619140625 0.0484375 0.212890625
0 0.1859375 0.47265625 0.053125000000000006 0.19921875
0 0.1484375 0.4365234375 0.05 0.189453125
0 0.09843750000000001 0.4267578125 0.034375 0.216796875
0 0.057031250000000006 0.4228515625 0.0484375 0.212890625
0 0.018750000000000003 0.41796875 0.037500000000000006 0.1875
3 0.59609375 0.7119140625 0.2015625 0.435546875
0 0.5640625 0.6103515625 0.225 0.494140625
15 0.8640625000000001 0.4248046875 0.16562500000000002 0.103515625
