9 0.81171875 0.3701171875 0.010937500000000001 0.017578125
1 0.15000000000000002 0.4765625 0.053125000000000006 0.0625
1 0.2703125 0.462890625 0.03125 0.046875
1 0.36328125 0.4560546875 0.035937500000000004 0.041015625
1 0.41796875 0.451171875 0.026562500000000003 0.03515625
1 0.46328125000000003 0.4462890625 0.0234375 0.033203125
1 0.50703125 0.4453125 0.0140625 0.03515625
1 0.52265625 0.439453125 0.0078125 0.01953125
1 0.534375 0.4501953125 0.009375000000000001 0.025390625
1 0.54296875 0.44140625 0.0078125 0.015625
1 0.5546875 0.4453125 0.009375000000000001 0.02734375
1 0.571875 0.4423828125 0.009375000000000001 0.021484375
1 0.58125 0.44140625 0.009375000000000001 0.01953125
2 0.7796875000000001 0.427734375 0.0625 0.07421875
2 0.06328125 0.4248046875 0.1265625 0.103515625
0 0.58046875 0.423828125 0.0078125 0.0234375
0 0.571875 0.4287109375 0.009375000000000001 0.033203125
0 0.55390625 0.427734375 0.010937500000000001 0.04296875
0 0.5421875 0.4287109375 0.009375000000000001 0.021484375
0 0.5328125 0.4306640625 0.009375000000000001 0.029296875
0 0.5234375 0.427734375 0.009375000000000001 0.02734375
0 0.50625 0.42578125 0.015625 0.05078125
0 0.46015625000000004 0.4267578125 0.0140625 0.044921875
0 0.41796875 0.4345703125 0.0203125 0.052734375
0 0.36562500000000003 0.4326171875 0.025 0.056640625
0 0.27109375 0.4384765625 0.0328125 0.068359375
0 0.15000000000000002 0.439453125 0.040625 0.1015625
