7 0.4234375 0.369140625 0.009375000000000001 0.0234375
7 0.43281250000000004 0.3916015625 0.00625 0.017578125
9 0.6640625 0.380859375 0.0125 0.0234375
0 0.7250000000000001 0.453125 0.015625 0.05078125
0 0.15937500000000002 0.4765625 0.018750000000000003 0.08203125
0 0.35234375 0.46484375 0.0078125 0.0234375
0 0.29531250000000003 0.4775390625 0.009375000000000001 0.037109375
0 0.3046875 0.4775390625 0.0125 0.033203125
1 0.27578125000000003 0.5 0.0234375 0.0625
1 0.18125000000000002 0.4951171875 0.015625 0.060546875
1 0.22187500000000002 0.486328125 0.025 0.05078125
1 0.02890625 0.5126953125 0.051562500000000004 0.130859375
1 0.013281250000000001 0.513671875 0.026562500000000003 0.08203125
1 0.08046875 0.490234375 0.0671875 0.05859375
1 0.09843750000000001 0.4833984375 0.07500000000000001 0.064453125
2 0.9695312500000001 0.4716796875 0.0578125 0.072265625
2 0.8109375000000001 0.4912109375 0.27187500000000003 0.115234375
2 0.57734375 0.4931640625 0.09531250000000001 0.083984375
2 0.53046875 0.4833984375 0.0390625 0.068359375
2 0.44609375 0.4892578125 0.07968750000000001 0.072265625
0 0.27578125000000003 0.482421875 0.026562500000000003 0.0703125
