9 0.17500000000000002 0.4404296875 0.009375000000000001 0.013671875
0 0.5945312500000001 0.482421875 0.035937500000000004 0.15234375
0 0.07265625 0.4794921875 0.0171875 0.072265625
0 0.039843750000000004 0.47265625 0.0234375 0.07421875
0 0.01015625 0.466796875 0.0203125 0.05859375
2 0.23125 0.4697265625 0.025 0.025390625
2 0.21171875 0.466796875 0.0140625 0.015625
2 0.184375 0.4658203125 0.028125 0.025390625
2 0.13828125 0.4638671875 0.0546875 0.033203125
2 0.06328125 0.47265625 0.1015625 0.0390625
