9 0.4453125 0.392578125 0.053125000000000006 0.03125
9 0.5085937500000001 0.39453125 0.051562500000000004 0.03125
9 0.4109375 0.455078125 0.00625 0.0078125
9 0.446875 0.4501953125 0.00625 0.009765625
9 0.48671875000000003 0.4501953125 0.004687500000000001 0.005859375
9 0.4921875 0.443359375 0.009375000000000001 0.0078125
9 0.5 0.4482421875 0.015625 0.013671875
9 0.53671875 0.4453125 0.0078125 0.01171875
9 0.759375 0.435546875 0.018750000000000003 0.0078125
9 0.9359375000000001 0.392578125 0.028125 0.0234375
2 0.38593750000000004 0.46484375 0.009375000000000001 0.0078125
2 0.40390625 0.4677734375 0.0140625 0.013671875
2 0.43593750000000003 0.466796875 0.015625 0.015625
2 0.49609375 0.4638671875 0.0140625 0.009765625
2 0.6468750000000001 0.4853515625 0.09062500000000001 0.095703125
