7 0.8234375 0.333984375 0.0125 0.03125
7 0.828125 0.427734375 0.009375000000000001 0.0078125
7 0.35390625000000003 0.341796875 0.010937500000000001 0.02734375
9 0.21484375 0.4130859375 0.0328125 0.064453125
9 0.013281250000000001 0.447265625 0.026562500000000003 0.0625
9 0.4234375 0.431640625 0.018750000000000003 0.0234375
9 0.6734375 0.451171875 0.03125 0.0078125
9 0.6585937500000001 0.44140625 0.0390625 0.01171875
9 0.6742187500000001 0.4287109375 0.0328125 0.005859375
9 0.6726562500000001 0.419921875 0.029687500000000002 0.0078125
2 0.12578125 0.6865234375 0.2515625 0.291015625
2 0.22187500000000002 0.5751953125 0.240625 0.134765625
2 0.18125000000000002 0.501953125 0.040625 0.01953125
2 0.1296875 0.513671875 0.053125000000000006 0.0390625
2 0.03359375 0.5107421875 0.0671875 0.060546875
2 0.76875 0.509765625 0.07187500000000001 0.046875
2 0.565625 0.5966796875 0.184375 0.197265625
2 0.42421875000000003 0.5517578125 0.09531250000000001 0.107421875
2 0.47734375 0.54296875 0.035937500000000004 0.0859375
2 0.49375 0.5341796875 0.043750000000000004 0.072265625
2 0.49531250000000004 0.5009765625 0.065625 0.044921875
