4 0.47500000000000003 0.5458984375 0.0125 0.017578125
0 0.73046875 0.5849609375 0.0203125 0.072265625
0 0.74921875 0.583984375 0.0203125 0.06640625
0 0.7718750000000001 0.587890625 0.015625 0.0625
0 0.79453125 0.587890625 0.0171875 0.06640625
0 0.80625 0.5869140625 0.015625 0.068359375
0 0.5710937500000001 0.55859375 0.004687500000000001 0.0234375
0 0.584375 0.5615234375 0.00625 0.021484375
0 0.5140625 0.55078125 0.00625 0.015625
3 0.4546875 0.587890625 0.015625 0.03515625
2 0.48515625 0.55078125 0.0078125 0.0078125
2 0.4703125 0.552734375 0.009375000000000001 0.01171875
2 0.4625 0.5576171875 0.015625 0.017578125
2 0.45625000000000004 0.55078125 0.009375000000000001 0.01171875
2 0.43593750000000003 0.5751953125 0.018750000000000003 0.025390625
2 0.415625 0.5791015625 0.03125 0.033203125
2 0.42500000000000004 0.5576171875 0.021875000000000002 0.009765625
2 0.37890625 0.5888671875 0.045312500000000006 0.044921875
0 0.4546875 0.5771484375 0.015625 0.033203125
