9 0.7984375 0.3232421875 0.059375000000000004 0.025390625
9 0.7984375 0.294921875 0.021875000000000002 0.02734375
0 0.78671875 0.5361328125 0.045312500000000006 0.162109375
2 0.1625 0.5732421875 0.1625 0.130859375
2 0.11640625 0.5498046875 0.11406250000000001 0.115234375
2 0.27109375 0.54296875 0.08281250000000001 0.078125
2 0.32109375 0.5380859375 0.0421875 0.052734375
2 0.34140625 0.533203125 0.026562500000000003 0.046875
2 0.340625 0.521484375 0.053125000000000006 0.06640625
2 0.3953125 0.51171875 0.0125 0.01171875
2 0.55234375 0.5517578125 0.1078125 0.087890625
2 0.42578125 0.5107421875 0.0203125 0.017578125
2 0.46640625 0.5263671875 0.035937500000000004 0.037109375
2 0.4609375 0.5205078125 0.034375 0.044921875
