9 0.421875 0.455078125 0.009375000000000001 0.015625
9 0.53515625 0.482421875 0.0078125 0.01171875
0 0.43359375 0.4912109375 0.0078125 0.021484375
0 0.44921875 0.490234375 0.004687500000000001 0.01953125
0 0.45625000000000004 0.4912109375 0.00625 0.017578125
2 0.04609375 0.552734375 0.0921875 0.1015625
2 0.1953125 0.4873046875 0.043750000000000004 0.044921875
2 0.34921875 0.494140625 0.0921875 0.04296875
2 0.38515625000000003 0.4951171875 0.0421875 0.037109375
2 0.47265625 0.494140625 0.026562500000000003 0.03125
2 0.5078125 0.4990234375 0.025 0.025390625
