7 0.7203125 0.2041015625 0.021875000000000002 0.080078125
7 0.7234375000000001 0.306640625 0.034375 0.0390625
9 0.74609375 0.267578125 0.0734375 0.0234375
9 0.553125 0.318359375 0.021875000000000002 0.03125
9 0.55234375 0.345703125 0.010937500000000001 0.01953125
2 0.3671875 0.4208984375 0.018750000000000003 0.021484375
2 0.34296875000000004 0.4189453125 0.029687500000000002 0.033203125
2 0.31562500000000004 0.421875 0.037500000000000006 0.04296875
2 0.27734375 0.4287109375 0.0578125 0.056640625
2 0.2109375 0.443359375 0.08750000000000001 0.06640625
