0 0.8210937500000001 0.54296875 0.1078125 0.2421875
0 0.7484375000000001 0.525390625 0.059375000000000004 0.21875
0 0.70859375 0.53515625 0.0546875 0.23828125
0 0.6328125 0.5341796875 0.07500000000000001 0.228515625
0 0.571875 0.525390625 0.06875 0.2421875
0 0.48828125 0.4912109375 0.0171875 0.072265625
0 0.47578125000000004 0.4990234375 0.026562500000000003 0.087890625
0 0.43046875 0.4921875 0.026562500000000003 0.0859375
0 0.2484375 0.4794921875 0.0125 0.052734375
0 0.23750000000000002 0.48046875 0.015625 0.05859375
0 0.22265625 0.482421875 0.0140625 0.0625
0 0.21015625000000002 0.484375 0.010937500000000001 0.0625
0 0.19062500000000002 0.458984375 0.021875000000000002 0.03125
2 0.1078125 0.5126953125 0.215625 0.181640625
2 0.33671875 0.548828125 0.21406250000000002 0.21484375
9 0.4390625 0.4462890625 0.0125 0.017578125
