9 0.54296875 0.3837890625 0.0203125 0.029296875
0 0.625 0.431640625 0.021875000000000002 0.08203125
0 0.6039062500000001 0.4384765625 0.0234375 0.072265625
2 0.84765625 0.55859375 0.3015625 0.5625
2 0.40859375000000003 0.45703125 0.0734375 0.0390625
2 0.45625000000000004 0.45703125 0.03125 0.03125
2 0.05234375 0.470703125 0.0578125 0.02734375
2 0.12812500000000002 0.46875 0.08125 0.02734375
2 0.31796875 0.4541015625 0.0578125 0.048828125
2 0.28046875 0.458984375 0.029687500000000002 0.04296875
2 0.3515625 0.4560546875 0.009375000000000001 0.029296875
2 0.359375 0.45703125 0.0125 0.0234375
2 0.36640625000000004 0.4541015625 0.010937500000000001 0.017578125
9 0.6890625 0.2001953125 0.05 0.060546875
9 0.18828125 0.3623046875 0.026562500000000003 0.029296875
9 0.690625 0.2451171875 0.03125 0.013671875
