9 0.42890625000000004 0.4169921875 0.0140625 0.017578125
9 0.6734375 0.3681640625 0.03125 0.009765625
9 0.6734375 0.38671875 0.025 0.02734375
0 0.34609375000000003 0.4931640625 0.0234375 0.083984375
0 0.37109375 0.490234375 0.0203125 0.08203125
0 0.571875 0.4970703125 0.025 0.111328125
2 0.0203125 0.578125 0.040625 0.140625
2 0.09375 0.52734375 0.1875 0.17578125
2 0.21406250000000002 0.5205078125 0.09062500000000001 0.111328125
2 0.2765625 0.505859375 0.09375 0.09375
2 0.39296875000000003 0.46484375 0.06406250000000001 0.04296875
2 0.509375 0.4716796875 0.040625 0.033203125
2 0.5328125 0.4736328125 0.0125 0.025390625
2 0.54296875 0.47265625 0.0171875 0.0234375
2 0.8703125 0.6845703125 0.25625000000000003 0.376953125
2 0.7820312500000001 0.5830078125 0.19843750000000002 0.212890625
2 0.6765625000000001 0.5234375 0.1 0.10546875
2 0.6359375 0.51171875 0.053125000000000006 0.08984375
2 0.33906250000000004 0.4521484375 0.046875 0.029296875
0 0.6046875 0.505859375 0.053125000000000006 0.16796875
0 0.5609375 0.48828125 0.018750000000000003 0.1015625
15 0.5734375 0.556640625 0.018750000000000003 0.01171875
15 0.56015625 0.5419921875 0.0140625 0.009765625
15 0.603125 0.59765625 0.018750000000000003 0.015625
