7 0.40234375 0.4267578125 0.004687500000000001 0.009765625
7 0.43125 0.4482421875 0.003125 0.009765625
7 0.35078125000000004 0.4169921875 0.004687500000000001 0.013671875
9 0.9695312500000001 0.0478515625 0.0578125 0.095703125
9 0.9859375 0.1396484375 0.025 0.029296875
9 0.9906250000000001 0.19921875 0.015625 0.046875
9 0.41640625000000003 0.4345703125 0.0140625 0.005859375
9 0.11171875 0.42578125 0.010937500000000001 0.01171875
1 0.690625 0.5615234375 0.0625 0.142578125
2 0.43671875000000004 0.474609375 0.026562500000000003 0.03125
2 0.42265625 0.470703125 0.010937500000000001 0.0234375
2 0.39921875 0.4736328125 0.0203125 0.021484375
2 0.34453125 0.4765625 0.026562500000000003 0.02734375
2 0.359375 0.4755859375 0.0125 0.021484375
2 0.36953125000000003 0.47265625 0.0140625 0.01953125
2 0.38046875 0.47265625 0.010937500000000001 0.01953125
2 0.22031250000000002 0.486328125 0.025 0.02734375
2 0.20390625 0.4873046875 0.0234375 0.025390625
2 0.18281250000000002 0.490234375 0.034375 0.03515625
2 0.1453125 0.48828125 0.046875 0.046875
2 0.11171875 0.4951171875 0.045312500000000006 0.044921875
2 0.07578125000000001 0.58203125 0.15156250000000002 0.2890625
0 0.6921875000000001 0.505859375 0.065625 0.20703125
15 0.2671875 0.466796875 0.0625 0.06640625
9 0.59296875 0.3818359375 0.0328125 0.013671875
