9 0.34218750000000003 0.42578125 0.009375000000000001 0.015625
9 0.321875 0.39453125 0.015625 0.02734375
9 0.50625 0.423828125 0.009375000000000001 0.015625
0 0.515625 0.4677734375 0.015625 0.052734375
2 0.8601562500000001 0.49609375 0.2765625 0.19921875
2 0.6843750000000001 0.4833984375 0.15000000000000002 0.123046875
2 0.6078125000000001 0.4814453125 0.034375 0.095703125
2 0.1375 0.5341796875 0.275 0.248046875
2 0.2109375 0.466796875 0.1375 0.1171875
2 0.26484375 0.4580078125 0.0328125 0.091796875
15 0.48125 0.4501953125 0.0625 0.052734375
