9 0.5890625 0.4150390625 0.037500000000000006 0.044921875
9 0.23125 0.435546875 0.018750000000000003 0.01953125
9 0.23046875 0.44921875 0.0171875 0.0078125
9 0.15703125 0.4169921875 0.0171875 0.025390625
9 0.15703125 0.4013671875 0.010937500000000001 0.005859375
9 0.27578125000000003 0.435546875 0.029687500000000002 0.0078125
9 0.27578125000000003 0.4443359375 0.0328125 0.009765625
9 0.37734375000000003 0.439453125 0.004687500000000001 0.0078125
9 0.11875000000000001 0.4091796875 0.025 0.017578125
9 0.11484375000000001 0.4248046875 0.026562500000000003 0.013671875
2 0.4109375 0.4609375 0.028125 0.02734375
2 0.3484375 0.4638671875 0.018750000000000003 0.017578125
2 0.30234375 0.4697265625 0.035937500000000004 0.033203125
2 0.12578125 0.48828125 0.1203125 0.1015625
