7 0.49843750000000003 0.3857421875 0.00625 0.013671875
7 0.5359375000000001 0.3896484375 0.003125 0.009765625
9 0.47187500000000004 0.37890625 0.025 0.015625
0 0.3609375 0.419921875 0.00625 0.03515625
0 0.36562500000000003 0.4208984375 0.00625 0.033203125
0 0.36953125000000003 0.4189453125 0.0078125 0.041015625
0 0.3796875 0.419921875 0.0125 0.04296875
0 0.415625 0.412109375 0.00625 0.02734375
0 0.42578125 0.4130859375 0.0078125 0.025390625
0 0.46953125 0.4150390625 0.0078125 0.025390625
0 0.52109375 0.4140625 0.0078125 0.01953125
6 0.65234375 0.3896484375 0.18906250000000002 0.267578125
2 0.7507812500000001 0.439453125 0.026562500000000003 0.07421875
2 0.78046875 0.443359375 0.060937500000000006 0.078125
2 0.81953125 0.4560546875 0.0734375 0.091796875
2 0.909375 0.4658203125 0.15000000000000002 0.130859375
2 0.97421875 0.4873046875 0.0484375 0.126953125
