7 0.38593750000000004 0.453125 0.00625 0.01953125
7 0.71015625 0.3681640625 0.0171875 0.060546875
7 0.70234375 0.435546875 0.0203125 0.01953125
7 0.021875000000000002 0.3623046875 0.018750000000000003 0.064453125
9 0.7093750000000001 0.41015625 0.040625 0.0234375
0 0.051562500000000004 0.4951171875 0.018750000000000003 0.072265625
0 0.0859375 0.4990234375 0.018750000000000003 0.064453125
0 0.10703125000000001 0.4951171875 0.0171875 0.052734375
0 0.24453125 0.4931640625 0.0140625 0.052734375
0 0.3359375 0.484375 0.009375000000000001 0.01953125
0 0.37109375 0.4853515625 0.0078125 0.017578125
0 0.8484375000000001 0.517578125 0.021875000000000002 0.09375
0 0.878125 0.5224609375 0.018750000000000003 0.091796875
0 0.6609375000000001 0.490234375 0.018750000000000003 0.03125
0 0.63984375 0.49609375 0.0140625 0.02734375
2 0.4734375 0.5009765625 0.025 0.021484375
2 0.5125000000000001 0.4931640625 0.0125 0.013671875
2 0.5265625 0.5 0.018750000000000003 0.01953125
2 0.5578125 0.5029296875 0.025 0.025390625
2 0.53671875 0.4921875 0.0140625 0.015625
0 0.42109375000000004 0.4912109375 0.0078125 0.021484375
0 0.4140625 0.4912109375 0.00625 0.021484375
0 0.0234375 0.482421875 0.015625 0.0546875
9 0.025 0.40625 0.040625 0.01953125
7 0.02734375 0.4267578125 0.0203125 0.025390625
