7 0.13984375000000002 0.388671875 0.0078125 0.03125
7 0.40156250000000004 0.4052734375 0.00625 0.025390625
7 0.6875 0.404296875 0.00625 0.0234375
7 0.27734375 0.40234375 0.0078125 0.0234375
9 0.40468750000000003 0.4306640625 0.0125 0.021484375
7 0.83125 0.37109375 0.021875000000000002 0.05859375
9 0.68671875 0.4306640625 0.0140625 0.017578125
7 0.30625 0.373046875 0.018750000000000003 0.046875
0 0.10390625 0.5 0.026562500000000003 0.09375
0 0.7992187500000001 0.4697265625 0.0140625 0.052734375
0 0.9484375 0.4775390625 0.015625 0.033203125
0 0.8125 0.46484375 0.0125 0.0546875
1 0.75 0.49609375 0.03125 0.046875
2 0.5046875000000001 0.458984375 0.028125 0.02734375
2 0.51953125 0.4560546875 0.0140625 0.025390625
2 0.5390625 0.4736328125 0.037500000000000006 0.037109375
2 0.55234375 0.470703125 0.026562500000000003 0.03515625
2 0.61640625 0.447265625 0.010937500000000001 0.01171875
2 0.603125 0.4443359375 0.00625 0.005859375
2 0.5859375 0.4443359375 0.009375000000000001 0.005859375
0 0.75390625 0.4794921875 0.0234375 0.064453125
2 0.63671875 0.4521484375 0.0203125 0.017578125
