7 0.1125 0.30078125 0.018750000000000003 0.05859375
7 0.46718750000000003 0.154296875 0.018750000000000003 0.05859375
7 0.675 0.3125 0.018750000000000003 0.05859375
7 0.671875 0.380859375 0.015625 0.02734375
7 0.11015625000000001 0.37109375 0.0171875 0.03125
9 0.8093750000000001 0.3525390625 0.05 0.021484375
9 0.81015625 0.3310546875 0.0171875 0.017578125
0 0.08359375000000001 0.45703125 0.026562500000000003 0.07421875
0 0.039843750000000004 0.4453125 0.0234375 0.04296875
0 0.81015625 0.4794921875 0.0546875 0.111328125
0 0.7875000000000001 0.4814453125 0.059375000000000004 0.123046875
0 0.7328125000000001 0.46875 0.028125 0.0859375
0 0.50390625 0.4453125 0.0078125 0.01953125
0 0.5796875 0.4404296875 0.015625 0.017578125
0 0.09843750000000001 0.4423828125 0.015625 0.033203125
2 0.57734375 0.4765625 0.06406250000000001 0.0625
2 0.55078125 0.4697265625 0.0234375 0.048828125
2 0.5390625 0.466796875 0.025 0.04296875
2 0.5328125 0.4619140625 0.025 0.037109375
2 0.53359375 0.4501953125 0.0328125 0.033203125
2 0.5164062500000001 0.44921875 0.0171875 0.0234375
2 0.47187500000000004 0.4453125 0.018750000000000003 0.01953125
2 0.42734375 0.46875 0.06406250000000001 0.0625
