4 0.8828125 0.3759765625 0.23125 0.494140625
4 0.546875 0.373046875 0.05 0.0625
0 0.1546875 0.400390625 0.018750000000000003 0.0703125
0 0.17343750000000002 0.4033203125 0.025 0.080078125
0 0.19765625 0.4052734375 0.026562500000000003 0.095703125
0 0.23671875 0.4033203125 0.0203125 0.072265625
0 0.2171875 0.404296875 0.018750000000000003 0.0625
0 0.2578125 0.3984375 0.025 0.0703125
0 0.28046875 0.396484375 0.0140625 0.0390625
0 0.2890625 0.388671875 0.00625 0.03125
0 0.3484375 0.40625 0.015625 0.04296875
0 0.3125 0.4130859375 0.021875000000000002 0.068359375
0 0.38671875 0.4111328125 0.0140625 0.041015625
0 0.37343750000000003 0.40234375 0.0125 0.01953125
0 0.40078125000000003 0.404296875 0.0171875 0.046875
2 0.68515625 0.498046875 0.2109375 0.26171875
2 0.56953125 0.4384765625 0.0703125 0.095703125
2 0.47109375000000003 0.4580078125 0.15156250000000002 0.177734375
