0 0.41953125 0.4638671875 0.010937500000000001 0.013671875
2 0.01953125 0.5732421875 0.0390625 0.205078125
2 0.09921875000000001 0.5517578125 0.17343750000000002 0.166015625
2 0.21250000000000002 0.5302734375 0.125 0.119140625
2 0.3015625 0.4794921875 0.059375000000000004 0.060546875
2 0.33437500000000003 0.5068359375 0.084375 0.076171875
2 0.38203125000000004 0.4970703125 0.0421875 0.060546875
2 0.4234375 0.490234375 0.043750000000000004 0.04296875
2 0.44609375 0.48828125 0.0203125 0.03515625
2 0.45 0.484375 0.025 0.03125
2 0.453125 0.4814453125 0.028125 0.037109375
2 0.465625 0.4814453125 0.0125 0.033203125
2 0.4703125 0.4794921875 0.0125 0.029296875
2 0.48046875 0.474609375 0.0203125 0.02734375
2 0.49062500000000003 0.470703125 0.0125 0.01953125
2 0.49140625000000004 0.4658203125 0.0171875 0.021484375
2 0.503125 0.4677734375 0.009375000000000001 0.013671875
2 0.5078125 0.4658203125 0.0125 0.013671875
2 0.8359375 0.603515625 0.26875 0.21484375
2 0.74609375 0.5400390625 0.1703125 0.177734375
2 0.66953125 0.521484375 0.0546875 0.125
2 0.63828125 0.5146484375 0.045312500000000006 0.068359375
2 0.52109375 0.462890625 0.010937500000000001 0.01171875
0 0.56015625 0.4970703125 0.026562500000000003 0.083984375
0 0.58125 0.494140625 0.018750000000000003 0.078125
0 0.6101562500000001 0.509765625 0.0421875 0.1328125
15 0.6062500000000001 0.5810546875 0.018750000000000003 0.013671875
15 0.55859375 0.544921875 0.010937500000000001 0.0078125
15 0.58125 0.537109375 0.0125 0.0078125
