4 0.52734375 0.3916015625 0.026562500000000003 0.029296875
9 0.890625 0.3310546875 0.015625 0.041015625
9 0.89453125 0.357421875 0.0171875 0.015625
0 0.40468750000000003 0.400390625 0.009375000000000001 0.02734375
0 0.36953125000000003 0.4140625 0.026562500000000003 0.078125
0 0.42500000000000004 0.41015625 0.015625 0.04296875
0 0.26328125 0.421875 0.0234375 0.078125
0 0.01640625 0.4365234375 0.0328125 0.138671875
1 0.47968750000000004 0.4404296875 0.018750000000000003 0.048828125
1 0.5085937500000001 0.4296875 0.0140625 0.0390625
1 0.032031250000000004 0.5478515625 0.06406250000000001 0.087890625
6 0.58515625 0.3955078125 0.09531250000000001 0.166015625
2 0.5281250000000001 0.4189453125 0.025 0.033203125
2 0.6203125 0.4697265625 0.15000000000000002 0.158203125
2 0.8 0.4736328125 0.1625 0.158203125
0 0.5085937500000001 0.4150390625 0.0140625 0.041015625
0 0.47890625000000003 0.4296875 0.0171875 0.0703125
