1 0.46171875 0.5205078125 0.0140625 0.029296875
1 0.47500000000000003 0.525390625 0.0125 0.03125
1 0.5 0.5263671875 0.018750000000000003 0.041015625
1 0.51796875 0.5341796875 0.0171875 0.048828125
1 0.5281250000000001 0.5283203125 0.015625 0.052734375
1 0.59765625 0.548828125 0.035937500000000004 0.0703125
1 0.8921875 0.6015625 0.096875 0.15234375
2 0.07500000000000001 0.48828125 0.115625 0.0703125
2 0.015625 0.5556640625 0.03125 0.263671875
2 0.77109375 0.537109375 0.060937500000000006 0.0546875
0 0.4609375 0.5078125 0.0125 0.04296875
0 0.47578125000000004 0.5126953125 0.0140625 0.044921875
0 0.5 0.5126953125 0.018750000000000003 0.056640625
0 0.51953125 0.5146484375 0.0203125 0.072265625
0 0.5296875 0.505859375 0.015625 0.0625
0 0.6000000000000001 0.521484375 0.037500000000000006 0.0859375
0 0.88828125 0.5419921875 0.08281250000000001 0.193359375
15 0.6492187500000001 0.5087890625 0.18906250000000002 0.146484375
