7 0.7375 0.3798828125 0.0125 0.017578125
7 0.7421875 0.3271484375 0.009375000000000001 0.033203125
7 0.5593750000000001 0.3916015625 0.0125 0.013671875
7 0.56171875 0.3505859375 0.010937500000000001 0.041015625
7 0.09140625000000001 0.3701171875 0.010937500000000001 0.044921875
7 0.11875000000000001 0.408203125 0.0125 0.015625
7 0.6859375000000001 0.2861328125 0.043750000000000004 0.048828125
9 0.734375 0.361328125 0.009375000000000001 0.015625
9 0.7734375 0.3671875 0.025 0.0078125
9 0.69296875 0.2412109375 0.035937500000000004 0.041015625
9 0.6820312500000001 0.1796875 0.0390625 0.08203125
9 0.52734375 0.388671875 0.010937500000000001 0.015625
0 0.7132812500000001 0.4521484375 0.0140625 0.064453125
0 0.675 0.4521484375 0.021875000000000002 0.068359375
0 0.659375 0.453125 0.018750000000000003 0.0703125
0 0.6218750000000001 0.4501953125 0.015625 0.068359375
0 0.6140625000000001 0.4541015625 0.018750000000000003 0.068359375
0 0.58984375 0.458984375 0.0140625 0.07421875
0 0.57421875 0.4599609375 0.0203125 0.080078125
0 0.39765625000000004 0.4658203125 0.0140625 0.076171875
0 0.38984375000000004 0.4658203125 0.0171875 0.080078125
0 0.07421875 0.470703125 0.0140625 0.0625
0 0.060937500000000006 0.46875 0.015625 0.0703125
0 0.18515625000000002 0.46484375 0.0140625 0.05078125
0 0.2078125 0.466796875 0.009375000000000001 0.046875
0 0.26953125 0.455078125 0.010937500000000001 0.0234375
0 0.790625 0.4453125 0.0125 0.05078125
2 0.47890625000000003 0.4541015625 0.0078125 0.009765625
2 0.43671875000000004 0.455078125 0.010937500000000001 0.01171875
2 0.24609375 0.466796875 0.0578125 0.046875
2 0.503125 0.458984375 0.040625 0.0390625
8 0.55078125 0.466796875 0.0078125 0.03515625
