7 0.7507812500000001 0.26953125 0.026562500000000003 0.1015625
7 0.8210937500000001 0.220703125 0.035937500000000004 0.12890625
9 0.7820312500000001 0.3916015625 0.0140625 0.017578125
9 0.7835937500000001 0.3720703125 0.010937500000000001 0.013671875
0 0.25078125 0.4560546875 0.0328125 0.169921875
0 0.26406250000000003 0.435546875 0.025 0.12109375
0 0.4421875 0.431640625 0.015625 0.03125
0 0.51484375 0.421875 0.0078125 0.0234375
0 0.8718750000000001 0.4638671875 0.021875000000000002 0.064453125
0 0.675 0.435546875 0.0125 0.02734375
0 0.63984375 0.4296875 0.004687500000000001 0.01953125
0 0.64609375 0.4296875 0.0078125 0.01953125
2 0.78515625 0.4736328125 0.08281250000000001 0.095703125
2 0.71015625 0.4580078125 0.0578125 0.060546875
2 0.56953125 0.4287109375 0.0171875 0.013671875
2 0.584375 0.4306640625 0.015625 0.013671875
2 0.59921875 0.4326171875 0.0171875 0.017578125
2 0.6195312500000001 0.439453125 0.029687500000000002 0.02734375
2 0.52734375 0.4208984375 0.0203125 0.017578125
