9 0.36250000000000004 0.451171875 0.018750000000000003 0.0234375
9 0.3609375 0.423828125 0.015625 0.0234375
9 0.36015625 0.474609375 0.0140625 0.01953125
9 0.53125 0.4296875 0.018750000000000003 0.0078125
9 0.53125 0.4365234375 0.015625 0.005859375
9 0.37578125 0.4013671875 0.010937500000000001 0.005859375
2 0.37890625 0.4150390625 0.004687500000000001 0.005859375
2 0.39140625 0.4169921875 0.0078125 0.005859375
2 0.43203125000000003 0.4326171875 0.0078125 0.005859375
2 0.45859375 0.4853515625 0.0328125 0.033203125
2 0.31562500000000004 0.4833984375 0.046875 0.037109375
2 0.88984375 0.53515625 0.2171875 0.3203125
