4 0.5328125 0.330078125 0.21875 0.421875
0 0.146875 0.408203125 0.021875000000000002 0.09765625
0 0.047656250000000004 0.3994140625 0.0328125 0.099609375
0 0.025 0.400390625 0.025 0.08984375
0 0.0765625 0.37890625 0.028125 0.0625
0 0.2578125 0.3984375 0.015625 0.046875
0 0.22265625 0.40234375 0.0234375 0.0859375
0 0.2421875 0.404296875 0.018750000000000003 0.0546875
0 0.19921875 0.408203125 0.0234375 0.09375
0 0.415625 0.4140625 0.018750000000000003 0.05859375
0 0.37734375000000003 0.3994140625 0.0140625 0.041015625
0 0.66171875 0.4111328125 0.0078125 0.021484375
0 0.6703125000000001 0.4111328125 0.00625 0.021484375
0 0.6484375 0.4091796875 0.00625 0.017578125
0 0.015625 0.3818359375 0.015625 0.072265625
2 0.88203125 0.458984375 0.0765625 0.0625
2 0.8296875 0.4462890625 0.05625 0.052734375
2 0.7875000000000001 0.4345703125 0.053125000000000006 0.056640625
2 0.9812500000000001 0.46875 0.034375 0.078125
2 0.74765625 0.4365234375 0.0328125 0.037109375
2 0.7296875 0.4287109375 0.03125 0.033203125
2 0.6960937500000001 0.4208984375 0.0328125 0.017578125
