7 0.80625 0.29296875 0.018750000000000003 0.05859375
7 0.81796875 0.36328125 0.0203125 0.02734375
7 0.5554687500000001 0.375 0.0203125 0.0234375
7 0.5593750000000001 0.3203125 0.015625 0.0546875
9 0.8640625000000001 0.345703125 0.040625 0.01171875
9 0.8140625 0.3349609375 0.025 0.017578125
9 0.49531250000000004 0.3837890625 0.0125 0.021484375
0 0.6023437500000001 0.453125 0.0328125 0.11328125
0 0.58203125 0.458984375 0.0234375 0.1015625
0 0.53125 0.4599609375 0.018750000000000003 0.083984375
0 0.16718750000000002 0.4736328125 0.040625 0.111328125
0 0.034375 0.4736328125 0.043750000000000004 0.115234375
0 0.0203125 0.4736328125 0.040625 0.103515625
0 0.013281250000000001 0.4765625 0.026562500000000003 0.09765625
1 0.90625 0.6025390625 0.184375 0.208984375
2 0.465625 0.4658203125 0.05 0.048828125
2 0.14765625000000002 0.4716796875 0.0765625 0.064453125
2 0.38359375 0.4609375 0.0171875 0.015625
2 0.4140625 0.4609375 0.015625 0.01171875
2 0.4375 0.4560546875 0.0125 0.021484375
0 0.93671875 0.5 0.1234375 0.2890625
8 0.5390625 0.4765625 0.015625 0.05078125
