1 0.7296875 0.5830078125 0.05625 0.119140625
2 0.060937500000000006 0.5107421875 0.12187500000000001 0.126953125
2 0.146875 0.4970703125 0.10312500000000001 0.095703125
2 0.22421875000000002 0.4853515625 0.0890625 0.087890625
2 0.28359375000000003 0.484375 0.0671875 0.0625
2 0.41015625 0.4619140625 0.0390625 0.033203125
2 0.4375 0.4658203125 0.018750000000000003 0.029296875
2 0.45078125 0.46484375 0.0171875 0.02734375
2 0.4609375 0.4638671875 0.0125 0.025390625
2 0.4859375 0.4580078125 0.018750000000000003 0.021484375
2 0.5085937500000001 0.458984375 0.010937500000000001 0.01171875
2 0.5164062500000001 0.4580078125 0.0078125 0.009765625
2 0.5234375 0.4580078125 0.00625 0.009765625
0 0.7312500000000001 0.544921875 0.053125000000000006 0.17578125
7 0.5437500000000001 0.3837890625 0.00625 0.005859375
7 0.54296875 0.4033203125 0.004687500000000001 0.005859375
7 0.4734375 0.4169921875 0.003125 0.005859375
7 0.59609375 0.4052734375 0.004687500000000001 0.013671875
0 0.5398437500000001 0.45703125 0.004687500000000001 0.015625
0 0.55234375 0.458984375 0.004687500000000001 0.015625
0 0.6453125000000001 0.4599609375 0.009375000000000001 0.013671875
7 0.5828125000000001 0.4248046875 0.00625 0.017578125
