7 0.57734375 0.4765625 0.004687500000000001 0.0078125
7 0.64453125 0.47265625 0.004687500000000001 0.0078125
7 0.6937500000000001 0.458984375 0.003125 0.01171875
9 0.8359375 0.365234375 0.046875 0.0546875
9 0.8328125000000001 0.3271484375 0.05625 0.021484375
9 0.828125 0.2568359375 0.096875 0.126953125
9 0.73984375 0.4296875 0.0140625 0.015625
9 0.5984375000000001 0.458984375 0.009375000000000001 0.015625
9 0.58203125 0.4619140625 0.010937500000000001 0.013671875
9 0.47890625000000003 0.3623046875 0.0546875 0.064453125
9 0.546875 0.3515625 0.059375000000000004 0.0625
0 0.35781250000000003 0.5185546875 0.015625 0.044921875
2 0.565625 0.505859375 0.034375 0.03125
2 0.5890625 0.5263671875 0.025 0.052734375
2 0.6117187500000001 0.48828125 0.0484375 0.02734375
2 0.69140625 0.490234375 0.029687500000000002 0.02734375
2 0.6468750000000001 0.564453125 0.134375 0.1484375
2 0.6570312500000001 0.484375 0.0328125 0.01171875
