9 0.44921875 0.439453125 0.004687500000000001 0.0078125
0 0.5890625 0.466796875 0.009375000000000001 0.0234375
0 0.4859375 0.4619140625 0.00625 0.017578125
1 0.6125 0.48828125 0.018750000000000003 0.0234375
2 0.7507812500000001 0.4853515625 0.035937500000000004 0.025390625
2 0.48046875 0.4609375 0.0078125 0.0078125
2 0.46406250000000004 0.4599609375 0.015625 0.013671875
2 0.45078125 0.46484375 0.010937500000000001 0.01953125
2 0.43828125 0.46484375 0.0171875 0.0234375
2 0.42265625 0.4677734375 0.0203125 0.021484375
2 0.36875 0.474609375 0.025 0.046875
2 0.3328125 0.4716796875 0.05625 0.060546875
2 0.30781250000000004 0.48046875 0.046875 0.046875
2 0.2578125 0.4931640625 0.059375000000000004 0.072265625
2 0.18359375 0.5009765625 0.1265625 0.083984375
0 0.6140625000000001 0.478515625 0.015625 0.03125
8 0.57578125 0.4794921875 0.004687500000000001 0.013671875
