7 0.22187500000000002 0.4111328125 0.00625 0.017578125
7 0.26171875 0.41015625 0.004687500000000001 0.015625
7 0.29765625 0.4169921875 0.004687500000000001 0.013671875
7 0.26953125 0.4140625 0.004687500000000001 0.015625
7 0.33984375 0.4423828125 0.004687500000000001 0.013671875
9 0.56484375 0.283203125 0.06406250000000001 0.078125
9 0.56640625 0.3310546875 0.0390625 0.013671875
9 0.56640625 0.353515625 0.0390625 0.0234375
9 0.43281250000000004 0.4091796875 0.021875000000000002 0.033203125
9 0.5203125000000001 0.4130859375 0.009375000000000001 0.013671875
9 0.041406250000000006 0.498046875 0.0203125 0.0859375
9 0.253125 0.41015625 0.009375000000000001 0.015625
9 0.33906250000000004 0.4287109375 0.00625 0.005859375
0 0.7992187500000001 0.4658203125 0.0171875 0.083984375
0 0.7796875000000001 0.462890625 0.025 0.08984375
0 0.48359375000000004 0.4677734375 0.010937500000000001 0.041015625
1 0.5828125000000001 0.4892578125 0.065625 0.056640625
2 0.36015625 0.486328125 0.0546875 0.0546875
2 0.32890625 0.4775390625 0.0234375 0.037109375
2 0.31484375000000003 0.4697265625 0.0140625 0.021484375
2 0.27265625 0.4794921875 0.045312500000000006 0.052734375
2 0.22187500000000002 0.5009765625 0.10312500000000001 0.099609375
2 0.1609375 0.478515625 0.040625 0.0390625
2 0.13593750000000002 0.48046875 0.015625 0.02734375
2 0.12421875 0.4794921875 0.0171875 0.029296875
2 0.1171875 0.48046875 0.015625 0.02734375
2 0.1078125 0.4833984375 0.015625 0.025390625
2 0.08984375 0.4873046875 0.0328125 0.033203125
2 0.041406250000000006 0.48828125 0.0578125 0.05078125
