9 0.96015625 0.345703125 0.035937500000000004 0.03125
9 0.9625 0.30859375 0.03125 0.0390625
0 0.07421875 0.3857421875 0.0078125 0.029296875
0 0.060937500000000006 0.384765625 0.009375000000000001 0.02734375
0 0.415625 0.3974609375 0.0125 0.029296875
0 0.39765625000000004 0.3994140625 0.0078125 0.025390625
0 0.765625 0.4140625 0.009375000000000001 0.03515625
1 0.15625 0.400390625 0.034375 0.0234375
1 0.69140625 0.458984375 0.045312500000000006 0.07421875
2 0.5710937500000001 0.46875 0.1859375 0.17578125
2 0.68671875 0.4130859375 0.08281250000000001 0.052734375
2 0.946875 0.5634765625 0.10312500000000001 0.287109375
0 0.15625 0.388671875 0.018750000000000003 0.046875
0 0.69140625 0.4267578125 0.0421875 0.087890625
