1 0.34765625 0.486328125 0.0203125 0.04296875
1 0.32578125 0.4990234375 0.0234375 0.044921875
1 0.26640625 0.5146484375 0.035937500000000004 0.056640625
1 0.13671875 0.5537109375 0.0671875 0.107421875
1 0.19375 0.56640625 0.109375 0.140625
1 0.596875 0.564453125 0.19687500000000002 0.1484375
2 0.49609375 0.4775390625 0.026562500000000003 0.041015625
2 0.5078125 0.482421875 0.025 0.05078125
2 0.5398437500000001 0.4794921875 0.060937500000000006 0.076171875
2 0.309375 0.4755859375 0.018750000000000003 0.029296875
2 0.28984375 0.4814453125 0.0328125 0.060546875
2 0.04296875 0.505859375 0.0859375 0.12109375
0 0.5953125 0.5068359375 0.10312500000000001 0.224609375
0 0.12812500000000002 0.5185546875 0.05625 0.173828125
0 0.153125 0.4814453125 0.040625 0.123046875
0 0.20078125000000002 0.4951171875 0.09531250000000001 0.212890625
0 0.24140625000000002 0.48828125 0.026562500000000003 0.125
0 0.265625 0.4873046875 0.03125 0.107421875
0 0.32578125 0.4775390625 0.0234375 0.068359375
0 0.34687500000000004 0.4716796875 0.018750000000000003 0.056640625
7 0.6156250000000001 0.3291015625 0.0125 0.037109375
2 0.39687500000000003 0.4716796875 0.03125 0.029296875
