7 0.1203125 0.2314453125 0.021875000000000002 0.083984375
7 0.13671875 0.341796875 0.0078125 0.02734375
7 0.9453125 0.3291015625 0.009375000000000001 0.037109375
7 0.9929687500000001 0.32421875 0.010937500000000001 0.0390625
7 0.63203125 0.4619140625 0.004687500000000001 0.013671875
7 0.9046875000000001 0.4580078125 0.00625 0.025390625
7 0.6960937500000001 0.4296875 0.0078125 0.02734375
7 0.6375000000000001 0.3935546875 0.009375000000000001 0.037109375
7 0.08281250000000001 0.3203125 0.00625 0.0390625
9 0.9710937500000001 0.3212890625 0.0078125 0.025390625
0 0.56015625 0.5029296875 0.004687500000000001 0.013671875
2 0.60859375 0.5 0.010937500000000001 0.01171875
