7 0.2546875 0.3837890625 0.015625 0.041015625
7 0.7273437500000001 0.384765625 0.010937500000000001 0.03515625
0 0.32265625000000003 0.4755859375 0.0140625 0.037109375
0 0.34375 0.4697265625 0.015625 0.025390625
0 0.7429687500000001 0.462890625 0.010937500000000001 0.03125
2 0.47109375000000003 0.4775390625 0.0390625 0.037109375
2 0.5515625000000001 0.4501953125 0.015625 0.013671875
2 0.5710937500000001 0.4560546875 0.0171875 0.017578125
2 0.58359375 0.44140625 0.010937500000000001 0.01171875
2 0.5750000000000001 0.435546875 0.0125 0.01171875
2 0.5921875 0.43359375 0.00625 0.0078125
2 0.6039062500000001 0.435546875 0.010937500000000001 0.01171875
8 0.340625 0.5126953125 0.0125 0.037109375
