7 0.08828125 0.4599609375 0.0390625 0.056640625
7 0.515625 0.51171875 0.00625 0.01953125
0 0.22812500000000002 0.5927734375 0.015625 0.076171875
0 0.25390625 0.5849609375 0.026562500000000003 0.080078125
0 0.27968750000000003 0.5986328125 0.025 0.068359375
0 0.32656250000000003 0.5751953125 0.015625 0.048828125
0 0.3125 0.578125 0.0125 0.046875
0 0.8992187500000001 0.5947265625 0.035937500000000004 0.037109375
0 0.8734375000000001 0.5927734375 0.021875000000000002 0.037109375
0 0.84921875 0.59375 0.0234375 0.03125
0 0.8234375 0.5908203125 0.021875000000000002 0.037109375
0 0.8046875 0.58984375 0.018750000000000003 0.03515625
0 0.7890625 0.587890625 0.015625 0.03125
0 0.77734375 0.5869140625 0.010937500000000001 0.025390625
0 0.7328125000000001 0.580078125 0.015625 0.02734375
0 0.6273437500000001 0.564453125 0.004687500000000001 0.01171875
0 0.6351562500000001 0.5634765625 0.0078125 0.009765625
0 0.65546875 0.564453125 0.004687500000000001 0.01171875
0 0.41640625000000003 0.5498046875 0.004687500000000001 0.017578125
0 0.41015625 0.5498046875 0.004687500000000001 0.017578125
0 0.5554687500000001 0.552734375 0.0078125 0.01953125
0 0.5632812500000001 0.552734375 0.0078125 0.01953125
2 0.46171875 0.5673828125 0.0203125 0.017578125
2 0.4390625 0.56640625 0.021875000000000002 0.01953125
2 0.4390625 0.552734375 0.015625 0.01171875
2 0.4703125 0.6611328125 0.15625 0.169921875
