7 0.7125 0.275390625 0.046875 0.0546875
7 0.32421875 0.0537109375 0.045312500000000006 0.060546875
7 0.1078125 0.0546875 0.040625 0.0625
7 0.6796875 0.287109375 0.018750000000000003 0.046875
7 0.7156250000000001 0.353515625 0.021875000000000002 0.03515625
9 0.39921875 0.060546875 0.0328125 0.0625
9 0.171875 0.0673828125 0.03125 0.060546875
0 0.05078125 0.494140625 0.0421875 0.1328125
6 0.978125 0.4345703125 0.03125 0.033203125
2 0.85078125 0.447265625 0.0390625 0.02734375
2 0.16875 0.4853515625 0.043750000000000004 0.052734375
2 0.13046875 0.490234375 0.0546875 0.05859375
2 0.07500000000000001 0.490234375 0.08125 0.06640625
2 0.014843750000000001 0.4970703125 0.029687500000000002 0.052734375
2 0.48671875000000003 0.5517578125 0.3953125 0.400390625
15 0.22421875000000002 0.46484375 0.0921875 0.1015625
