9 0.925 0.4736328125 0.025 0.013671875
0 0.54609375 0.4921875 0.0140625 0.03515625
0 0.2109375 0.47265625 0.0125 0.02734375
2 0.6062500000000001 0.5498046875 0.19062500000000002 0.166015625
2 0.45078125 0.48828125 0.0671875 0.03125
2 0.39921875 0.5107421875 0.0671875 0.056640625
2 0.33046875000000003 0.509765625 0.1421875 0.0625
2 0.018750000000000003 0.4736328125 0.037500000000000006 0.056640625
2 0.05390625 0.474609375 0.051562500000000004 0.046875
2 0.1046875 0.4755859375 0.07187500000000001 0.041015625
2 0.13984375000000002 0.4736328125 0.045312500000000006 0.033203125
2 0.16796875 0.474609375 0.0390625 0.03515625
2 0.3203125 0.478515625 0.065625 0.0234375
2 0.24296875 0.4775390625 0.0421875 0.029296875
2 0.275 0.4755859375 0.037500000000000006 0.025390625
2 0.4 0.482421875 0.028125 0.01953125
