7 0.57578125 0.3232421875 0.0140625 0.052734375
7 0.5640625 0.3291015625 0.018750000000000003 0.060546875
7 0.36796875 0.23046875 0.0140625 0.05078125
7 0.37421875000000004 0.3701171875 0.0078125 0.021484375
7 0.328125 0.373046875 0.00625 0.01953125
7 0.037500000000000006 0.1806640625 0.028125 0.083984375
9 0.36250000000000004 0.3662109375 0.0125 0.017578125
0 0.9859375 0.455078125 0.025 0.16796875
0 0.96484375 0.4609375 0.035937500000000004 0.16015625
0 0.77265625 0.46875 0.0390625 0.140625
0 0.5554687500000001 0.439453125 0.0171875 0.0390625
0 0.540625 0.4677734375 0.025 0.087890625
0 0.49296875 0.462890625 0.0171875 0.05078125
0 0.525 0.4619140625 0.009375000000000001 0.044921875
0 0.50546875 0.45703125 0.0078125 0.03125
0 0.2625 0.4560546875 0.00625 0.033203125
1 0.7859375000000001 0.517578125 0.07187500000000001 0.12109375
2 0.4453125 0.4658203125 0.0125 0.017578125
2 0.42812500000000003 0.466796875 0.028125 0.02734375
2 0.3828125 0.4658203125 0.00625 0.017578125
2 0.37265625 0.4658203125 0.0203125 0.021484375
2 0.14765625000000002 0.4892578125 0.1015625 0.083984375
