7 0.85546875 0.3515625 0.0171875 0.05859375
7 0.11953125 0.384765625 0.010937500000000001 0.0390625
9 0.56171875 0.41796875 0.0171875 0.03125
0 0.1859375 0.4765625 0.0125 0.0546875
0 0.20546875 0.4775390625 0.0140625 0.048828125
0 0.7515625 0.470703125 0.018750000000000003 0.0703125
0 0.7742187500000001 0.4716796875 0.0203125 0.087890625
0 0.7921875 0.4677734375 0.025 0.099609375
0 0.8054687500000001 0.470703125 0.0203125 0.08203125
0 0.9539062500000001 0.4658203125 0.045312500000000006 0.154296875
0 0.9750000000000001 0.4970703125 0.046875 0.201171875
0 0.00703125 0.484375 0.0140625 0.0703125
0 0.571875 0.462890625 0.009375000000000001 0.03515625
0 0.5906250000000001 0.455078125 0.00625 0.01953125
1 0.16796875 0.5 0.035937500000000004 0.046875
1 0.22031250000000002 0.4970703125 0.021875000000000002 0.044921875
1 0.2546875 0.498046875 0.018750000000000003 0.0390625
2 0.371875 0.490234375 0.043750000000000004 0.05859375
2 0.31640625 0.48046875 0.0765625 0.0859375
2 0.4703125 0.5205078125 0.203125 0.201171875
0 0.16718750000000002 0.4775390625 0.025 0.068359375
0 0.22031250000000002 0.4794921875 0.021875000000000002 0.064453125
0 0.2546875 0.4775390625 0.018750000000000003 0.068359375
