7 0.35781250000000003 0.189453125 0.015625 0.0625
7 0.6625000000000001 0.3515625 0.018750000000000003 0.06640625
9 0.421875 0.1826171875 0.034375 0.044921875
9 0.6546875000000001 0.2529296875 0.05 0.025390625
9 0.6640625 0.4248046875 0.018750000000000003 0.025390625
0 0.7351562500000001 0.5390625 0.0390625 0.1484375
0 0.8390625 0.5263671875 0.043750000000000004 0.126953125
0 0.90390625 0.5322265625 0.0421875 0.181640625
2 0.49140625000000004 0.4892578125 0.0140625 0.013671875
2 0.478125 0.4873046875 0.00625 0.005859375
2 0.45859375 0.490234375 0.010937500000000001 0.01171875
7 0.8914062500000001 0.3037109375 0.0203125 0.083984375
