0 0.44765625000000003 0.4599609375 0.010937500000000001 0.037109375
0 0.50546875 0.4423828125 0.004687500000000001 0.017578125
1 0.46015625000000004 0.4609375 0.0078125 0.015625
1 0.52578125 0.4560546875 0.0078125 0.013671875
2 0.56484375 0.44140625 0.0203125 0.015625
2 0.59296875 0.4462890625 0.029687500000000002 0.025390625
2 0.61484375 0.44921875 0.0234375 0.02734375
2 0.6421875 0.443359375 0.021875000000000002 0.01953125
2 0.65625 0.4560546875 0.021875000000000002 0.021484375
2 0.6953125 0.458984375 0.08125 0.02734375
2 0.72421875 0.4638671875 0.0578125 0.037109375
2 0.7992187500000001 0.486328125 0.0484375 0.046875
2 0.8835937500000001 0.5205078125 0.0890625 0.107421875
2 0.97265625 0.5107421875 0.051562500000000004 0.072265625
2 0.97578125 0.5810546875 0.045312500000000006 0.126953125
2 0.49609375 0.4384765625 0.0078125 0.009765625
2 0.5015625 0.4384765625 0.003125 0.005859375
2 0.5265625 0.447265625 0.015625 0.01953125
2 0.58359375 0.4765625 0.0484375 0.05078125
2 0.66328125 0.5234375 0.11406250000000001 0.09765625
2 0.8210937500000001 0.619140625 0.2390625 0.19921875
2 0.47578125000000004 0.4423828125 0.010937500000000001 0.013671875
2 0.46875 0.443359375 0.009375000000000001 0.015625
2 0.45859375 0.4453125 0.010937500000000001 0.015625
2 0.44609375 0.447265625 0.0171875 0.015625
2 0.42890625000000004 0.4599609375 0.026562500000000003 0.037109375
2 0.4109375 0.46484375 0.03125 0.04296875
2 0.38671875 0.4755859375 0.0484375 0.052734375
2 0.37343750000000003 0.486328125 0.040625 0.05078125
2 0.325 0.4892578125 0.084375 0.083984375
2 0.29375 0.515625 0.078125 0.0859375
2 0.24531250000000002 0.5341796875 0.1 0.111328125
2 0.1640625 0.5693359375 0.19687500000000002 0.154296875
2 0.884375 0.4716796875 0.140625 0.087890625
0 0.46015625000000004 0.4521484375 0.0078125 0.021484375
0 0.52578125 0.447265625 0.0078125 0.0234375
