9 0.97578125 0.4873046875 0.0234375 0.013671875
0 0.609375 0.5009765625 0.009375000000000001 0.025390625
0 0.10703125000000001 0.48828125 0.0171875 0.0390625
0 0.28125 0.484375 0.0125 0.02734375
2 0.65625 0.5625 0.15625 0.15625
2 0.5164062500000001 0.5009765625 0.06406250000000001 0.029296875
2 0.403125 0.521484375 0.12812500000000002 0.0625
2 0.47421875 0.521484375 0.0578125 0.0546875
2 0.46640625 0.4931640625 0.029687500000000002 0.017578125
2 0.09375 0.482421875 0.078125 0.046875
2 0.14296875 0.4873046875 0.0390625 0.041015625
2 0.18281250000000002 0.486328125 0.065625 0.0390625
2 0.2328125 0.486328125 0.053125000000000006 0.03515625
2 0.265625 0.4873046875 0.034375 0.029296875
2 0.321875 0.490234375 0.0625 0.0234375
2 0.3484375 0.486328125 0.03125 0.0234375
2 0.39140625 0.4921875 0.0578125 0.0234375
2 0.1234375 0.556640625 0.246875 0.3984375
