4 0.84140625 0.41796875 0.3140625 0.140625
4 0.63046875 0.4326171875 0.0921875 0.052734375
4 0.5164062500000001 0.4365234375 0.0703125 0.056640625
4 0.42734375 0.4541015625 0.09843750000000001 0.041015625
0 0.13046875 0.490234375 0.0140625 0.02734375
0 0.90546875 0.54296875 0.1015625 0.3671875
0 0.7992187500000001 0.560546875 0.1015625 0.3515625
0 0.7078125000000001 0.4736328125 0.037500000000000006 0.130859375
0 0.63984375 0.4609375 0.0171875 0.0703125
0 0.61484375 0.46484375 0.0203125 0.06640625
0 0.5875 0.4677734375 0.018750000000000003 0.064453125
0 0.55078125 0.458984375 0.010937500000000001 0.0390625
0 0.5734375 0.453125 0.009375000000000001 0.03125
0 0.28750000000000003 0.46875 0.009375000000000001 0.02734375
0 0.35625 0.4658203125 0.00625 0.021484375
0 0.3671875 0.4658203125 0.00625 0.021484375
0 0.37343750000000003 0.46484375 0.00625 0.01953125
2 0.9640625 0.458984375 0.06875 0.1484375
2 0.92578125 0.4404296875 0.1453125 0.119140625
2 0.45234375000000004 0.462890625 0.029687500000000002 0.0234375
2 0.5046875000000001 0.5078125 0.12812500000000002 0.109375
8 0.33906250000000004 0.4775390625 0.00625 0.021484375
