0 0.43281250000000004 0.4580078125 0.018750000000000003 0.052734375
0 0.16796875 0.4521484375 0.035937500000000004 0.048828125
1 0.0125 0.5087890625 0.025 0.087890625
1 0.7625000000000001 0.5341796875 0.040625 0.091796875
1 0.7015625000000001 0.6298828125 0.115625 0.279296875
1 0.5859375 0.52734375 0.059375000000000004 0.1328125
1 0.47500000000000003 0.5302734375 0.07187500000000001 0.138671875
1 0.36953125000000003 0.5654296875 0.0421875 0.142578125
1 0.17500000000000002 0.4892578125 0.018750000000000003 0.041015625
2 0.3171875 0.47265625 0.037500000000000006 0.04296875
2 0.265625 0.470703125 0.06875 0.0625
0 0.71484375 0.515625 0.1328125 0.421875
0 0.5867187500000001 0.46484375 0.060937500000000006 0.203125
0 0.47578125000000004 0.4736328125 0.0703125 0.185546875
0 0.36328125 0.494140625 0.07968750000000001 0.23828125
0 0.84296875 0.4423828125 0.0390625 0.068359375
0 0.8203125 0.4423828125 0.028125 0.068359375
