9 0.59765625 0.4609375 0.029687500000000002 0.05078125
9 0.60078125 0.4931640625 0.0203125 0.013671875
9 0.6257812500000001 0.408203125 0.0328125 0.03515625
9 0.6843750000000001 0.2998046875 0.08750000000000001 0.033203125
9 0.6882812500000001 0.33203125 0.0890625 0.04296875
9 0.6898437500000001 0.3720703125 0.0890625 0.041015625
9 0.73203125 0.4375 0.010937500000000001 0.0234375
9 0.77890625 0.2314453125 0.0328125 0.017578125
9 0.8125 0.263671875 0.14375000000000002 0.0546875
9 0.815625 0.3134765625 0.146875 0.052734375
9 0.8210937500000001 0.357421875 0.1421875 0.05078125
9 0.8234375 0.3935546875 0.14375000000000002 0.033203125
9 0.96015625 0.43359375 0.0234375 0.03515625
9 0.9500000000000001 0.40625 0.018750000000000003 0.0234375
9 0.37421875000000004 0.486328125 0.0078125 0.03125
9 0.14296875 0.548828125 0.026562500000000003 0.03125
2 0.5640625 0.5078125 0.22187500000000002 0.13671875
2 0.8671875 0.501953125 0.12812500000000002 0.0703125
