9 0.36796875 0.4619140625 0.010937500000000001 0.013671875
2 0.47109375000000003 0.453125 0.004687500000000001 0.0078125
2 0.46718750000000003 0.45703125 0.00625 0.0078125
2 0.4859375 0.4658203125 0.0125 0.013671875
2 0.43203125000000003 0.4638671875 0.004687500000000001 0.009765625
2 0.42109375000000004 0.46484375 0.004687500000000001 0.0078125
2 0.40859375000000003 0.4677734375 0.0171875 0.013671875
2 0.39453125 0.466796875 0.010937500000000001 0.01171875
2 0.34375 0.4716796875 0.021875000000000002 0.021484375
2 0.017968750000000002 0.525390625 0.035937500000000004 0.06640625
2 0.37734375000000003 0.4677734375 0.010937500000000001 0.013671875
2 0.44062500000000004 0.4658203125 0.00625 0.005859375
2 0.44843750000000004 0.462890625 0.003125 0.00390625
0 0.42578125 0.458984375 0.0078125 0.01953125
8 0.6101562500000001 0.4697265625 0.0078125 0.029296875
