7 0.25625000000000003 0.31640625 0.021875000000000002 0.06640625
7 0.4453125 0.1875 0.021875000000000002 0.06640625
7 0.4859375 0.306640625 0.009375000000000001 0.02734375
7 0.58515625 0.3828125 0.0078125 0.02734375
7 0.64375 0.328125 0.015625 0.05078125
7 0.37578125 0.3759765625 0.0078125 0.029296875
7 0.1921875 0.3955078125 0.0125 0.013671875
7 0.19765625 0.3583984375 0.010937500000000001 0.033203125
7 0.16875 0.2626953125 0.009375000000000001 0.037109375
0 0.5437500000000001 0.458984375 0.0125 0.03515625
0 0.49609375 0.447265625 0.004687500000000001 0.015625
0 0.43515625 0.455078125 0.0140625 0.04296875
0 0.41796875 0.453125 0.0140625 0.04296875
0 0.40859375000000003 0.4521484375 0.0140625 0.041015625
0 0.13828125 0.4599609375 0.0328125 0.107421875
0 0.18203125 0.4580078125 0.035937500000000004 0.119140625
0 0.6046875 0.4599609375 0.015625 0.044921875
0 0.62890625 0.458984375 0.0140625 0.05078125
0 0.64609375 0.4619140625 0.0140625 0.048828125
0 0.659375 0.455078125 0.00625 0.03125
0 0.6976562500000001 0.466796875 0.010937500000000001 0.0390625
0 0.7273437500000001 0.48046875 0.010937500000000001 0.05078125
0 0.71640625 0.4765625 0.010937500000000001 0.0546875
0 0.7054687500000001 0.4677734375 0.010937500000000001 0.033203125
0 0.9187500000000001 0.50390625 0.037500000000000006 0.13671875
0 0.8734375000000001 0.4931640625 0.037500000000000006 0.111328125
0 0.8484375000000001 0.4912109375 0.037500000000000006 0.103515625
1 0.48125 0.46484375 0.0125 0.0234375
1 0.1046875 0.4853515625 0.037500000000000006 0.076171875
1 0.2078125 0.4765625 0.03125 0.0625
1 0.284375 0.455078125 0.034375 0.03125
1 0.7156250000000001 0.5302734375 0.034375 0.103515625
1 0.6804687500000001 0.5078125 0.035937500000000004 0.0859375
1 0.7484375000000001 0.53125 0.059375000000000004 0.10546875
1 0.81015625 0.5595703125 0.0703125 0.158203125
1 0.878125 0.5712890625 0.10312500000000001 0.166015625
1 0.95703125 0.6025390625 0.08281250000000001 0.189453125
2 0.53359375 0.453125 0.0140625 0.01953125
2 0.4625 0.4482421875 0.0125 0.013671875
2 0.44843750000000004 0.4482421875 0.018750000000000003 0.021484375
0 0.48125 0.4560546875 0.0125 0.033203125
8 0.56171875 0.47265625 0.0078125 0.01953125
