0 0.0171875 0.568359375 0.034375 0.15625
2 0.49531250000000004 0.4384765625 0.009375000000000001 0.009765625
2 0.48984375 0.44140625 0.0078125 0.01171875
2 0.48125 0.4423828125 0.015625 0.017578125
2 0.45703125 0.4482421875 0.0078125 0.009765625
2 0.44296875 0.45703125 0.0234375 0.0234375
2 0.4234375 0.4521484375 0.028125 0.025390625
2 0.39687500000000003 0.44921875 0.034375 0.02734375
2 0.35234375 0.4541015625 0.0546875 0.037109375
2 0.2859375 0.474609375 0.12187500000000001 0.05078125
2 0.296875 0.4453125 0.034375 0.01953125
2 0.2171875 0.4658203125 0.0625 0.044921875
2 0.12109375 0.478515625 0.1453125 0.08203125
2 0.19140625 0.4716796875 0.0484375 0.060546875
2 0.025 0.451171875 0.05 0.03515625
2 0.060937500000000006 0.5048828125 0.12187500000000001 0.083984375
2 0.5085937500000001 0.4453125 0.0171875 0.01953125
2 0.6640625 0.525390625 0.096875 0.09765625
2 0.6328125 0.4990234375 0.07500000000000001 0.083984375
2 0.6000000000000001 0.486328125 0.059375000000000004 0.07421875
2 0.57421875 0.466796875 0.0328125 0.046875
2 0.55625 0.4619140625 0.018750000000000003 0.029296875
2 0.5546875 0.453125 0.018750000000000003 0.0234375
2 0.54609375 0.4482421875 0.0203125 0.021484375
2 0.53515625 0.4453125 0.010937500000000001 0.015625
2 0.53125 0.44140625 0.009375000000000001 0.01171875
2 0.91015625 0.7705078125 0.1765625 0.455078125
0 0.46328125000000003 0.455078125 0.0078125 0.02734375
8 0.8375 0.580078125 0.025 0.08984375
1 0.46328125000000003 0.4609375 0.0078125 0.015625
