1 0.41640625000000003 0.482421875 0.0171875 0.03515625
2 0.07421875 0.51953125 0.1484375 0.10546875
2 0.17578125 0.4794921875 0.1609375 0.080078125
2 0.26796875000000003 0.46875 0.0484375 0.05859375
2 0.34375 0.4609375 0.034375 0.05078125
2 0.35468750000000004 0.455078125 0.05625 0.046875
2 0.4140625 0.46484375 0.034375 0.04296875
2 0.44140625 0.45703125 0.026562500000000003 0.03515625
2 0.4546875 0.451171875 0.015625 0.02734375
2 0.47109375000000003 0.4404296875 0.0171875 0.021484375
2 0.48125 0.4375 0.009375000000000001 0.015625
2 0.48671875000000003 0.4345703125 0.010937500000000001 0.013671875
2 0.50390625 0.4423828125 0.0203125 0.021484375
2 0.98203125 0.83984375 0.0328125 0.2265625
2 0.859375 0.638671875 0.278125 0.30859375
2 0.734375 0.5791015625 0.12187500000000001 0.173828125
2 0.70078125 0.525390625 0.1203125 0.140625
2 0.625 0.4833984375 0.07187500000000001 0.083984375
2 0.5875 0.4775390625 0.034375 0.072265625
2 0.571875 0.4658203125 0.028125 0.048828125
2 0.55703125 0.45703125 0.0203125 0.0390625
2 0.5484375 0.4482421875 0.018750000000000003 0.033203125
2 0.53125 0.4423828125 0.015625 0.021484375
0 0.41640625000000003 0.46875 0.0171875 0.05078125
