7 0.5953125 0.40234375 0.00625 0.0234375
7 0.5203125000000001 0.3720703125 0.00625 0.017578125
7 0.509375 0.3388671875 0.009375000000000001 0.029296875
0 0.13359375 0.4638671875 0.029687500000000002 0.095703125
0 0.1234375 0.4248046875 0.018750000000000003 0.048828125
0 0.16562500000000002 0.466796875 0.025 0.09765625
0 0.20468750000000002 0.466796875 0.025 0.09375
0 0.22734375 0.4697265625 0.0203125 0.091796875
0 0.2390625 0.4609375 0.0125 0.06640625
0 0.26328125 0.462890625 0.0171875 0.0703125
0 0.5 0.4599609375 0.009375000000000001 0.029296875
0 0.5140625 0.4609375 0.009375000000000001 0.03125
0 0.52265625 0.4609375 0.0078125 0.02734375
0 0.53828125 0.4716796875 0.0140625 0.048828125
0 0.5593750000000001 0.470703125 0.015625 0.05078125
0 0.43515625 0.4541015625 0.0078125 0.021484375
1 0.28203125 0.48046875 0.0203125 0.04296875
1 0.32265625000000003 0.466796875 0.0234375 0.04296875
1 0.3609375 0.4736328125 0.028125 0.048828125
1 0.421875 0.48046875 0.018750000000000003 0.03125
2 0.63828125 0.5068359375 0.0578125 0.095703125
2 0.71796875 0.5322265625 0.1609375 0.166015625
2 0.47890625000000003 0.4541015625 0.0203125 0.017578125
0 0.421875 0.46875 0.015625 0.05078125
1 0.03359375 0.529296875 0.0546875 0.11328125
