7 0.45937500000000003 0.4287109375 0.009375000000000001 0.029296875
9 0.1265625 0.404296875 0.015625 0.0078125
9 0.12734375 0.384765625 0.026562500000000003 0.03515625
9 0.6484375 0.3798828125 0.021875000000000002 0.033203125
9 0.55078125 0.3369140625 0.051562500000000004 0.017578125
9 0.55 0.37109375 0.018750000000000003 0.0390625
9 0.55 0.404296875 0.0125 0.0234375
9 0.509375 0.40625 0.018750000000000003 0.03125
9 0.51015625 0.3798828125 0.0140625 0.021484375
2 0.45234375000000004 0.51953125 0.15781250000000002 0.125
2 0.2859375 0.478515625 0.07187500000000001 0.0703125
2 0.20625000000000002 0.4853515625 0.10625000000000001 0.095703125
2 0.38906250000000003 0.48046875 0.021875000000000002 0.0390625
