7 0.43125 0.3798828125 0.00625 0.017578125
7 0.39296875000000003 0.3828125 0.004687500000000001 0.015625
7 0.33125000000000004 0.369140625 0.00625 0.01953125
9 0.6921875000000001 0.3359375 0.021875000000000002 0.0390625
9 0.49296875 0.40625 0.0078125 0.01953125
9 0.27968750000000003 0.3671875 0.009375000000000001 0.015625
2 0.2328125 0.48046875 0.18125000000000002 0.19140625
2 0.12578125 0.48046875 0.035937500000000004 0.06640625
2 0.3671875 0.4658203125 0.053125000000000006 0.048828125
2 0.32656250000000003 0.462890625 0.025 0.015625
2 0.3296875 0.4501953125 0.015625 0.009765625
2 0.33828125000000003 0.4462890625 0.010937500000000001 0.009765625
2 0.37890625 0.4365234375 0.0171875 0.013671875
2 0.44765625000000003 0.4609375 0.029687500000000002 0.02734375
2 0.4375 0.435546875 0.015625 0.01171875
