4 0.46796875000000004 0.462890625 0.0140625 0.01171875
7 0.22109375 0.1474609375 0.0234375 0.068359375
7 0.384375 0.16015625 0.025 0.07421875
7 0.82578125 0.0810546875 0.0390625 0.146484375
7 0.8859375 0.0654296875 0.05 0.130859375
7 0.5945312500000001 0.3349609375 0.0140625 0.052734375
7 0.89375 0.251953125 0.03125 0.0859375
7 0.465625 0.44140625 0.003125 0.0078125
7 0.47968750000000004 0.443359375 0.003125 0.0078125
7 0.43281250000000004 0.44140625 0.003125 0.0078125
9 0.88046875 0.0732421875 0.0859375 0.146484375
9 0.61328125 0.234375 0.07968750000000001 0.02734375
9 0.60859375 0.330078125 0.026562500000000003 0.0703125
9 0.9 0.177734375 0.043750000000000004 0.05859375
9 0.8812500000000001 0.453125 0.015625 0.03515625
9 0.5515625000000001 0.474609375 0.03125 0.03515625
9 0.5078125 0.4423828125 0.00625 0.009765625
9 0.36875 0.462890625 0.003125 0.00390625
9 0.5234375 0.4384765625 0.00625 0.009765625
0 0.790625 0.466796875 0.009375000000000001 0.0234375
0 0.6742187500000001 0.4658203125 0.004687500000000001 0.013671875
2 0.11093750000000001 0.4833984375 0.034375 0.025390625
2 0.2734375 0.4755859375 0.018750000000000003 0.013671875
2 0.340625 0.4736328125 0.018750000000000003 0.013671875
2 0.3203125 0.4755859375 0.015625 0.009765625
2 0.45390625 0.466796875 0.0078125 0.0078125
2 0.44296875 0.4658203125 0.010937500000000001 0.009765625
