0 0.571875 0.4677734375 0.0125 0.041015625
0 0.59765625 0.46875 0.010937500000000001 0.03515625
0 0.60703125 0.46875 0.0078125 0.03515625
1 0.1484375 0.541015625 0.07500000000000001 0.0859375
2 0.92109375 0.55859375 0.1546875 0.18359375
2 0.82734375 0.5068359375 0.0921875 0.083984375
2 0.80234375 0.4892578125 0.0546875 0.060546875
2 0.42578125 0.5361328125 0.26406250000000003 0.232421875
2 0.76328125 0.46875 0.010937500000000001 0.01171875
1 0.040625 0.53515625 0.07500000000000001 0.09765625
1 0.21640625000000002 0.53515625 0.0671875 0.09375
