4 0.62421875 0.533203125 0.0703125 0.078125
7 0.78125 0.46484375 0.009375000000000001 0.03125
7 0.96484375 0.435546875 0.0171875 0.01953125
9 0.7625000000000001 0.453125 0.028125 0.0078125
9 0.8968750000000001 0.4482421875 0.021875000000000002 0.025390625
9 0.9476562500000001 0.3955078125 0.0421875 0.017578125
9 0.7796875000000001 0.517578125 0.0125 0.015625
9 0.7781250000000001 0.5341796875 0.0125 0.013671875
9 0.7781250000000001 0.5478515625 0.0125 0.013671875
0 0.125 0.568359375 0.034375 0.1171875
0 0.1546875 0.5693359375 0.034375 0.119140625
0 0.21250000000000002 0.5458984375 0.021875000000000002 0.076171875
0 0.296875 0.54296875 0.0125 0.05078125
0 0.3328125 0.5419921875 0.0125 0.044921875
0 0.36640625000000004 0.5322265625 0.010937500000000001 0.037109375
0 0.384375 0.54296875 0.0125 0.04296875
0 0.39453125 0.53515625 0.0140625 0.0390625
0 0.40703125 0.5400390625 0.010937500000000001 0.033203125
0 0.415625 0.5341796875 0.009375000000000001 0.029296875
0 0.43828125 0.53515625 0.010937500000000001 0.03125
0 0.47109375000000003 0.533203125 0.0078125 0.0234375
0 0.47734375 0.5322265625 0.0078125 0.025390625
0 0.48515625 0.53515625 0.0078125 0.0234375
0 0.49296875 0.5341796875 0.0078125 0.025390625
0 0.6765625000000001 0.5419921875 0.009375000000000001 0.033203125
0 0.70703125 0.548828125 0.0171875 0.046875
0 0.95234375 0.583984375 0.029687500000000002 0.109375
0 0.93515625 0.576171875 0.0203125 0.09375
0 0.8914062500000001 0.5810546875 0.026562500000000003 0.119140625
0 0.8601562500000001 0.5791015625 0.029687500000000002 0.095703125
0 0.8289062500000001 0.5830078125 0.035937500000000004 0.099609375
0 0.8226562500000001 0.572265625 0.0171875 0.078125
6 0.52734375 0.509765625 0.06406250000000001 0.0703125
2 0.5164062500000001 0.6259765625 0.1703125 0.177734375
2 0.5734375 0.5322265625 0.015625 0.013671875
2 0.5828125000000001 0.5205078125 0.015625 0.013671875
2 0.5671875000000001 0.51953125 0.015625 0.015625
