0 0.8421875000000001 0.5302734375 0.07500000000000001 0.126953125
0 0.33984375 0.4736328125 0.026562500000000003 0.083984375
0 0.3640625 0.4775390625 0.025 0.076171875
0 0.509375 0.474609375 0.015625 0.04296875
2 0.5328125 0.470703125 0.037500000000000006 0.04296875
2 0.24453125 0.4736328125 0.0390625 0.072265625
2 0.6492187500000001 0.4736328125 0.1265625 0.138671875
2 0.03359375 0.49609375 0.0671875 0.1171875
15 0.80078125 0.533203125 0.2765625 0.0859375
15 0.33671875 0.484375 0.035937500000000004 0.0546875
