7 0.9234375 0.390625 0.0125 0.01953125
7 0.940625 0.388671875 0.015625 0.0234375
7 0.96875 0.34765625 0.0125 0.0390625
7 0.925 0.322265625 0.021875000000000002 0.05859375
7 0.88671875 0.2578125 0.010937500000000001 0.03515625
7 0.8421875000000001 0.265625 0.009375000000000001 0.03515625
7 0.54140625 0.337890625 0.0078125 0.03125
7 0.5984375000000001 0.3779296875 0.00625 0.033203125
9 0.9828125000000001 0.4013671875 0.015625 0.029296875
9 0.86484375 0.2578125 0.0078125 0.01953125
9 0.6109375 0.36328125 0.0125 0.0234375
0 0.09140625000000001 0.4677734375 0.0171875 0.076171875
0 0.1015625 0.462890625 0.025 0.0859375
0 0.14921875 0.4462890625 0.0203125 0.052734375
0 0.8265625000000001 0.4755859375 0.028125 0.072265625
0 0.8609375 0.4765625 0.025 0.07421875
0 0.9234375 0.4716796875 0.009375000000000001 0.076171875
0 0.9500000000000001 0.4677734375 0.018750000000000003 0.072265625
0 0.9625 0.4677734375 0.0125 0.072265625
0 0.6203125 0.4736328125 0.021875000000000002 0.083984375
2 0.6976562500000001 0.5146484375 0.16718750000000002 0.181640625
0 0.47265625 0.576171875 0.2390625 0.640625
15 0.3921875 0.6904296875 0.784375 0.416015625
