9 0.83125 0.2822265625 0.06875 0.021484375
9 0.83203125 0.3037109375 0.0671875 0.021484375
9 0.83203125 0.333984375 0.0671875 0.0390625
9 0.81953125 0.388671875 0.0921875 0.01953125
9 0.8203125 0.408203125 0.09062500000000001 0.01953125
9 0.9484375 0.3046875 0.040625 0.015625
9 0.9500000000000001 0.318359375 0.08125 0.01953125
9 0.95078125 0.3388671875 0.08281250000000001 0.021484375
9 0.9515625000000001 0.359375 0.078125 0.01953125
9 0.9515625000000001 0.3798828125 0.078125 0.021484375
9 0.9515625000000001 0.4013671875 0.078125 0.021484375
2 0.5078125 0.548828125 0.043750000000000004 0.046875
2 0.15156250000000002 0.556640625 0.06875 0.04296875
