0 0.7289062500000001 0.4365234375 0.0078125 0.025390625
0 0.7921875 0.458984375 0.015625 0.046875
0 0.8718750000000001 0.45703125 0.0125 0.03515625
0 0.8992187500000001 0.4580078125 0.010937500000000001 0.041015625
0 0.91015625 0.458984375 0.0140625 0.0390625
0 0.9382812500000001 0.46484375 0.0078125 0.0390625
0 0.37031250000000004 0.4140625 0.009375000000000001 0.03515625
0 0.35859375000000004 0.4111328125 0.010937500000000001 0.033203125
0 0.34921875 0.4111328125 0.0078125 0.033203125
0 0.32421875 0.412109375 0.0078125 0.03125
0 0.31640625 0.4111328125 0.0078125 0.033203125
0 0.31093750000000003 0.4140625 0.00625 0.02734375
0 0.30546875 0.4140625 0.0078125 0.02734375
0 0.2984375 0.408203125 0.009375000000000001 0.03515625
0 0.28828125 0.4072265625 0.0140625 0.037109375
0 0.28046875 0.40625 0.010937500000000001 0.03515625
2 0.5796875 0.4921875 0.2 0.25
2 0.49531250000000004 0.4296875 0.0125 0.0390625
2 0.6804687500000001 0.443359375 0.0234375 0.03125
