7 0.48203125 0.3955078125 0.004687500000000001 0.009765625
7 0.45859375 0.39453125 0.004687500000000001 0.01171875
0 0.63046875 0.43359375 0.010937500000000001 0.04296875
2 0.4734375 0.4287109375 0.009375000000000001 0.009765625
2 0.42812500000000003 0.4345703125 0.0125 0.013671875
2 0.39375000000000004 0.44140625 0.00625 0.01171875
2 0.2234375 0.466796875 0.05 0.0390625
2 0.43671875000000004 0.4072265625 0.004687500000000001 0.005859375
2 0.44921875 0.41015625 0.004687500000000001 0.00390625
8 0.50703125 0.431640625 0.004687500000000001 0.0078125
2 0.84921875 0.44140625 0.0671875 0.0546875
9 0.5703125 0.419921875 0.015625 0.01171875
