9 0.534375 0.48828125 0.009375000000000001 0.01171875
9 0.534375 0.4990234375 0.00625 0.009765625
9 0.33515625000000004 0.4462890625 0.0171875 0.025390625
0 0.42734375 0.5009765625 0.0078125 0.025390625
0 0.43593750000000003 0.5029296875 0.00625 0.021484375
0 0.44843750000000004 0.5009765625 0.003125 0.013671875
0 0.45390625 0.5009765625 0.004687500000000001 0.013671875
0 0.4609375 0.501953125 0.003125 0.01171875
0 0.46484375 0.5009765625 0.004687500000000001 0.013671875
2 0.48671875000000003 0.5107421875 0.0234375 0.021484375
2 0.23203125000000002 0.51953125 0.1046875 0.06640625
2 0.13984375000000002 0.51953125 0.18281250000000002 0.0859375
2 0.353125 0.5244140625 0.109375 0.107421875
8 0.75390625 0.5498046875 0.0171875 0.099609375
