0 0.68359375 0.4873046875 0.035937500000000004 0.126953125
0 0.521875 0.5 0.015625 0.046875
2 0.46328125000000003 0.5029296875 0.045312500000000006 0.041015625
2 0.43593750000000003 0.4970703125 0.015625 0.017578125
2 0.41640625000000003 0.4951171875 0.0171875 0.021484375
2 0.39609375 0.4951171875 0.0171875 0.017578125
2 0.37031250000000004 0.4912109375 0.021875000000000002 0.021484375
2 0.17421875 0.4951171875 0.18281250000000002 0.173828125
2 0.041406250000000006 0.4990234375 0.08281250000000001 0.056640625
2 0.29609375 0.5048828125 0.051562500000000004 0.033203125
