7 0.21953125 0.49609375 0.010937500000000001 0.03125
7 0.51015625 0.5341796875 0.0078125 0.025390625
7 0.7359375 0.490234375 0.015625 0.05078125
7 0.7203125 0.326171875 0.040625 0.1171875
7 0.7679687500000001 0.328125 0.035937500000000004 0.1015625
7 0.018750000000000003 0.4501953125 0.021875000000000002 0.068359375
7 0.7171875000000001 0.5048828125 0.018750000000000003 0.029296875
7 0.7609375 0.5048828125 0.018750000000000003 0.029296875
9 0.14609375 0.5146484375 0.0171875 0.029296875
9 0.46875 0.5205078125 0.028125 0.009765625
9 0.46718750000000003 0.533203125 0.025 0.01171875
9 0.46875 0.5458984375 0.028125 0.009765625
9 0.46718750000000003 0.556640625 0.025 0.0078125
9 0.22187500000000002 0.53125 0.015625 0.01953125
0 0.41718750000000004 0.5927734375 0.0125 0.044921875
0 0.96484375 0.58984375 0.0203125 0.05859375
0 0.88046875 0.5947265625 0.0140625 0.048828125
0 0.86328125 0.5927734375 0.0203125 0.048828125
0 0.8460937500000001 0.5908203125 0.0140625 0.033203125
6 0.16640625 0.5576171875 0.1078125 0.056640625
3 0.8250000000000001 0.7265625 0.10625000000000001 0.23828125
2 0.3125 0.6416015625 0.18125000000000002 0.134765625
2 0.48359375000000004 0.5966796875 0.0671875 0.072265625
2 0.5484375 0.6181640625 0.1 0.099609375
2 0.59609375 0.6044921875 0.0484375 0.068359375
2 0.628125 0.59765625 0.028125 0.03125
2 0.6648437500000001 0.5986328125 0.0203125 0.021484375
2 0.64765625 0.595703125 0.010937500000000001 0.015625
0 0.82578125 0.6708984375 0.1015625 0.240234375
