9 0.47187500000000004 0.443359375 0.00625 0.0078125
2 0.07500000000000001 0.4599609375 0.040625 0.041015625
2 0.021875000000000002 0.47265625 0.043750000000000004 0.0546875
2 0.04609375 0.474609375 0.0546875 0.046875
2 0.12187500000000001 0.4921875 0.1125 0.0859375
2 0.18906250000000002 0.486328125 0.065625 0.0703125
2 0.22187500000000002 0.4638671875 0.043750000000000004 0.041015625
2 0.27421875 0.4853515625 0.1078125 0.087890625
2 0.325 0.46875 0.021875000000000002 0.03125
2 0.34140625 0.4658203125 0.0234375 0.025390625
2 0.35390625000000003 0.4638671875 0.0171875 0.021484375
2 0.3640625 0.4619140625 0.018750000000000003 0.017578125
2 0.38359375 0.4609375 0.0203125 0.015625
2 0.43281250000000004 0.4609375 0.0125 0.015625
2 0.44296875 0.458984375 0.0078125 0.01171875
2 0.44843750000000004 0.4599609375 0.00625 0.013671875
2 0.46015625000000004 0.458984375 0.0171875 0.01953125
2 0.46796875000000004 0.46484375 0.0171875 0.0234375
2 0.47734375 0.466796875 0.0171875 0.02734375
2 0.4859375 0.46875 0.0125 0.03125
2 0.51953125 0.46484375 0.0578125 0.06640625
2 0.58984375 0.4755859375 0.1265625 0.119140625
2 0.39765625000000004 0.4609375 0.0078125 0.01171875
