4 0.46484375 0.4638671875 0.026562500000000003 0.041015625
7 0.94140625 0.3310546875 0.0171875 0.060546875
7 0.8015625000000001 0.2900390625 0.025 0.087890625
7 0.7796875000000001 0.2900390625 0.0125 0.091796875
7 0.7445312500000001 0.2451171875 0.010937500000000001 0.041015625
7 0.79609375 0.21875 0.0140625 0.03515625
7 0.8015625000000001 0.384765625 0.025 0.03125
7 0.6531250000000001 0.408203125 0.00625 0.02734375
7 0.6570312500000001 0.4443359375 0.004687500000000001 0.013671875
7 0.5609375 0.4072265625 0.009375000000000001 0.029296875
7 0.5625 0.44140625 0.009375000000000001 0.01171875
7 0.21328125 0.40625 0.0078125 0.03515625
7 0.20468750000000002 0.40625 0.009375000000000001 0.03125
7 0.1015625 0.2919921875 0.009375000000000001 0.029296875
7 0.055468750000000004 0.2548828125 0.010937500000000001 0.041015625
7 0.13984375000000002 0.4384765625 0.0078125 0.013671875
7 0.95078125 0.4072265625 0.0203125 0.029296875
9 0.8859375 0.2734375 0.043750000000000004 0.04296875
9 0.78515625 0.4736328125 0.0078125 0.033203125
9 0.49609375 0.443359375 0.0078125 0.015625
9 0.10546875 0.3515625 0.0171875 0.015625
1 0.8921875 0.623046875 0.21250000000000002 0.2578125
2 0.42812500000000003 0.4697265625 0.018750000000000003 0.021484375
2 0.47734375 0.4814453125 0.029687500000000002 0.029296875
2 0.35859375000000004 0.484375 0.0421875 0.04296875
2 0.27187500000000003 0.4853515625 0.0625 0.052734375
2 0.40234375 0.4677734375 0.0140625 0.013671875
0 0.9203125000000001 0.556640625 0.153125 0.33984375
