0 0.5242187500000001 0.46484375 0.0140625 0.02734375
0 0.53046875 0.46484375 0.0140625 0.03125
0 0.45937500000000003 0.462890625 0.009375000000000001 0.03515625
0 0.47187500000000004 0.4638671875 0.009375000000000001 0.029296875
2 0.94140625 0.775390625 0.11406250000000001 0.3046875
2 0.8546875 0.6259765625 0.28750000000000003 0.275390625
2 0.6492187500000001 0.509765625 0.0921875 0.09765625
2 0.6015625 0.4912109375 0.053125000000000006 0.072265625
2 0.5828125000000001 0.478515625 0.03125 0.05078125
2 0.58203125 0.470703125 0.0421875 0.04296875
2 0.65625 0.453125 0.040625 0.0234375
2 0.753125 0.4755859375 0.07500000000000001 0.056640625
2 0.20546875 0.5087890625 0.1453125 0.103515625
2 0.31796875 0.486328125 0.08281250000000001 0.0703125
2 0.38359375 0.470703125 0.08281250000000001 0.06640625
2 0.45156250000000003 0.4580078125 0.015625 0.025390625
2 0.47968750000000004 0.4609375 0.015625 0.0234375
2 0.49375 0.4619140625 0.018750000000000003 0.021484375
