9 0.6062500000000001 0.4208984375 0.015625 0.025390625
9 0.546875 0.3427734375 0.078125 0.041015625
9 0.1796875 0.44140625 0.009375000000000001 0.01953125
9 0.48828125 0.43359375 0.0421875 0.01171875
2 0.046875 0.4912109375 0.07187500000000001 0.048828125
2 0.15234375 0.484375 0.06406250000000001 0.046875
2 0.20859375000000002 0.4794921875 0.0484375 0.029296875
2 0.29140625000000003 0.4716796875 0.0546875 0.056640625
2 0.33671875 0.4716796875 0.026562500000000003 0.025390625
2 0.31953125000000004 0.4775390625 0.0171875 0.025390625
2 0.384375 0.470703125 0.059375000000000004 0.0625
2 0.48515625 0.5234375 0.16718750000000002 0.17578125
2 0.55078125 0.474609375 0.0421875 0.0703125
