0 0.759375 0.51953125 0.07187500000000001 0.24609375
0 0.6898437500000001 0.5087890625 0.045312500000000006 0.263671875
0 0.6609375000000001 0.5146484375 0.06875 0.287109375
0 0.5046875000000001 0.4541015625 0.040625 0.048828125
0 0.44609375 0.455078125 0.026562500000000003 0.04296875
2 0.859375 0.51171875 0.25625000000000003 0.16015625
2 0.7757812500000001 0.486328125 0.1703125 0.16015625
2 0.6015625 0.4931640625 0.059375000000000004 0.080078125
2 0.57734375 0.4765625 0.09843750000000001 0.08203125
2 0.38671875 0.4697265625 0.051562500000000004 0.052734375
2 0.35000000000000003 0.4716796875 0.037500000000000006 0.041015625
2 0.33046875000000003 0.466796875 0.0546875 0.046875
2 0.2921875 0.46875 0.028125 0.03515625
2 0.19140625 0.4677734375 0.0859375 0.068359375
2 0.15000000000000002 0.4853515625 0.09375 0.080078125
2 0.08750000000000001 0.4873046875 0.17500000000000002 0.119140625
15 0.47968750000000004 0.451171875 0.16875 0.1015625
15 0.44843750000000004 0.5029296875 0.037500000000000006 0.064453125
15 0.50546875 0.5048828125 0.045312500000000006 0.064453125
