7 0.8453125 0.267578125 0.021875000000000002 0.0625
7 0.84921875 0.34375 0.0171875 0.02734375
7 0.8890625000000001 0.3447265625 0.021875000000000002 0.025390625
7 0.64453125 0.2880859375 0.0140625 0.048828125
9 0.6507812500000001 0.337890625 0.035937500000000004 0.01171875
9 0.5085937500000001 0.365234375 0.010937500000000001 0.015625
9 0.5085937500000001 0.384765625 0.0078125 0.01171875
9 0.5085937500000001 0.396484375 0.004687500000000001 0.0078125
0 0.37343750000000003 0.38671875 0.009375000000000001 0.03125
1 0.75390625 0.46484375 0.08281250000000001 0.0625
1 0.3484375 0.4599609375 0.1125 0.080078125
6 0.6171875 0.4140625 0.065625 0.07421875
2 0.32343750000000004 0.4375 0.08750000000000001 0.08203125
2 0.37812500000000004 0.423828125 0.028125 0.0390625
2 0.48359375000000004 0.4287109375 0.0390625 0.044921875
2 0.45859375 0.4248046875 0.0171875 0.025390625
2 0.45390625 0.4111328125 0.0171875 0.017578125
2 0.45 0.404296875 0.015625 0.01953125
2 0.44453125000000004 0.3974609375 0.0140625 0.017578125
2 0.42578125 0.3994140625 0.0140625 0.017578125
2 0.42421875000000003 0.3798828125 0.010937500000000001 0.013671875
2 0.390625 0.392578125 0.015625 0.015625
0 0.7578125 0.431640625 0.03125 0.08984375
0 0.35390625000000003 0.443359375 0.029687500000000002 0.09375
0 0.32578125 0.4443359375 0.029687500000000002 0.095703125
8 0.12578125 0.45703125 0.0140625 0.046875
