7 0.58046875 0.37109375 0.0078125 0.03515625
7 0.58515625 0.412109375 0.0078125 0.015625
7 0.6101562500000001 0.4150390625 0.010937500000000001 0.013671875
7 0.48281250000000003 0.375 0.009375000000000001 0.03125
9 0.40937500000000004 0.39453125 0.009375000000000001 0.015625
9 0.40937500000000004 0.40625 0.00625 0.0078125
0 0.5281250000000001 0.4609375 0.0125 0.0546875
0 0.51328125 0.4609375 0.0140625 0.05859375
0 0.4390625 0.42578125 0.00625 0.01953125
0 0.41718750000000004 0.4228515625 0.00625 0.017578125
1 0.58828125 0.4716796875 0.0484375 0.041015625
2 0.6312500000000001 0.458984375 0.078125 0.04296875
2 0.04453125 0.4912109375 0.0890625 0.228515625
2 0.16953125000000002 0.49609375 0.1171875 0.09375
2 0.27421875 0.4423828125 0.026562500000000003 0.029296875
2 0.09921875000000001 0.4560546875 0.029687500000000002 0.041015625
2 0.35468750000000004 0.50390625 0.146875 0.16015625
2 0.49296875 0.44140625 0.0234375 0.03125
2 0.58515625 0.4482421875 0.0734375 0.037109375
2 0.5453125 0.4462890625 0.015625 0.033203125
2 0.52578125 0.44140625 0.029687500000000002 0.02734375
0 0.5890625 0.4599609375 0.015625 0.048828125
