9 0.9789062500000001 0.20703125 0.0390625 0.0859375
9 0.92890625 0.2900390625 0.09843750000000001 0.044921875
9 0.9320312500000001 0.3330078125 0.09843750000000001 0.044921875
9 0.9328125 0.3681640625 0.1 0.029296875
9 0.9343750000000001 0.3994140625 0.1 0.041015625
9 0.6828125 0.3203125 0.05 0.0390625
9 0.68515625 0.3525390625 0.051562500000000004 0.048828125
9 0.6875 0.384765625 0.05 0.03125
9 0.6882812500000001 0.4189453125 0.051562500000000004 0.041015625
9 0.42109375000000004 0.494140625 0.0140625 0.015625
9 0.42109375000000004 0.5068359375 0.0140625 0.005859375
9 0.25546875 0.4736328125 0.0234375 0.009765625
9 0.2546875 0.4873046875 0.025 0.013671875
9 0.25546875 0.5009765625 0.0203125 0.009765625
9 0.2546875 0.5126953125 0.018750000000000003 0.009765625
2 0.6648437500000001 0.640625 0.2390625 0.25
2 0.08281250000000001 0.5732421875 0.07187500000000001 0.048828125
