4 0.07187500000000001 0.515625 0.14375000000000002 0.11328125
4 0.6890625 0.4580078125 0.065625 0.095703125
4 0.5609375 0.4755859375 0.065625 0.033203125
0 0.23359375000000002 0.5224609375 0.0140625 0.060546875
0 0.21953125 0.5166015625 0.0140625 0.048828125
0 0.21796875000000002 0.58203125 0.0703125 0.13671875
0 0.26875 0.5869140625 0.046875 0.185546875
0 0.31796875 0.533203125 0.026562500000000003 0.08203125
0 0.33906250000000004 0.533203125 0.053125000000000006 0.1015625
0 0.35390625000000003 0.509765625 0.0234375 0.0703125
0 0.3765625 0.5087890625 0.028125 0.064453125
0 0.45703125 0.5 0.0421875 0.05859375
0 0.51328125 0.4912109375 0.0140625 0.048828125
0 0.5046875000000001 0.5048828125 0.018750000000000003 0.044921875
0 0.4859375 0.4873046875 0.0125 0.041015625
0 0.0765625 0.572265625 0.046875 0.12890625
0 0.57265625 0.49609375 0.029687500000000002 0.0625
0 0.5906250000000001 0.4892578125 0.015625 0.056640625
0 0.6125 0.490234375 0.018750000000000003 0.05859375
0 0.6273437500000001 0.490234375 0.010937500000000001 0.046875
0 0.6421875 0.4921875 0.0125 0.046875
0 0.71484375 0.5419921875 0.06406250000000001 0.146484375
2 0.026562500000000003 0.58203125 0.053125000000000006 0.109375
2 0.1640625 0.52734375 0.046875 0.0546875
2 0.19375 0.5126953125 0.028125 0.033203125
2 0.29453125 0.525390625 0.035937500000000004 0.04296875
2 0.39296875000000003 0.5087890625 0.08281250000000001 0.056640625
2 0.8234375 0.4716796875 0.08750000000000001 0.052734375
2 0.75546875 0.482421875 0.0484375 0.046875
2 0.86875 0.64453125 0.259375 0.39453125
2 0.43671875000000004 0.693359375 0.32656250000000003 0.34375
2 0.6484375 0.474609375 0.021875000000000002 0.0390625
