9 0.84375 0.4599609375 0.037500000000000006 0.029296875
9 0.6585937500000001 0.43359375 0.026562500000000003 0.03515625
9 0.68359375 0.416015625 0.0171875 0.02734375
0 0.018750000000000003 0.484375 0.021875000000000002 0.06640625
0 0.10390625 0.48828125 0.0203125 0.06640625
0 0.11328125 0.4853515625 0.0140625 0.064453125
0 0.3640625 0.48828125 0.021875000000000002 0.07421875
0 0.38359375 0.486328125 0.0203125 0.078125
0 0.7171875000000001 0.474609375 0.021875000000000002 0.0703125
0 0.9375 0.4443359375 0.009375000000000001 0.037109375
0 0.9515625000000001 0.447265625 0.009375000000000001 0.03125
0 0.9593750000000001 0.4453125 0.009375000000000001 0.03515625
0 0.9750000000000001 0.4306640625 0.009375000000000001 0.025390625
2 0.59921875 0.455078125 0.051562500000000004 0.03515625
2 0.55625 0.45703125 0.040625 0.03125
2 0.7132812500000001 0.4541015625 0.09843750000000001 0.037109375
2 0.74609375 0.4453125 0.06406250000000001 0.03515625
2 0.41718750000000004 0.4697265625 0.043750000000000004 0.041015625
2 0.44921875 0.462890625 0.0546875 0.03515625
2 0.49843750000000003 0.4638671875 0.053125000000000006 0.037109375
2 0.52265625 0.4599609375 0.0421875 0.037109375
2 0.28515625 0.466796875 0.08281250000000001 0.05078125
2 0.33359375 0.46875 0.0578125 0.05078125
2 0.7953125000000001 0.4482421875 0.040625 0.037109375
2 0.921875 0.4375 0.021875000000000002 0.0234375
