9 0.95703125 0.2158203125 0.08281250000000001 0.115234375
9 0.9656250000000001 0.28125 0.053125000000000006 0.015625
0 0.7546875000000001 0.537109375 0.05 0.13671875
0 0.43828125 0.44921875 0.0078125 0.0234375
1 0.9515625000000001 0.5673828125 0.09375 0.115234375
1 0.8718750000000001 0.5498046875 0.065625 0.095703125
2 0.8289062500000001 0.5009765625 0.17343750000000002 0.107421875
2 0.7796875000000001 0.482421875 0.11875000000000001 0.09765625
2 0.7078125000000001 0.4873046875 0.040625 0.064453125
2 0.9515625000000001 0.5126953125 0.09375 0.107421875
2 0.23984375000000002 0.50390625 0.0859375 0.078125
2 0.27968750000000003 0.4912109375 0.043750000000000004 0.060546875
2 0.3015625 0.4853515625 0.03125 0.052734375
2 0.31484375000000003 0.478515625 0.0234375 0.046875
2 0.328125 0.4765625 0.028125 0.04296875
2 0.340625 0.466796875 0.03125 0.0390625
2 0.35781250000000003 0.4599609375 0.025 0.029296875
2 0.37031250000000004 0.45703125 0.021875000000000002 0.0234375
2 0.37890625 0.451171875 0.0234375 0.0234375
2 0.4140625 0.439453125 0.0125 0.015625
2 0.3921875 0.44921875 0.009375000000000001 0.01953125
2 0.3984375 0.443359375 0.0125 0.015625
2 0.40468750000000003 0.439453125 0.009375000000000001 0.015625
2 0.5078125 0.46484375 0.046875 0.05078125
2 0.48671875000000003 0.455078125 0.0234375 0.0390625
2 0.47578125000000004 0.44921875 0.0140625 0.0234375
2 0.46875 0.4443359375 0.009375000000000001 0.017578125
2 0.46484375 0.4365234375 0.010937500000000001 0.013671875
9 0.13828125 0.357421875 0.035937500000000004 0.0390625
9 0.1390625 0.38671875 0.025 0.015625
