7 0.3359375 0.388671875 0.00625 0.015625
7 0.33906250000000004 0.4013671875 0.00625 0.017578125
9 0.38828125 0.4267578125 0.0078125 0.017578125
9 0.57265625 0.4052734375 0.0140625 0.017578125
9 0.571875 0.42578125 0.0125 0.015625
9 0.62421875 0.3935546875 0.0140625 0.021484375
9 0.6265625 0.41796875 0.0125 0.01953125
0 0.17578125 0.4638671875 0.0203125 0.056640625
0 0.74140625 0.4736328125 0.0203125 0.068359375
0 0.76171875 0.474609375 0.026562500000000003 0.07421875
1 0.26953125 0.4755859375 0.0171875 0.037109375
1 0.28750000000000003 0.47265625 0.018750000000000003 0.03515625
1 0.38593750000000004 0.478515625 0.021875000000000002 0.03125
1 0.44843750000000004 0.4931640625 0.028125 0.052734375
1 0.4859375 0.49609375 0.025 0.05078125
1 0.7140625 0.5517578125 0.053125000000000006 0.111328125
1 0.92109375 0.603515625 0.11093750000000001 0.171875
2 0.34765625 0.4619140625 0.010937500000000001 0.013671875
2 0.52890625 0.4853515625 0.060937500000000006 0.064453125
2 0.578125 0.4921875 0.07500000000000001 0.0703125
2 0.6234375000000001 0.505859375 0.10312500000000001 0.08203125
2 0.82421875 0.5361328125 0.18906250000000002 0.150390625
2 0.9734375000000001 0.587890625 0.05 0.12109375
0 0.27187500000000003 0.4609375 0.018750000000000003 0.05078125
0 0.28671875 0.455078125 0.0203125 0.046875
0 0.38671875 0.4638671875 0.0203125 0.048828125
0 0.44843750000000004 0.47265625 0.028125 0.078125
0 0.4859375 0.4736328125 0.025 0.083984375
0 0.71640625 0.5048828125 0.0546875 0.166015625
0 0.925 0.5263671875 0.109375 0.212890625
