7 0.6492187500000001 0.318359375 0.0171875 0.0546875
7 0.4578125 0.1748046875 0.018750000000000003 0.060546875
7 0.13046875 0.3095703125 0.0140625 0.052734375
7 0.12812500000000002 0.3740234375 0.018750000000000003 0.029296875
7 0.64609375 0.38671875 0.0140625 0.0234375
9 0.7679687500000001 0.3564453125 0.045312500000000006 0.017578125
9 0.7679687500000001 0.337890625 0.0171875 0.01953125
0 0.010937500000000001 0.4462890625 0.018750000000000003 0.048828125
0 0.1078125 0.4423828125 0.028125 0.033203125
0 0.88984375 0.4736328125 0.0484375 0.111328125
0 0.91171875 0.4697265625 0.0484375 0.107421875
0 0.9546875 0.4462890625 0.018750000000000003 0.044921875
0 0.74375 0.4658203125 0.028125 0.091796875
0 0.66796875 0.45703125 0.0171875 0.0546875
0 0.8109375000000001 0.447265625 0.018750000000000003 0.03125
0 0.484375 0.4541015625 0.015625 0.060546875
1 0.06015625 0.5185546875 0.1203125 0.095703125
2 0.38671875 0.478515625 0.1015625 0.078125
2 0.5609375 0.47265625 0.0625 0.05859375
2 0.53515625 0.466796875 0.0203125 0.046875
2 0.52578125 0.4609375 0.0234375 0.04296875
2 0.52265625 0.4560546875 0.029687500000000002 0.041015625
2 0.51953125 0.4501953125 0.029687500000000002 0.037109375
2 0.5015625 0.4462890625 0.018750000000000003 0.021484375
2 0.45546875000000003 0.4423828125 0.0234375 0.025390625
0 0.055468750000000004 0.484375 0.0671875 0.13671875
