9 0.72265625 0.333984375 0.0390625 0.046875
9 0.72421875 0.3623046875 0.026562500000000003 0.009765625
0 0.790625 0.513671875 0.03125 0.13671875
0 0.83125 0.5107421875 0.03125 0.130859375
0 0.8539062500000001 0.5048828125 0.0203125 0.095703125
0 0.6312500000000001 0.4794921875 0.015625 0.060546875
0 0.609375 0.48046875 0.018750000000000003 0.0546875
1 0.6296875000000001 0.4892578125 0.037500000000000006 0.037109375
1 0.6179687500000001 0.4873046875 0.0234375 0.041015625
2 0.74921875 0.4853515625 0.051562500000000004 0.052734375
2 0.30000000000000004 0.4736328125 0.046875 0.048828125
2 0.2390625 0.47265625 0.065625 0.046875
2 0.18515625000000002 0.4658203125 0.045312500000000006 0.052734375
