9 0.65 0.3486328125 0.03125 0.009765625
9 0.54609375 0.3935546875 0.0078125 0.013671875
0 0.95234375 0.4501953125 0.035937500000000004 0.095703125
0 0.8984375 0.451171875 0.028125 0.09375
0 0.86640625 0.451171875 0.035937500000000004 0.1015625
0 0.33359375 0.4375 0.0078125 0.02734375
0 0.3203125 0.44140625 0.00625 0.0234375
2 0.51953125 0.4453125 0.0390625 0.03515625
2 0.48671875000000003 0.421875 0.0171875 0.01953125
2 0.38828125 0.4287109375 0.0203125 0.021484375
2 0.478125 0.4140625 0.015625 0.015625
15 0.41796875 0.404296875 0.0171875 0.0234375
