0 0.43203125000000003 0.443359375 0.0078125 0.0234375
1 0.46015625000000004 0.44921875 0.0078125 0.015625
2 0.7757812500000001 0.57421875 0.2109375 0.1953125
2 0.671875 0.5419921875 0.078125 0.115234375
2 0.6421875 0.5205078125 0.078125 0.091796875
2 0.60078125 0.4853515625 0.060937500000000006 0.064453125
2 0.57265625 0.478515625 0.026562500000000003 0.05078125
2 0.565625 0.4697265625 0.034375 0.041015625
2 0.5554687500000001 0.45703125 0.035937500000000004 0.0390625
2 0.53671875 0.4453125 0.026562500000000003 0.02734375
2 0.5234375 0.4375 0.018750000000000003 0.0234375
2 0.5 0.43359375 0.015625 0.015625
2 0.11953125 0.5107421875 0.0703125 0.080078125
2 0.1859375 0.474609375 0.09375 0.06640625
2 0.20390625 0.544921875 0.1421875 0.12109375
2 0.2703125 0.51171875 0.09375 0.11328125
2 0.33906250000000004 0.4931640625 0.059375000000000004 0.064453125
2 0.36953125000000003 0.453125 0.029687500000000002 0.03125
2 0.3671875 0.4326171875 0.034375 0.021484375
2 0.39765625000000004 0.4638671875 0.035937500000000004 0.041015625
2 0.41171875 0.45703125 0.0328125 0.0390625
2 0.46796875000000004 0.44140625 0.010937500000000001 0.01953125
2 0.47265625 0.4345703125 0.010937500000000001 0.013671875
2 0.48046875 0.4296875 0.0140625 0.01171875
0 0.46015625000000004 0.44140625 0.0078125 0.0234375
