9 0.9703125 0.4833984375 0.037500000000000006 0.037109375
9 0.97265625 0.453125 0.0328125 0.01953125
9 0.96875 0.40234375 0.043750000000000004 0.06640625
9 0.57578125 0.53125 0.0140625 0.01171875
9 0.21250000000000002 0.486328125 0.018750000000000003 0.0234375
0 0.56796875 0.5615234375 0.010937500000000001 0.029296875
0 0.553125 0.5615234375 0.009375000000000001 0.025390625
0 0.6234375000000001 0.5703125 0.009375000000000001 0.0390625
0 0.61484375 0.572265625 0.010937500000000001 0.0390625
0 0.6078125000000001 0.5732421875 0.009375000000000001 0.041015625
0 0.59765625 0.5625 0.010937500000000001 0.02734375
0 0.403125 0.5625 0.009375000000000001 0.02734375
0 0.39296875000000003 0.560546875 0.0078125 0.0234375
0 0.38515625000000003 0.5546875 0.010937500000000001 0.015625
0 0.02109375 0.5830078125 0.035937500000000004 0.083984375
0 0.0578125 0.58984375 0.025 0.09765625
0 0.08359375000000001 0.6015625 0.026562500000000003 0.09375
0 0.134375 0.560546875 0.018750000000000003 0.02734375
0 0.209375 0.56640625 0.021875000000000002 0.02734375
0 0.4609375 0.560546875 0.00625 0.01953125
6 0.7578125 0.5537109375 0.296875 0.318359375
2 0.48828125 0.560546875 0.010937500000000001 0.015625
2 0.509375 0.5810546875 0.046875 0.052734375
2 0.03515625 0.6875 0.0703125 0.171875
2 0.14921875 0.634765625 0.13593750000000002 0.125
2 0.24140625000000002 0.61328125 0.0859375 0.0859375
2 0.29531250000000003 0.580078125 0.05625 0.0546875
2 0.32890625 0.5634765625 0.035937500000000004 0.025390625
2 0.371875 0.5751953125 0.037500000000000006 0.041015625
2 0.3328125 0.630859375 0.1375 0.109375
