9 0.8250000000000001 0.337890625 0.05 0.05859375
9 0.8289062500000001 0.3779296875 0.026562500000000003 0.017578125
0 0.23593750000000002 0.4736328125 0.015625 0.060546875
0 0.25625000000000003 0.4755859375 0.015625 0.064453125
0 0.57734375 0.5341796875 0.0546875 0.166015625
1 0.27968750000000003 0.4892578125 0.018750000000000003 0.041015625
1 0.29453125 0.5087890625 0.0234375 0.056640625
1 0.41484375 0.587890625 0.051562500000000004 0.125
2 0.057031250000000006 0.6318359375 0.11406250000000001 0.228515625
2 0.134375 0.5712890625 0.14375000000000002 0.154296875
2 0.3140625 0.4560546875 0.028125 0.025390625
2 0.78046875 0.6005859375 0.2390625 0.185546875
2 0.9398437500000001 0.4892578125 0.1078125 0.068359375
2 0.34687500000000004 0.4755859375 0.053125000000000006 0.052734375
2 0.37734375000000003 0.474609375 0.0171875 0.03125
2 0.3828125 0.4677734375 0.03125 0.037109375
2 0.4546875 0.46484375 0.025 0.02734375
2 0.43593750000000003 0.4521484375 0.015625 0.013671875
2 0.42421875000000003 0.4560546875 0.0140625 0.017578125
2 0.4078125 0.4521484375 0.015625 0.013671875
2 0.5359375000000001 0.4833984375 0.046875 0.052734375
2 0.51015625 0.4697265625 0.0234375 0.044921875
2 0.49531250000000004 0.4697265625 0.0125 0.037109375
2 0.48359375000000004 0.46484375 0.0140625 0.03125
0 0.27968750000000003 0.4716796875 0.018750000000000003 0.056640625
0 0.29453125 0.494140625 0.0234375 0.07421875
0 0.41640625000000003 0.541015625 0.060937500000000006 0.1796875
15 0.5765625 0.6220703125 0.025 0.021484375
15 0.534375 0.4521484375 0.03125 0.029296875
9 0.28750000000000003 0.40625 0.015625 0.01953125
9 0.28671875 0.4189453125 0.0140625 0.005859375
