0 0.37734375000000003 0.462890625 0.010937500000000001 0.04296875
0 0.47421875 0.4384765625 0.004687500000000001 0.013671875
1 0.30000000000000004 0.5517578125 0.034375 0.080078125
2 0.8835937500000001 0.7861328125 0.22968750000000002 0.408203125
2 0.7859375000000001 0.619140625 0.234375 0.20703125
2 0.7078125000000001 0.5458984375 0.1625 0.162109375
2 0.6351562500000001 0.5244140625 0.06406250000000001 0.099609375
2 0.625 0.505859375 0.07187500000000001 0.08203125
2 0.6023437500000001 0.4873046875 0.06406250000000001 0.060546875
2 0.5750000000000001 0.4765625 0.053125000000000006 0.05859375
2 0.56875 0.4638671875 0.053125000000000006 0.044921875
2 0.5476562500000001 0.455078125 0.0234375 0.02734375
2 0.54140625 0.44921875 0.026562500000000003 0.02734375
2 0.10234375000000001 0.58203125 0.19843750000000002 0.16796875
2 0.2109375 0.53125 0.12812500000000002 0.125
2 0.0890625 0.4775390625 0.084375 0.064453125
2 0.16875 0.484375 0.084375 0.05078125
2 0.265625 0.4501953125 0.09375 0.068359375
2 0.40156250000000004 0.47265625 0.046875 0.05078125
2 0.33125000000000004 0.4560546875 0.037500000000000006 0.037109375
2 0.340625 0.447265625 0.046875 0.03125
2 0.3921875 0.4404296875 0.034375 0.017578125
2 0.42421875000000003 0.4462890625 0.0171875 0.029296875
2 0.43828125 0.4404296875 0.0171875 0.017578125
2 0.4546875 0.4443359375 0.015625 0.017578125
2 0.503125 0.4375 0.015625 0.01953125
2 0.46640625 0.44140625 0.010937500000000001 0.015625
2 0.47578125000000004 0.4365234375 0.010937500000000001 0.013671875
2 0.48281250000000003 0.435546875 0.00625 0.01171875
2 0.48828125 0.4345703125 0.004687500000000001 0.009765625
2 0.49296875 0.4345703125 0.004687500000000001 0.009765625
2 0.11953125 0.4609375 0.0734375 0.046875
0 0.3015625 0.509765625 0.034375 0.109375
