7 0.014843750000000001 0.16796875 0.026562500000000003 0.0703125
7 0.17890625000000002 0.169921875 0.0234375 0.0625
7 0.32109375 0.2802734375 0.0140625 0.037109375
7 0.41875 0.26953125 0.015625 0.04296875
7 0.7601562500000001 0.2177734375 0.0140625 0.041015625
7 0.5765625 0.3515625 0.009375000000000001 0.03125
7 0.57734375 0.3876953125 0.0140625 0.017578125
7 0.06406250000000001 0.404296875 0.0125 0.015625
7 0.0625 0.369140625 0.009375000000000001 0.03125
7 0.69140625 0.2705078125 0.0171875 0.060546875
9 0.1328125 0.138671875 0.040625 0.05078125
9 0.34609375000000003 0.2646484375 0.0234375 0.029296875
0 0.5546875 0.43359375 0.00625 0.01953125
0 0.5609375 0.431640625 0.00625 0.02734375
2 0.340625 0.4404296875 0.040625 0.037109375
2 0.46718750000000003 0.4326171875 0.018750000000000003 0.021484375
2 0.42265625 0.43359375 0.0140625 0.01171875
2 0.22031250000000002 0.4814453125 0.2 0.162109375
