0 0.94140625 0.5537109375 0.11406250000000001 0.431640625
0 0.7375 0.4951171875 0.043750000000000004 0.130859375
0 0.0140625 0.5146484375 0.028125 0.236328125
15 0.08515625 0.4501953125 0.1703125 0.146484375
2 0.2984375 0.466796875 0.03125 0.02734375
2 0.041406250000000006 0.517578125 0.08281250000000001 0.13671875
2 0.06640625 0.4765625 0.1234375 0.1171875
2 0.19843750000000002 0.47265625 0.06875 0.0625
15 0.7117187500000001 0.453125 0.3671875 0.203125
15 0.49453125000000003 0.4853515625 0.1859375 0.083984375
15 0.421875 0.4765625 0.12812500000000002 0.0703125
15 0.36015625 0.470703125 0.09531250000000001 0.0625
