9 0.6062500000000001 0.39453125 0.03125 0.05078125
0 0.7937500000000001 0.494140625 0.034375 0.140625
0 0.7156250000000001 0.5 0.046875 0.12109375
2 0.07734375 0.484375 0.1546875 0.2265625
2 0.453125 0.4951171875 0.037500000000000006 0.041015625
2 0.43203125000000003 0.490234375 0.0171875 0.03125
2 0.4234375 0.4873046875 0.015625 0.025390625
2 0.24921875000000002 0.4794921875 0.1015625 0.064453125
2 0.31640625 0.4794921875 0.0203125 0.037109375
2 0.30312500000000003 0.4833984375 0.018750000000000003 0.044921875
2 0.34140625 0.48046875 0.029687500000000002 0.0234375
