9 0.5734375 0.3837890625 0.0125 0.025390625
0 0.58125 0.4619140625 0.015625 0.056640625
0 0.5359375000000001 0.462890625 0.025 0.05859375
0 0.540625 0.453125 0.015625 0.0390625
0 0.5554687500000001 0.451171875 0.010937500000000001 0.0390625
0 0.46484375 0.455078125 0.0140625 0.0390625
0 0.496875 0.462890625 0.015625 0.0546875
0 0.18828125 0.4599609375 0.0171875 0.044921875
0 0.5046875000000001 0.462890625 0.015625 0.0546875
0 0.5765625 0.4453125 0.021875000000000002 0.08984375
1 0.7898437500000001 0.4931640625 0.0765625 0.095703125
2 0.93671875 0.5654296875 0.1234375 0.259765625
2 0.6359375 0.486328125 0.125 0.1015625
2 0.30312500000000003 0.4755859375 0.08750000000000001 0.072265625
2 0.35000000000000003 0.451171875 0.0125 0.015625
2 0.47187500000000004 0.4501953125 0.0125 0.017578125
2 0.45390625 0.451171875 0.0140625 0.015625
2 0.4421875 0.4501953125 0.009375000000000001 0.009765625
2 0.39375000000000004 0.4501953125 0.009375000000000001 0.009765625
2 0.02734375 0.5 0.0546875 0.109375
