9 0.7914062500000001 0.3740234375 0.0734375 0.111328125
9 0.7820312500000001 0.50390625 0.0390625 0.02734375
9 0.671875 0.48046875 0.021875000000000002 0.015625
0 0.07265625 0.5009765625 0.0140625 0.052734375
0 0.12421875 0.494140625 0.010937500000000001 0.04296875
2 0.20625000000000002 0.47265625 0.0625 0.03515625
2 0.38203125000000004 0.45703125 0.026562500000000003 0.02734375
2 0.38906250000000003 0.4306640625 0.009375000000000001 0.009765625
2 0.40078125000000003 0.4296875 0.0078125 0.0078125
2 0.47500000000000003 0.4384765625 0.015625 0.017578125
2 0.51171875 0.431640625 0.010937500000000001 0.01171875
2 0.521875 0.43359375 0.009375000000000001 0.01171875
2 0.540625 0.4423828125 0.018750000000000003 0.021484375
2 0.534375 0.43359375 0.015625 0.01953125
