0 0.225 0.4814453125 0.028125 0.103515625
1 0.4765625 0.494140625 0.03125 0.0703125
2 0.95234375 0.509765625 0.0921875 0.30859375
2 0.85546875 0.5263671875 0.18281250000000002 0.173828125
2 0.7468750000000001 0.4970703125 0.13125 0.115234375
2 0.6625000000000001 0.4814453125 0.08750000000000001 0.076171875
2 0.61875 0.4755859375 0.046875 0.064453125
2 0.59921875 0.470703125 0.035937500000000004 0.05859375
2 0.5765625 0.4697265625 0.037500000000000006 0.044921875
2 0.55703125 0.4638671875 0.029687500000000002 0.041015625
2 0.53515625 0.458984375 0.0203125 0.02734375
2 0.5281250000000001 0.455078125 0.025 0.02734375
2 0.50625 0.4560546875 0.018750000000000003 0.017578125
2 0.43515625 0.455078125 0.0140625 0.015625
2 0.42500000000000004 0.4560546875 0.0125 0.013671875
2 0.4140625 0.45703125 0.0125 0.01953125
2 0.403125 0.4580078125 0.018750000000000003 0.025390625
2 0.38906250000000003 0.4609375 0.021875000000000002 0.02734375
2 0.37343750000000003 0.4638671875 0.028125 0.029296875
2 0.34375 0.4658203125 0.043750000000000004 0.048828125
2 0.32656250000000003 0.470703125 0.043750000000000004 0.046875
2 0.28359375000000003 0.4775390625 0.0546875 0.068359375
2 0.2421875 0.4853515625 0.07187500000000001 0.076171875
2 0.15156250000000002 0.498046875 0.14375000000000002 0.109375
0 0.47578125000000004 0.470703125 0.035937500000000004 0.1015625
