7 0.8921875 0.3583984375 0.025 0.029296875
7 0.88671875 0.2744140625 0.026562500000000003 0.087890625
7 0.18671875000000002 0.2431640625 0.026562500000000003 0.083984375
7 0.178125 0.330078125 0.021875000000000002 0.02734375
9 0.909375 0.3330078125 0.06875 0.017578125
9 0.7273437500000001 0.400390625 0.010937500000000001 0.01953125
9 0.31562500000000004 0.4599609375 0.0125 0.025390625
0 0.45859375 0.45703125 0.060937500000000006 0.15625
0 0.28671875 0.4560546875 0.0234375 0.068359375
0 0.2671875 0.44921875 0.009375000000000001 0.03125
0 0.17734375000000002 0.4501953125 0.0390625 0.119140625
0 0.11171875 0.4462890625 0.0671875 0.138671875
0 0.06015625 0.4345703125 0.0234375 0.111328125
0 0.0421875 0.431640625 0.03125 0.125
0 0.00859375 0.4326171875 0.0171875 0.111328125
2 0.6882812500000001 0.470703125 0.1078125 0.10546875
2 0.625 0.4775390625 0.040625 0.056640625
2 0.56484375 0.4599609375 0.0859375 0.091796875
2 0.5164062500000001 0.4638671875 0.0171875 0.033203125
2 0.49296875 0.4619140625 0.0328125 0.029296875
2 0.421875 0.4541015625 0.015625 0.021484375
2 0.4078125 0.4560546875 0.025 0.037109375
2 0.39375000000000004 0.4609375 0.025 0.04296875
2 0.35468750000000004 0.4580078125 0.0625 0.068359375
2 0.33046875000000003 0.466796875 0.0703125 0.0703125
2 0.9476562500000001 0.5185546875 0.1015625 0.111328125
9 0.31562500000000004 0.42578125 0.0125 0.01953125
1 0.11953125 0.455078125 0.0546875 0.0390625
1 0.15546875000000002 0.4541015625 0.0234375 0.029296875
0 0.46718750000000003 0.4580078125 0.040625 0.154296875
