4 0.5750000000000001 0.5126953125 0.043750000000000004 0.060546875
7 0.8828125 0.501953125 0.009375000000000001 0.01171875
7 0.6296875000000001 0.5068359375 0.00625 0.017578125
0 0.29765625 0.55859375 0.0140625 0.04296875
0 0.26953125 0.560546875 0.0140625 0.0390625
0 0.309375 0.5537109375 0.00625 0.021484375
0 0.27890625 0.5556640625 0.004687500000000001 0.021484375
0 0.25703125 0.5576171875 0.0078125 0.029296875
0 0.6265625 0.544921875 0.00625 0.03125
0 0.6421875 0.5478515625 0.009375000000000001 0.029296875
0 0.6507812500000001 0.5498046875 0.0078125 0.037109375
0 0.6609375000000001 0.544921875 0.009375000000000001 0.02734375
0 0.7039062500000001 0.546875 0.0140625 0.046875
0 0.7507812500000001 0.54296875 0.010937500000000001 0.04296875
0 0.728125 0.54296875 0.00625 0.03125
0 0.7796875000000001 0.5390625 0.009375000000000001 0.02734375
0 0.94453125 0.5390625 0.010937500000000001 0.0390625
0 0.8203125 0.53515625 0.00625 0.0234375
0 0.890625 0.5361328125 0.009375000000000001 0.033203125
0 0.6804687500000001 0.548828125 0.010937500000000001 0.04296875
2 0.96484375 0.630859375 0.0671875 0.171875
2 0.5140625 0.5986328125 0.153125 0.173828125
2 0.5906250000000001 0.5654296875 0.028125 0.052734375
2 0.42500000000000004 0.556640625 0.046875 0.05078125
2 0.39453125 0.5888671875 0.0859375 0.087890625
2 0.34218750000000003 0.5673828125 0.046875 0.052734375
2 0.1375 0.69921875 0.275 0.32421875
