7 0.1609375 0.33203125 0.021875000000000002 0.06640625
7 0.16796875 0.486328125 0.0140625 0.04296875
7 0.21484375 0.4453125 0.0078125 0.0234375
7 0.21484375 0.494140625 0.004687500000000001 0.01171875
7 0.83125 0.4462890625 0.0125 0.037109375
7 0.8054687500000001 0.3095703125 0.026562500000000003 0.072265625
7 0.92109375 0.3642578125 0.010937500000000001 0.029296875
7 0.92578125 0.4375 0.004687500000000001 0.015625
7 0.9296875 0.3974609375 0.0125 0.021484375
9 0.16484375 0.44921875 0.0390625 0.02734375
9 0.8304687500000001 0.416015625 0.0140625 0.01953125
9 0.9171875 0.416015625 0.009375000000000001 0.01171875
9 0.7093750000000001 0.423828125 0.0125 0.015625
9 0.71015625 0.435546875 0.0078125 0.0078125
0 0.040625 0.515625 0.015625 0.0390625
0 0.26484375 0.5205078125 0.0234375 0.076171875
1 0.68515625 0.556640625 0.051562500000000004 0.1015625
2 0.6234375000000001 0.4599609375 0.009375000000000001 0.009765625
2 0.58046875 0.4638671875 0.0078125 0.009765625
2 0.57265625 0.4658203125 0.0078125 0.009765625
2 0.5640625 0.4677734375 0.015625 0.013671875
2 0.54609375 0.4697265625 0.0171875 0.017578125
2 0.5281250000000001 0.474609375 0.015625 0.015625
2 0.48750000000000004 0.4794921875 0.025 0.021484375
2 0.43593750000000003 0.4765625 0.046875 0.0390625
2 0.4078125 0.5126953125 0.15937500000000002 0.068359375
2 0.24531250000000002 0.578125 0.096875 0.125
2 0.14921875 0.6708984375 0.2984375 0.314453125
2 0.6023437500000001 0.47265625 0.026562500000000003 0.0234375
2 0.55703125 0.521484375 0.15781250000000002 0.078125
2 0.5109375 0.68359375 0.33125000000000004 0.35546875
0 0.68515625 0.521484375 0.0546875 0.14453125
0 0.078125 0.509765625 0.015625 0.02734375
