9 0.42578125 0.4560546875 0.0078125 0.017578125
0 0.73828125 0.5087890625 0.0234375 0.087890625
0 0.5125000000000001 0.4990234375 0.015625 0.044921875
0 0.49375 0.4970703125 0.018750000000000003 0.048828125
0 0.52578125 0.4931640625 0.0078125 0.025390625
1 0.65390625 0.52734375 0.026562500000000003 0.05078125
1 0.5671875000000001 0.5068359375 0.015625 0.025390625
2 0.039843750000000004 0.5126953125 0.07968750000000001 0.083984375
2 0.1484375 0.515625 0.140625 0.08984375
2 0.23203125000000002 0.5068359375 0.0734375 0.064453125
2 0.3140625 0.4814453125 0.053125000000000006 0.029296875
2 0.35859375000000004 0.494140625 0.0328125 0.03515625
2 0.38515625000000003 0.48828125 0.035937500000000004 0.04296875
2 0.45234375000000004 0.49609375 0.0234375 0.03125
2 0.46875 0.486328125 0.015625 0.015625
2 0.5609375 0.5 0.034375 0.03125
2 0.63203125 0.501953125 0.026562500000000003 0.02734375
2 0.60859375 0.494140625 0.0203125 0.01953125
2 0.58125 0.5009765625 0.009375000000000001 0.021484375
0 0.6531250000000001 0.5048828125 0.025 0.072265625
0 0.5671875000000001 0.494140625 0.015625 0.0390625
