0 0.68125 0.5390625 0.021875000000000002 0.0625
0 0.5296875 0.517578125 0.009375000000000001 0.0234375
1 0.50234375 0.5302734375 0.010937500000000001 0.021484375
1 0.57734375 0.525390625 0.0078125 0.01171875
2 0.02734375 0.6015625 0.0546875 0.15234375
2 0.1171875 0.5849609375 0.184375 0.146484375
2 0.23046875 0.552734375 0.1296875 0.12890625
2 0.34140625 0.546875 0.0921875 0.0703125
2 0.38593750000000004 0.5400390625 0.043750000000000004 0.060546875
2 0.41718750000000004 0.5322265625 0.043750000000000004 0.048828125
2 0.43984375000000003 0.5302734375 0.0234375 0.041015625
2 0.45625000000000004 0.5283203125 0.025 0.037109375
2 0.47421875 0.5224609375 0.029687500000000002 0.033203125
2 0.4921875 0.5205078125 0.0125 0.029296875
2 0.51015625 0.5205078125 0.0078125 0.021484375
2 0.5171875 0.51953125 0.009375000000000001 0.01953125
2 0.5281250000000001 0.517578125 0.0125 0.01953125
2 0.55390625 0.525390625 0.0328125 0.03125
2 0.60546875 0.5361328125 0.0390625 0.041015625
2 0.6890625 0.533203125 0.06875 0.0625
2 0.6335937500000001 0.5390625 0.0203125 0.04296875
2 0.65390625 0.5419921875 0.035937500000000004 0.044921875
2 0.8562500000000001 0.6904296875 0.284375 0.318359375
2 0.9265625000000001 0.81640625 0.14375000000000002 0.36328125
2 0.78046875 0.5400390625 0.0921875 0.060546875
0 0.50234375 0.5205078125 0.0078125 0.033203125
0 0.57734375 0.51953125 0.004687500000000001 0.01953125
1 0.6390625000000001 0.5498046875 0.028125 0.048828125
