9 0.50625 0.431640625 0.015625 0.01953125
9 0.50625 0.443359375 0.009375000000000001 0.00390625
9 0.41171875 0.4404296875 0.0140625 0.017578125
2 0.51015625 0.4775390625 0.0546875 0.048828125
2 0.5671875000000001 0.453125 0.037500000000000006 0.0234375
2 0.40625 0.466796875 0.028125 0.02734375
2 0.38125000000000003 0.4677734375 0.018750000000000003 0.017578125
2 0.31015625 0.46484375 0.0140625 0.015625
2 0.27890625 0.470703125 0.026562500000000003 0.02734375
2 0.26953125 0.4677734375 0.0203125 0.025390625
