7 0.8093750000000001 0.4228515625 0.018750000000000003 0.072265625
7 0.81015625 0.564453125 0.0140625 0.03515625
7 0.047656250000000004 0.29296875 0.026562500000000003 0.1015625
7 0.12265625000000001 0.494140625 0.0078125 0.02734375
7 0.12890625 0.494140625 0.004687500000000001 0.02734375
7 0.734375 0.4931640625 0.009375000000000001 0.029296875
9 0.7015625000000001 0.4873046875 0.018750000000000003 0.021484375
9 0.7000000000000001 0.5068359375 0.018750000000000003 0.021484375
9 0.7015625000000001 0.52734375 0.018750000000000003 0.0234375
9 0.11875000000000001 0.5224609375 0.0125 0.013671875
9 0.04453125 0.43359375 0.035937500000000004 0.046875
0 0.9632812500000001 0.66796875 0.0703125 0.19921875
0 0.63046875 0.5693359375 0.0234375 0.068359375
0 0.06406250000000001 0.57421875 0.015625 0.0546875
2 0.5085937500000001 0.5361328125 0.0171875 0.013671875
2 0.5328125 0.537109375 0.0125 0.01171875
2 0.521875 0.5361328125 0.009375000000000001 0.013671875
