7 0.88828125 0.2099609375 0.051562500000000004 0.068359375
7 0.8148437500000001 0.3232421875 0.0171875 0.044921875
7 0.821875 0.376953125 0.0125 0.01953125
7 0.8679687500000001 0.330078125 0.0234375 0.03125
7 0.6156250000000001 0.384765625 0.015625 0.01953125
7 0.61875 0.33984375 0.015625 0.046875
9 0.9476562500000001 0.12890625 0.045312500000000006 0.0546875
9 0.8656250000000001 0.3623046875 0.028125 0.009765625
0 0.05 0.466796875 0.018750000000000003 0.07421875
0 0.07500000000000001 0.453125 0.018750000000000003 0.06640625
0 0.11796875000000001 0.462890625 0.0140625 0.0703125
0 0.41718750000000004 0.46484375 0.018750000000000003 0.09375
0 0.5921875 0.4560546875 0.021875000000000002 0.083984375
0 0.60859375 0.4541015625 0.0171875 0.083984375
0 0.6312500000000001 0.455078125 0.021875000000000002 0.09375
0 0.68125 0.5087890625 0.043750000000000004 0.244140625
0 0.7289062500000001 0.5107421875 0.0578125 0.251953125
0 0.7765625 0.5107421875 0.084375 0.275390625
1 0.05859375 0.4990234375 0.08281250000000001 0.056640625
2 0.50546875 0.4541015625 0.0203125 0.017578125
2 0.4765625 0.455078125 0.0125 0.01171875
2 0.465625 0.455078125 0.009375000000000001 0.01171875
2 0.45156250000000003 0.4560546875 0.021875000000000002 0.021484375
2 0.43046875 0.4560546875 0.010937500000000001 0.013671875
2 0.5234375 0.4541015625 0.009375000000000001 0.021484375
2 0.54296875 0.4599609375 0.0421875 0.044921875
2 0.265625 0.46484375 0.0625 0.05078125
0 0.05625 0.47265625 0.025 0.0859375
