4 0.284375 0.369140625 0.12812500000000002 0.0703125
9 0.45390625 0.3564453125 0.0140625 0.029296875
0 0.1609375 0.4306640625 0.037500000000000006 0.115234375
0 0.8851562500000001 0.435546875 0.0234375 0.0625
0 0.85546875 0.4326171875 0.0140625 0.052734375
0 0.46718750000000003 0.40234375 0.00625 0.0234375
0 0.47500000000000003 0.4033203125 0.00625 0.025390625
1 0.72421875 0.4599609375 0.0203125 0.048828125
6 0.54296875 0.37109375 0.11093750000000001 0.1640625
2 0.54453125 0.45703125 0.1171875 0.11328125
2 0.6046875 0.4208984375 0.028125 0.033203125
2 0.64765625 0.4384765625 0.07968750000000001 0.076171875
2 0.2265625 0.4033203125 0.025 0.029296875
2 0.2984375 0.400390625 0.040625 0.015625
2 0.415625 0.40234375 0.025 0.015625
0 0.7234375000000001 0.443359375 0.025 0.0703125
