0 0.84921875 0.5302734375 0.0765625 0.107421875
0 0.78046875 0.4794921875 0.029687500000000002 0.083984375
0 0.7429687500000001 0.4755859375 0.029687500000000002 0.091796875
0 0.73828125 0.474609375 0.0234375 0.08203125
0 0.7109375 0.4814453125 0.021875000000000002 0.099609375
0 0.6953125 0.4716796875 0.015625 0.091796875
0 0.6640625 0.466796875 0.015625 0.05859375
0 0.6468750000000001 0.474609375 0.018750000000000003 0.0859375
0 0.63046875 0.4775390625 0.0203125 0.080078125
0 0.6078125000000001 0.4755859375 0.025 0.076171875
0 0.54140625 0.4765625 0.0234375 0.07421875
1 0.815625 0.5439453125 0.034375 0.091796875
2 0.85078125 0.4580078125 0.06406250000000001 0.044921875
9 0.66796875 0.388671875 0.0203125 0.02734375
