0 0.44140625 0.4619140625 0.0140625 0.048828125
0 0.45234375000000004 0.462890625 0.010937500000000001 0.046875
0 0.47421875 0.4580078125 0.0078125 0.037109375
0 0.484375 0.4560546875 0.009375000000000001 0.033203125
2 0.07500000000000001 0.55078125 0.15000000000000002 0.17578125
2 0.88984375 0.50390625 0.09531250000000001 0.09375
2 0.76875 0.56640625 0.21250000000000002 0.20703125
2 0.6507812500000001 0.482421875 0.09531250000000001 0.09375
2 0.6039062500000001 0.46875 0.0421875 0.05859375
2 0.79609375 0.462890625 0.1234375 0.05859375
2 0.946875 0.494140625 0.059375000000000004 0.109375
2 0.27890625 0.4853515625 0.1171875 0.115234375
2 0.34765625 0.4833984375 0.0484375 0.072265625
2 0.35234375 0.4736328125 0.0546875 0.076171875
2 0.39687500000000003 0.470703125 0.043750000000000004 0.046875
2 0.4109375 0.4599609375 0.046875 0.056640625
2 0.4390625 0.458984375 0.021875000000000002 0.05078125
2 0.5125000000000001 0.4599609375 0.043750000000000004 0.041015625
2 0.46484375 0.4580078125 0.0203125 0.033203125
2 0.7039062500000001 0.4560546875 0.0546875 0.048828125
2 0.5390625 0.462890625 0.0125 0.01953125
0 0.5750000000000001 0.4697265625 0.025 0.087890625
0 0.553125 0.46875 0.018750000000000003 0.0703125
15 0.57265625 0.517578125 0.0140625 0.0078125
15 0.5546875 0.5078125 0.0125 0.0078125
