0 0.83203125 0.427734375 0.0078125 0.02734375
0 0.84296875 0.4287109375 0.0078125 0.025390625
0 0.853125 0.427734375 0.009375000000000001 0.02734375
1 0.50546875 0.4736328125 0.0140625 0.029296875
2 0.47890625000000003 0.4326171875 0.0078125 0.009765625
2 0.47421875 0.435546875 0.0078125 0.01171875
2 0.46406250000000004 0.4482421875 0.025 0.029296875
2 0.45078125 0.4423828125 0.0078125 0.013671875
2 0.44062500000000004 0.4443359375 0.015625 0.021484375
2 0.43046875 0.44921875 0.010937500000000001 0.01953125
2 0.4234375 0.455078125 0.015625 0.03125
2 0.41171875 0.4560546875 0.0203125 0.033203125
2 0.39140625 0.4619140625 0.035937500000000004 0.044921875
2 0.38593750000000004 0.466796875 0.03125 0.04296875
2 0.36171875000000003 0.470703125 0.0421875 0.0546875
2 0.35390625000000003 0.478515625 0.035937500000000004 0.05859375
2 0.321875 0.4873046875 0.059375000000000004 0.087890625
2 0.26015625000000003 0.4970703125 0.1046875 0.099609375
2 0.21171875 0.4736328125 0.045312500000000006 0.033203125
2 0.05859375 0.5732421875 0.1171875 0.130859375
2 0.15546875000000002 0.6513671875 0.31093750000000003 0.275390625
2 0.61328125 0.4326171875 0.0421875 0.013671875
2 0.5867187500000001 0.4306640625 0.0203125 0.009765625
2 0.49296875 0.44140625 0.0203125 0.02734375
2 0.5109375 0.439453125 0.0125 0.01953125
2 0.5234375 0.443359375 0.025 0.03125
2 0.53359375 0.455078125 0.0328125 0.046875
2 0.54921875 0.462890625 0.0421875 0.0546875
2 0.5546875 0.474609375 0.03125 0.0546875
2 0.6046875 0.4990234375 0.10625000000000001 0.123046875
2 0.634375 0.5400390625 0.115625 0.123046875
2 0.7054687500000001 0.5751953125 0.17343750000000002 0.162109375
2 0.8515625 0.6796875 0.29375 0.27734375
2 0.93671875 0.849609375 0.1234375 0.296875
0 0.50546875 0.4599609375 0.0140625 0.041015625
8 0.20546875 0.501953125 0.010937500000000001 0.03515625
