7 0.453125 0.4560546875 0.00625 0.021484375
7 0.45234375000000004 0.482421875 0.004687500000000001 0.015625
7 0.48828125 0.4775390625 0.004687500000000001 0.013671875
9 0.6625000000000001 0.443359375 0.015625 0.01953125
9 0.6625000000000001 0.4619140625 0.015625 0.017578125
0 0.22265625 0.525390625 0.0171875 0.03515625
1 0.54921875 0.517578125 0.0171875 0.03515625
1 0.6015625 0.517578125 0.025 0.0546875
1 0.64375 0.525390625 0.03125 0.06640625
1 0.7406250000000001 0.5546875 0.046875 0.1015625
2 0.5234375 0.521484375 0.034375 0.03125
2 0.48125 0.5107421875 0.05 0.052734375
2 0.35390625000000003 0.51953125 0.17343750000000002 0.15625
0 0.7421875 0.5 0.046875 0.140625
0 0.54921875 0.5009765625 0.0171875 0.056640625
0 0.6023437500000001 0.4970703125 0.0234375 0.080078125
0 0.64453125 0.4951171875 0.029687500000000002 0.107421875
