7 0.6828125 0.33984375 0.0125 0.04296875
7 0.09531250000000001 0.3447265625 0.0125 0.044921875
9 0.6765625000000001 0.427734375 0.009375000000000001 0.01953125
9 0.675 0.3876953125 0.025 0.044921875
9 0.6171875 0.369140625 0.015625 0.0234375
9 0.6179687500000001 0.3896484375 0.010937500000000001 0.017578125
9 0.5125000000000001 0.4033203125 0.009375000000000001 0.017578125
9 0.09921875000000001 0.39453125 0.0234375 0.04296875
0 0.721875 0.4619140625 0.018750000000000003 0.083984375
0 0.70234375 0.4599609375 0.026562500000000003 0.087890625
0 0.55859375 0.4619140625 0.0484375 0.103515625
0 0.09140625000000001 0.47265625 0.0234375 0.08984375
2 0.5078125 0.458984375 0.040625 0.04296875
2 0.45 0.4482421875 0.018750000000000003 0.021484375
2 0.434375 0.4453125 0.0125 0.01171875
2 0.42109375000000004 0.4443359375 0.0078125 0.009765625
2 0.40234375 0.447265625 0.029687500000000002 0.015625
2 0.3796875 0.4453125 0.009375000000000001 0.015625
2 0.36484375 0.44921875 0.026562500000000003 0.02734375
2 0.33203125 0.4560546875 0.0390625 0.033203125
2 0.28750000000000003 0.4609375 0.05 0.04296875
8 0.66015625 0.4833984375 0.0140625 0.044921875
