0 0.5421875 0.453125 0.00625 0.01953125
0 0.54921875 0.453125 0.004687500000000001 0.01953125
0 0.59765625 0.4833984375 0.026562500000000003 0.083984375
0 0.6023437500000001 0.482421875 0.0203125 0.08203125
2 0.0234375 0.5712890625 0.046875 0.201171875
2 0.10859375 0.5322265625 0.2171875 0.189453125
2 0.24375000000000002 0.509765625 0.11875000000000001 0.11328125
2 0.325 0.4794921875 0.07500000000000001 0.095703125
2 0.384375 0.48046875 0.0625 0.05859375
2 0.4109375 0.4697265625 0.043750000000000004 0.052734375
2 0.43515625 0.47265625 0.0203125 0.0390625
2 0.4390625 0.4638671875 0.028125 0.044921875
2 0.47421875 0.458984375 0.026562500000000003 0.02734375
2 0.48828125 0.4580078125 0.0171875 0.025390625
2 0.50546875 0.4541015625 0.0078125 0.017578125
2 0.53125 0.4521484375 0.0125 0.013671875
2 0.5632812500000001 0.4580078125 0.0140625 0.013671875
2 0.57578125 0.46484375 0.0171875 0.02734375
2 0.609375 0.4892578125 0.028125 0.068359375
2 0.6414062500000001 0.48828125 0.06406250000000001 0.0859375
2 0.6375000000000001 0.4990234375 0.046875 0.076171875
2 0.68125 0.5224609375 0.09375 0.123046875
2 0.7796875000000001 0.568359375 0.184375 0.1796875
2 0.88828125 0.66015625 0.22031250000000002 0.34375
2 0.9 0.4775390625 0.15625 0.060546875
2 0.75 0.4541015625 0.12187500000000001 0.041015625
0 0.51171875 0.453125 0.004687500000000001 0.01953125
2 0.259375 0.4443359375 0.08125 0.037109375
