0 0.2515625 0.4013671875 0.015625 0.041015625
0 0.5953125 0.453125 0.00625 0.0234375
0 0.6046875 0.453125 0.00625 0.0234375
0 0.65234375 0.455078125 0.004687500000000001 0.03125
0 0.659375 0.453125 0.003125 0.0234375
0 0.6742187500000001 0.4521484375 0.004687500000000001 0.017578125
0 0.6664062500000001 0.4541015625 0.004687500000000001 0.025390625
2 0.9695312500000001 0.48046875 0.045312500000000006 0.05859375
2 0.47421875 0.451171875 0.0140625 0.01953125
2 0.275 0.455078125 0.07500000000000001 0.0703125
2 0.1546875 0.470703125 0.11875000000000001 0.09765625
2 0.07109375 0.47265625 0.1421875 0.11328125
2 0.0171875 0.4833984375 0.034375 0.095703125
8 0.45937500000000003 0.458984375 0.00625 0.01953125
