4 0.2484375 0.490234375 0.140625 0.1328125
4 0.36171875000000003 0.5234375 0.060937500000000006 0.05859375
4 0.503125 0.5263671875 0.018750000000000003 0.021484375
4 0.4890625 0.5263671875 0.0125 0.021484375
7 0.9015625 0.4765625 0.018750000000000003 0.0234375
0 0.21796875000000002 0.59375 0.0234375 0.11328125
0 0.9859375 0.5595703125 0.018750000000000003 0.033203125
0 0.9656250000000001 0.548828125 0.009375000000000001 0.02734375
0 0.9226562500000001 0.5498046875 0.0078125 0.029296875
0 0.93359375 0.552734375 0.0078125 0.03515625
0 0.946875 0.548828125 0.009375000000000001 0.03515625
3 0.64609375 0.59375 0.0390625 0.07421875
2 0.11171875 0.7578125 0.2234375 0.359375
2 0.30234375 0.623046875 0.1640625 0.15625
2 0.10390625 0.5693359375 0.06406250000000001 0.044921875
2 0.15781250000000002 0.568359375 0.05625 0.0390625
2 0.45 0.5439453125 0.037500000000000006 0.033203125
2 0.37578125 0.556640625 0.026562500000000003 0.03515625
2 0.40078125000000003 0.5546875 0.0328125 0.0390625
2 0.35078125000000004 0.5478515625 0.0234375 0.033203125
2 0.53046875 0.6826171875 0.2546875 0.279296875
2 0.946875 0.8701171875 0.10312500000000001 0.255859375
2 0.84375 0.7001953125 0.265625 0.267578125
2 0.0125 0.556640625 0.025 0.05078125
0 0.64765625 0.5712890625 0.0171875 0.052734375
