7 0.7375 0.306640625 0.0125 0.0546875
7 0.603125 0.2880859375 0.015625 0.076171875
7 0.6218750000000001 0.3671875 0.009375000000000001 0.03515625
7 0.60546875 0.37109375 0.010937500000000001 0.02734375
7 0.31796875 0.2802734375 0.010937500000000001 0.037109375
7 0.45859375 0.37109375 0.0078125 0.03515625
7 0.446875 0.373046875 0.00625 0.03125
7 0.4609375 0.4130859375 0.0125 0.013671875
9 0.7039062500000001 0.30859375 0.0203125 0.04296875
9 0.7046875 0.341796875 0.021875000000000002 0.015625
9 0.62109375 0.337890625 0.010937500000000001 0.01953125
9 0.45156250000000003 0.3134765625 0.021875000000000002 0.013671875
9 0.46796875000000004 0.3984375 0.0203125 0.0078125
0 0.775 0.4638671875 0.03125 0.099609375
0 0.66015625 0.4755859375 0.0203125 0.080078125
2 0.9007812500000001 0.607421875 0.1953125 0.3125
2 0.821875 0.447265625 0.078125 0.04296875
2 0.6335937500000001 0.4619140625 0.1015625 0.044921875
2 0.71015625 0.44140625 0.0484375 0.0390625
2 0.753125 0.443359375 0.037500000000000006 0.03515625
2 0.09765625 0.5751953125 0.1953125 0.583984375
2 0.20078125000000002 0.48828125 0.1421875 0.171875
2 0.2734375 0.4794921875 0.040625 0.072265625
2 0.290625 0.4638671875 0.021875000000000002 0.041015625
2 0.32265625000000003 0.45703125 0.026562500000000003 0.03515625
2 0.5296875 0.455078125 0.018750000000000003 0.04296875
2 0.49921875000000004 0.455078125 0.0234375 0.03125
2 0.35859375000000004 0.458984375 0.026562500000000003 0.03125
