9 0.6578125 0.3662109375 0.065625 0.080078125
9 0.66171875 0.4140625 0.0328125 0.01953125
9 0.41171875 0.427734375 0.0171875 0.02734375
9 0.11796875000000001 0.4658203125 0.0140625 0.005859375
2 0.66015625 0.5 0.1921875 0.15625
2 0.55703125 0.458984375 0.07968750000000001 0.0703125
2 0.36875 0.4716796875 0.040625 0.041015625
2 0.3484375 0.46484375 0.0125 0.03125
2 0.28828125 0.4658203125 0.0328125 0.029296875
2 0.2234375 0.4697265625 0.03125 0.029296875
2 0.240625 0.4697265625 0.009375000000000001 0.025390625
2 0.045312500000000006 0.5 0.09062500000000001 0.13671875
2 0.43515625 0.4609375 0.06406250000000001 0.03125
