9 0.45937500000000003 0.486328125 0.009375000000000001 0.01171875
9 0.27968750000000003 0.3369140625 0.028125 0.017578125
9 0.28046875 0.36328125 0.0859375 0.04296875
9 0.28359375000000003 0.3974609375 0.0859375 0.044921875
9 0.284375 0.4287109375 0.084375 0.033203125
9 0.8617187500000001 0.203125 0.0921875 0.04296875
9 0.8625 0.236328125 0.096875 0.04296875
9 0.8640625000000001 0.2734375 0.096875 0.04296875
9 0.8679687500000001 0.3046875 0.09843750000000001 0.03515625
9 0.8703125 0.3291015625 0.096875 0.029296875
9 0.87109375 0.3623046875 0.09843750000000001 0.052734375
2 0.8109375000000001 0.470703125 0.03125 0.01953125
2 0.73984375 0.48828125 0.045312500000000006 0.046875
2 0.63046875 0.494140625 0.0421875 0.04296875
2 0.38359375 0.5849609375 0.1765625 0.142578125
