4 0.47734375 0.4375 0.0234375 0.0234375
9 0.53671875 0.3583984375 0.0703125 0.048828125
9 0.52578125 0.443359375 0.0078125 0.0078125
9 0.54140625 0.447265625 0.0078125 0.0078125
9 0.353125 0.4130859375 0.046875 0.021484375
2 0.45937500000000003 0.4560546875 0.009375000000000001 0.013671875
2 0.45390625 0.4599609375 0.010937500000000001 0.013671875
2 0.44609375 0.4609375 0.0140625 0.015625
2 0.41015625 0.455078125 0.0078125 0.00390625
2 0.40156250000000004 0.455078125 0.00625 0.00390625
2 0.38046875 0.4560546875 0.010937500000000001 0.009765625
2 0.36328125 0.455078125 0.010937500000000001 0.0078125
2 0.32734375000000004 0.4541015625 0.0171875 0.013671875
2 0.24531250000000002 0.45703125 0.040625 0.0234375
2 0.14765625000000002 0.4619140625 0.051562500000000004 0.021484375
2 0.43046875 0.4638671875 0.0234375 0.029296875
2 0.48203125 0.474609375 0.045312500000000006 0.05078125
