4 0.665625 0.376953125 0.053125000000000006 0.1015625
7 0.3765625 0.310546875 0.018750000000000003 0.04296875
7 0.4625 0.3466796875 0.00625 0.017578125
7 0.6101562500000001 0.349609375 0.010937500000000001 0.02734375
7 0.6882812500000001 0.3203125 0.0171875 0.046875
7 0.9789062500000001 0.359375 0.0140625 0.03515625
7 0.909375 0.3486328125 0.009375000000000001 0.025390625
9 0.46718750000000003 0.3076171875 0.015625 0.029296875
9 0.35000000000000003 0.2919921875 0.015625 0.021484375
9 0.515625 0.357421875 0.018750000000000003 0.0078125
9 0.978125 0.259765625 0.040625 0.1015625
0 0.4703125 0.3974609375 0.009375000000000001 0.041015625
6 0.7203125 0.3759765625 0.05 0.041015625
6 0.7781250000000001 0.3974609375 0.178125 0.111328125
6 0.92109375 0.4130859375 0.1546875 0.111328125
2 0.5296875 0.408203125 0.059375000000000004 0.05078125
2 0.3140625 0.400390625 0.07187500000000001 0.05859375
2 0.6078125000000001 0.4345703125 0.10312500000000001 0.111328125
0 0.27187500000000003 0.513671875 0.14375000000000002 0.328125
0 0.38906250000000003 0.408203125 0.025 0.078125
0 0.45546875000000003 0.408203125 0.0234375 0.078125
