9 0.6976562500000001 0.2958984375 0.026562500000000003 0.037109375
0 0.8054687500000001 0.46484375 0.035937500000000004 0.125
0 0.7796875000000001 0.455078125 0.03125 0.12109375
0 0.5734375 0.4501953125 0.0125 0.033203125
0 0.5593750000000001 0.4482421875 0.0125 0.029296875
1 0.7992187500000001 0.4892578125 0.0484375 0.087890625
2 0.503125 0.4716796875 0.05 0.044921875
2 0.496875 0.458984375 0.043750000000000004 0.05859375
2 0.47109375000000003 0.4580078125 0.0171875 0.044921875
2 0.421875 0.4609375 0.028125 0.03125
2 0.39921875 0.4580078125 0.0171875 0.021484375
2 0.36953125000000003 0.46484375 0.0140625 0.01953125
2 0.35546875 0.466796875 0.0234375 0.01953125
2 0.2734375 0.474609375 0.05625 0.046875
2 0.28750000000000003 0.4638671875 0.053125000000000006 0.060546875
2 0.31875000000000003 0.4677734375 0.018750000000000003 0.044921875
2 0.33359375 0.4697265625 0.0140625 0.033203125
2 0.45625000000000004 0.4599609375 0.018750000000000003 0.025390625
2 0.44453125000000004 0.4609375 0.010937500000000001 0.015625
