9 0.18671875000000002 0.3896484375 0.0328125 0.037109375
0 0.09765625 0.5166015625 0.0328125 0.119140625
0 0.5859375 0.5537109375 0.05625 0.212890625
0 0.41640625000000003 0.4619140625 0.0078125 0.029296875
1 0.065625 0.552734375 0.05 0.078125
1 0.3765625 0.61328125 0.078125 0.16015625
2 0.59921875 0.498046875 0.0765625 0.1015625
2 0.55390625 0.4755859375 0.0390625 0.068359375
2 0.53359375 0.4716796875 0.0203125 0.052734375
2 0.52265625 0.4697265625 0.0140625 0.037109375
2 0.5171875 0.462890625 0.015625 0.02734375
2 0.48281250000000003 0.443359375 0.009375000000000001 0.01171875
2 0.4703125 0.443359375 0.009375000000000001 0.01171875
2 0.46484375 0.4462890625 0.0078125 0.013671875
2 0.4546875 0.45703125 0.018750000000000003 0.0234375
2 0.43515625 0.4599609375 0.026562500000000003 0.021484375
2 0.30625 0.4921875 0.078125 0.078125
2 0.38125000000000003 0.4638671875 0.037500000000000006 0.048828125
2 0.40468750000000003 0.46484375 0.0125 0.03125
2 0.31093750000000003 0.4462890625 0.034375 0.013671875
2 0.2703125 0.458984375 0.025 0.02734375
0 0.065625 0.51953125 0.046875 0.125
0 0.371875 0.564453125 0.07500000000000001 0.21875
15 0.5906250000000001 0.662109375 0.028125 0.0234375
15 0.5906250000000001 0.4482421875 0.05625 0.037109375
9 0.1859375 0.4130859375 0.015625 0.009765625
