4 0.50546875 0.4375 0.15156250000000002 0.15625
7 0.15156250000000002 0.40234375 0.0125 0.03515625
7 0.26328125 0.416015625 0.010937500000000001 0.02734375
7 0.26328125 0.44140625 0.0078125 0.01171875
9 0.26640625 0.3916015625 0.026562500000000003 0.009765625
9 0.25703125 0.431640625 0.0140625 0.00390625
9 0.8625 0.4111328125 0.021875000000000002 0.056640625
1 0.64375 0.5888671875 0.08125 0.185546875
3 0.08203125 0.515625 0.0890625 0.0859375
2 0.0203125 0.5341796875 0.040625 0.091796875
2 0.28750000000000003 0.478515625 0.053125000000000006 0.078125
2 0.18906250000000002 0.49609375 0.140625 0.140625
2 0.36484375 0.494140625 0.13593750000000002 0.1640625
2 0.51796875 0.48828125 0.11406250000000001 0.1171875
0 0.65546875 0.5224609375 0.1046875 0.267578125
9 0.8625 0.458984375 0.0125 0.03125
