7 0.8679687500000001 0.4052734375 0.0234375 0.033203125
7 0.87421875 0.32421875 0.0234375 0.0625
7 0.61484375 0.4296875 0.0078125 0.0078125
7 0.61484375 0.416015625 0.004687500000000001 0.015625
7 0.54296875 0.408203125 0.004687500000000001 0.01171875
7 0.5234375 0.4091796875 0.003125 0.009765625
7 0.5554687500000001 0.4072265625 0.004687500000000001 0.009765625
7 0.48203125 0.4248046875 0.004687500000000001 0.009765625
7 0.48281250000000003 0.431640625 0.003125 0.00390625
9 0.5375 0.4072265625 0.00625 0.009765625
9 0.6468750000000001 0.421875 0.0125 0.015625
0 0.7515625 0.47265625 0.015625 0.0546875
0 0.7835937500000001 0.4755859375 0.0171875 0.064453125
0 0.7078125000000001 0.4541015625 0.018750000000000003 0.029296875
0 0.65 0.453125 0.009375000000000001 0.02734375
1 0.0890625 0.5205078125 0.053125000000000006 0.068359375
1 0.24375000000000002 0.490234375 0.05 0.046875
1 0.80390625 0.6259765625 0.060937500000000006 0.130859375
2 0.4625 0.4638671875 0.040625 0.041015625
2 0.5359375000000001 0.4599609375 0.040625 0.037109375
2 0.521875 0.447265625 0.009375000000000001 0.01171875
2 0.56171875 0.4482421875 0.010937500000000001 0.009765625
0 0.80859375 0.58203125 0.0546875 0.17578125
