9 0.53359375 0.4150390625 0.0203125 0.025390625
9 0.45546875000000003 0.431640625 0.0078125 0.01171875
9 0.26796875000000003 0.4326171875 0.010937500000000001 0.017578125
9 0.12109375 0.40234375 0.0171875 0.04296875
9 0.49140625000000004 0.435546875 0.010937500000000001 0.00390625
0 0.6328125 0.501953125 0.03125 0.125
0 0.67890625 0.5107421875 0.0390625 0.123046875
0 0.47734375 0.4619140625 0.0078125 0.025390625
1 0.7000000000000001 0.509765625 0.015625 0.046875
1 0.7859375000000001 0.5185546875 0.037500000000000006 0.056640625
2 0.45390625 0.4609375 0.0328125 0.04296875
2 0.140625 0.5048828125 0.053125000000000006 0.083984375
2 0.07109375 0.50390625 0.11093750000000001 0.13671875
2 0.01953125 0.5068359375 0.0390625 0.173828125
2 0.625 0.4794921875 0.13125 0.154296875
2 0.8914062500000001 0.56640625 0.21406250000000002 0.26171875
0 0.696875 0.4755859375 0.025 0.072265625
0 0.784375 0.494140625 0.037500000000000006 0.09375
