9 0.78515625 0.486328125 0.0140625 0.02734375
9 0.62265625 0.447265625 0.0328125 0.0546875
0 0.0203125 0.5146484375 0.015625 0.048828125
0 0.74609375 0.5771484375 0.0390625 0.138671875
0 0.8390625 0.572265625 0.040625 0.1640625
0 0.78671875 0.5751953125 0.035937500000000004 0.138671875
2 0.06875 0.525390625 0.0625 0.046875
2 0.27265625 0.5380859375 0.1484375 0.076171875
2 0.4421875 0.55078125 0.037500000000000006 0.0390625
2 0.42578125 0.5439453125 0.029687500000000002 0.033203125
2 0.4140625 0.5380859375 0.015625 0.021484375
