9 0.2515625 0.408203125 0.00625 0.015625
2 0.5867187500000001 0.4814453125 0.07968750000000001 0.083984375
2 0.52890625 0.4638671875 0.0546875 0.056640625
2 0.49921875000000004 0.462890625 0.0203125 0.03125
2 0.4859375 0.4580078125 0.021875000000000002 0.025390625
2 0.48203125 0.453125 0.029687500000000002 0.02734375
2 0.4609375 0.4560546875 0.015625 0.017578125
2 0.43828125 0.4560546875 0.029687500000000002 0.021484375
2 0.3796875 0.4541015625 0.021875000000000002 0.025390625
2 0.359375 0.4619140625 0.028125 0.021484375
