9 0.025 0.45703125 0.05 0.08984375
9 0.4375 0.458984375 0.009375000000000001 0.01953125
0 0.56484375 0.4794921875 0.0328125 0.080078125
0 0.5945312500000001 0.4814453125 0.026562500000000003 0.080078125
0 0.7125 0.490234375 0.025 0.1015625
0 0.675 0.4912109375 0.025 0.095703125
2 0.7000000000000001 0.4833984375 0.1125 0.037109375
2 0.50390625 0.4677734375 0.0484375 0.033203125
2 0.45390625 0.46875 0.0546875 0.03515625
2 0.40390625 0.4638671875 0.0546875 0.044921875
2 0.2546875 0.4619140625 0.084375 0.056640625
15 0.22421875000000002 0.462890625 0.3796875 0.09765625
