7 0.76953125 0.3994140625 0.0171875 0.068359375
9 0.6195312500000001 0.4794921875 0.0171875 0.021484375
9 0.62265625 0.4990234375 0.0140625 0.013671875
9 0.6234375000000001 0.5107421875 0.009375000000000001 0.009765625
0 0.23984375000000002 0.5546875 0.010937500000000001 0.02734375
0 0.30781250000000004 0.5556640625 0.015625 0.025390625
0 0.15234375 0.576171875 0.0140625 0.04296875
0 0.12890625 0.5771484375 0.0140625 0.060546875
0 0.10625000000000001 0.5595703125 0.018750000000000003 0.037109375
0 0.7234375000000001 0.5439453125 0.025 0.052734375
0 0.8203125 0.580078125 0.03125 0.10546875
0 0.91796875 0.556640625 0.035937500000000004 0.078125
0 0.8773437500000001 0.5625 0.035937500000000004 0.0625
0 0.95859375 0.55078125 0.0390625 0.08203125
0 0.9875 0.5478515625 0.021875000000000002 0.087890625
0 0.8601562500000001 0.552734375 0.0234375 0.05859375
0 0.7757812500000001 0.53125 0.0171875 0.05859375
0 0.6484375 0.55859375 0.018750000000000003 0.05078125
0 0.6875 0.5546875 0.015625 0.03125
0 0.66953125 0.5400390625 0.0171875 0.025390625
0 0.6101562500000001 0.5498046875 0.010937500000000001 0.033203125
0 0.5078125 0.5498046875 0.00625 0.021484375
0 0.66796875 0.556640625 0.0203125 0.03125
0 0.8054687500000001 0.5517578125 0.0140625 0.048828125
0 0.7015625000000001 0.5478515625 0.015625 0.044921875
2 0.06484375 0.640625 0.1296875 0.140625
2 0.19062500000000002 0.6123046875 0.1125 0.091796875
2 0.48671875000000003 0.62890625 0.1296875 0.13671875
2 0.30546875 0.5859375 0.035937500000000004 0.05078125
2 0.24921875000000002 0.6025390625 0.0421875 0.060546875
2 0.26953125 0.591796875 0.0484375 0.06640625
2 0.8835937500000001 0.7421875 0.22968750000000002 0.296875
2 0.6937500000000001 0.634765625 0.153125 0.12890625
2 0.5703125 0.5732421875 0.065625 0.052734375
2 0.53828125 0.5693359375 0.0234375 0.041015625
2 0.38046875 0.5634765625 0.035937500000000004 0.033203125
2 0.40078125000000003 0.5595703125 0.0171875 0.025390625
2 0.484375 0.5537109375 0.028125 0.013671875
2 0.45859375 0.5537109375 0.0203125 0.021484375
2 0.44140625 0.5546875 0.0203125 0.0234375
