7 0.61328125 0.4990234375 0.010937500000000001 0.009765625
7 0.41953125 0.5166015625 0.0078125 0.013671875
9 0.0765625 0.4609375 0.03125 0.015625
9 0.07421875 0.4384765625 0.029687500000000002 0.029296875
0 0.6648437500000001 0.5498046875 0.010937500000000001 0.033203125
0 0.6703125000000001 0.548828125 0.009375000000000001 0.03515625
0 0.6828125 0.5546875 0.00625 0.03515625
0 0.6265625 0.544921875 0.00625 0.02734375
0 0.60546875 0.5439453125 0.0078125 0.025390625
0 0.5398437500000001 0.5478515625 0.0078125 0.025390625
0 0.534375 0.544921875 0.00625 0.01953125
2 0.025781250000000002 0.671875 0.051562500000000004 0.18359375
2 0.0734375 0.6591796875 0.12187500000000001 0.177734375
2 0.1546875 0.625 0.15000000000000002 0.14453125
2 0.21796875000000002 0.5966796875 0.1234375 0.126953125
2 0.3203125 0.5751953125 0.07500000000000001 0.068359375
2 0.35468750000000004 0.5673828125 0.046875 0.056640625
2 0.38984375000000004 0.5576171875 0.0328125 0.041015625
2 0.4078125 0.55078125 0.025 0.03125
2 0.42578125 0.548828125 0.0203125 0.0234375
2 0.44765625000000003 0.5498046875 0.029687500000000002 0.033203125
2 0.48515625 0.5390625 0.0328125 0.015625
2 0.49062500000000003 0.576171875 0.0625 0.0625
2 0.51796875 0.5498046875 0.010937500000000001 0.017578125
