9 0.81171875 0.3701171875 0.010937500000000001 0.017578125
9 0.49531250000000004 0.3798828125 0.009375000000000001 0.017578125
1 0.028125 0.478515625 0.05625 0.09375
1 0.13593750000000002 0.478515625 0.040625 0.0625
1 0.21796875000000002 0.4697265625 0.0421875 0.060546875
1 0.25703125 0.4599609375 0.045312500000000006 0.060546875
1 0.30312500000000003 0.4638671875 0.034375 0.048828125
1 0.39140625 0.455078125 0.026562500000000003 0.0390625
1 0.43515625 0.44921875 0.026562500000000003 0.04296875
1 0.49062500000000003 0.4521484375 0.018750000000000003 0.033203125
1 0.5234375 0.4453125 0.018750000000000003 0.03125
1 0.5515625000000001 0.4423828125 0.021875000000000002 0.037109375
1 0.5734375 0.44140625 0.0125 0.02734375
1 0.5640625 0.4375 0.009375000000000001 0.0234375
2 0.5 0.4287109375 0.037500000000000006 0.029296875
2 0.7820312500000001 0.427734375 0.0703125 0.07421875
2 0.06406250000000001 0.4267578125 0.12812500000000002 0.107421875
0 0.57421875 0.427734375 0.010937500000000001 0.04296875
0 0.5640625 0.4208984375 0.009375000000000001 0.037109375
0 0.5515625000000001 0.42578125 0.021875000000000002 0.046875
0 0.5242187500000001 0.4306640625 0.010937500000000001 0.037109375
0 0.49140625000000004 0.43359375 0.0171875 0.046875
0 0.43593750000000003 0.4248046875 0.028125 0.064453125
0 0.38984375000000004 0.4404296875 0.0203125 0.056640625
0 0.3015625 0.439453125 0.025 0.07421875
0 0.2515625 0.4375 0.025 0.08984375
0 0.2171875 0.4384765625 0.040625 0.087890625
0 0.13515625 0.4482421875 0.035937500000000004 0.080078125
0 0.021875000000000002 0.4541015625 0.043750000000000004 0.138671875
2 0.6046875 0.427734375 0.043750000000000004 0.0234375
2 0.50546875 0.4306640625 0.0546875 0.033203125
