4 0.5593750000000001 0.3251953125 0.08125 0.052734375
4 0.78125 0.361328125 0.25625000000000003 0.39453125
0 0.23984375000000002 0.423828125 0.045312500000000006 0.13671875
0 0.05 0.4326171875 0.05 0.134765625
0 0.0921875 0.40625 0.025 0.11328125
0 0.27187500000000003 0.41015625 0.015625 0.046875
0 0.31484375000000003 0.4287109375 0.026562500000000003 0.080078125
0 0.32421875 0.40234375 0.010937500000000001 0.03515625
0 0.3328125 0.408203125 0.018750000000000003 0.04296875
0 0.36562500000000003 0.412109375 0.0125 0.0390625
0 0.39296875000000003 0.4130859375 0.0140625 0.041015625
0 0.40390625 0.4130859375 0.010937500000000001 0.041015625
0 0.41640625000000003 0.4130859375 0.010937500000000001 0.041015625
0 0.44843750000000004 0.421875 0.009375000000000001 0.046875
0 0.21250000000000002 0.51171875 0.10312500000000001 0.2734375
0 0.9812500000000001 0.4287109375 0.0125 0.029296875
0 0.9625 0.4287109375 0.009375000000000001 0.029296875
0 0.94921875 0.4189453125 0.010937500000000001 0.033203125
0 0.9390625 0.4228515625 0.009375000000000001 0.033203125
0 0.9296875 0.4228515625 0.009375000000000001 0.033203125
0 0.91796875 0.423828125 0.0078125 0.03125
0 0.90625 0.42578125 0.00625 0.02734375
0 0.15156250000000002 0.40625 0.018750000000000003 0.0703125
0 0.3828125 0.4150390625 0.009375000000000001 0.037109375
2 0.55390625 0.490234375 0.23593750000000002 0.2890625
