9 0.3484375 0.4150390625 0.00625 0.013671875
9 0.53671875 0.3779296875 0.0078125 0.025390625
0 0.034375 0.4990234375 0.06875 0.275390625
0 0.19843750000000002 0.46484375 0.021875000000000002 0.07421875
0 0.25078125 0.46875 0.0171875 0.05859375
0 0.27265625 0.4697265625 0.0140625 0.056640625
0 0.39765625000000004 0.47265625 0.0234375 0.125
0 0.56640625 0.5078125 0.060937500000000006 0.21484375
1 0.19843750000000002 0.4853515625 0.021875000000000002 0.056640625
1 0.22968750000000002 0.4833984375 0.021875000000000002 0.052734375
2 0.0921875 0.4833984375 0.10625000000000001 0.119140625
2 0.29531250000000003 0.4677734375 0.040625 0.044921875
2 0.3328125 0.470703125 0.046875 0.0546875
2 0.37109375 0.47265625 0.060937500000000006 0.06640625
2 0.39921875 0.4765625 0.0546875 0.07421875
2 0.46640625 0.478515625 0.1234375 0.09375
2 0.5007812500000001 0.4873046875 0.06406250000000001 0.095703125
2 0.5945312500000001 0.4892578125 0.1703125 0.130859375
2 0.6218750000000001 0.501953125 0.08750000000000001 0.11328125
2 0.6492187500000001 0.509765625 0.1015625 0.1328125
2 0.7546875000000001 0.5029296875 0.153125 0.193359375
2 0.8578125000000001 0.515625 0.19062500000000002 0.2265625
2 0.95234375 0.537109375 0.0921875 0.32421875
0 0.22890625 0.4638671875 0.0234375 0.072265625
