4 0.846875 0.419921875 0.30312500000000003 0.1484375
4 0.51484375 0.4326171875 0.0734375 0.056640625
4 0.63671875 0.43359375 0.0921875 0.0625
4 0.43046875 0.4521484375 0.09531250000000001 0.044921875
0 0.9203125000000001 0.6064453125 0.15625 0.529296875
0 0.6921875000000001 0.4716796875 0.037500000000000006 0.123046875
0 0.6421875 0.45703125 0.021875000000000002 0.06640625
0 0.6648437500000001 0.4453125 0.010937500000000001 0.046875
0 0.6179687500000001 0.4619140625 0.0203125 0.068359375
0 0.59921875 0.462890625 0.0171875 0.06640625
0 0.571875 0.453125 0.009375000000000001 0.03515625
0 0.584375 0.4521484375 0.009375000000000001 0.037109375
0 0.290625 0.46875 0.009375000000000001 0.03125
0 0.12812500000000002 0.4892578125 0.015625 0.029296875
0 0.36250000000000004 0.46484375 0.00625 0.01953125
0 0.37031250000000004 0.4638671875 0.00625 0.021484375
0 0.375 0.46484375 0.00625 0.01953125
2 0.9773437500000001 0.48828125 0.0421875 0.1171875
2 0.9710937500000001 0.4248046875 0.0546875 0.068359375
2 0.8359375 0.4453125 0.053125000000000006 0.09765625
2 0.503125 0.5087890625 0.125 0.115234375
8 0.340625 0.4775390625 0.00625 0.021484375
