7 0.9390625 0.3896484375 0.009375000000000001 0.037109375
9 0.9609375 0.375 0.034375 0.015625
9 0.94296875 0.3505859375 0.0140625 0.021484375
0 0.9867187500000001 0.4814453125 0.0171875 0.052734375
0 0.90625 0.50390625 0.028125 0.0546875
0 0.79296875 0.5 0.0171875 0.0546875
0 0.6843750000000001 0.515625 0.018750000000000003 0.0625
0 0.70234375 0.5 0.010937500000000001 0.03125
0 0.6921875000000001 0.4990234375 0.009375000000000001 0.025390625
0 0.57265625 0.52734375 0.0203125 0.078125
0 0.55390625 0.53125 0.0203125 0.078125
0 0.49062500000000003 0.515625 0.009375000000000001 0.02734375
0 0.48125 0.5224609375 0.009375000000000001 0.029296875
0 0.7093750000000001 0.4951171875 0.015625 0.044921875
0 0.4703125 0.5078125 0.0125 0.02734375
2 0.296875 0.7138671875 0.59375 0.568359375
