9 0.6429687500000001 0.5244140625 0.0234375 0.005859375
9 0.6312500000000001 0.513671875 0.028125 0.0078125
9 0.6312500000000001 0.5 0.028125 0.01171875
9 0.63046875 0.4853515625 0.029687500000000002 0.009765625
9 0.38203125000000004 0.53125 0.010937500000000001 0.01171875
9 0.3828125 0.54296875 0.009375000000000001 0.01171875
0 0.1171875 0.607421875 0.040625 0.15625
0 0.3671875 0.607421875 0.05 0.16796875
0 0.37578125 0.5390625 0.010937500000000001 0.0390625
0 0.43125 0.5751953125 0.015625 0.041015625
0 0.5265625 0.564453125 0.0125 0.03125
0 0.62890625 0.59765625 0.0328125 0.1171875
0 0.7921875 0.5576171875 0.009375000000000001 0.041015625
0 0.7265625 0.564453125 0.009375000000000001 0.04296875
0 0.7375 0.5654296875 0.0125 0.044921875
1 0.1953125 0.6552734375 0.07187500000000001 0.103515625
1 0.30781250000000004 0.6376953125 0.08125 0.087890625
2 0.875 0.6474609375 0.215625 0.185546875
2 0.95078125 0.6005859375 0.09531250000000001 0.107421875
2 0.8718750000000001 0.5361328125 0.078125 0.044921875
2 0.93515625 0.53125 0.0390625 0.03515625
2 0.9695312500000001 0.537109375 0.0578125 0.046875
2 0.23203125000000002 0.560546875 0.035937500000000004 0.0234375
2 0.2765625 0.5576171875 0.046875 0.025390625
2 0.09062500000000001 0.6171875 0.18125000000000002 0.1484375
