7 0.7015625000000001 0.4365234375 0.009375000000000001 0.033203125
7 0.625 0.455078125 0.00625 0.01953125
7 0.3171875 0.4501953125 0.00625 0.021484375
7 0.20546875 0.4501953125 0.0078125 0.025390625
7 0.19140625 0.4658203125 0.0078125 0.009765625
9 0.6234375000000001 0.478515625 0.009375000000000001 0.015625
9 0.32109375 0.4697265625 0.0078125 0.017578125
0 0.38046875 0.5029296875 0.004687500000000001 0.017578125
0 0.45 0.50390625 0.015625 0.0390625
0 0.4609375 0.50390625 0.0125 0.0390625
2 0.525 0.5029296875 0.00625 0.005859375
2 0.51328125 0.5068359375 0.0140625 0.017578125
2 0.4765625 0.5068359375 0.0125 0.013671875
2 0.43125 0.5068359375 0.0125 0.017578125
2 0.41875 0.5068359375 0.015625 0.021484375
2 0.40546875000000004 0.5068359375 0.026562500000000003 0.021484375
2 0.453125 0.4873046875 0.03125 0.041015625
2 0.5750000000000001 0.513671875 0.05625 0.0625
2 0.690625 0.5732421875 0.15625 0.150390625
2 0.18515625000000002 0.5078125 0.035937500000000004 0.03515625
8 0.134375 0.529296875 0.009375000000000001 0.03515625
