4 0.4453125 0.419921875 0.018750000000000003 0.0234375
7 0.22421875000000002 0.3916015625 0.0171875 0.021484375
7 0.57734375 0.3671875 0.0203125 0.0234375
9 0.022656250000000003 0.4384765625 0.0140625 0.013671875
9 0.022656250000000003 0.421875 0.0390625 0.01953125
9 0.2265625 0.41796875 0.021875000000000002 0.03125
9 0.5789062500000001 0.4052734375 0.026562500000000003 0.041015625
9 0.8773437500000001 0.3125 0.029687500000000002 0.0234375
9 0.8765625 0.3330078125 0.018750000000000003 0.017578125
9 0.8757812500000001 0.2373046875 0.0734375 0.126953125
9 0.5375 0.41796875 0.00625 0.01171875
9 0.50234375 0.419921875 0.0078125 0.015625
0 0.17109375000000002 0.50390625 0.026562500000000003 0.06640625
0 0.18984375 0.4931640625 0.026562500000000003 0.064453125
0 0.2 0.4931640625 0.018750000000000003 0.056640625
0 0.17421875 0.4892578125 0.0140625 0.052734375
0 0.9828125000000001 0.53515625 0.03125 0.1640625
0 0.97265625 0.513671875 0.035937500000000004 0.14453125
0 0.90390625 0.529296875 0.0421875 0.1640625
0 0.9140625 0.513671875 0.018750000000000003 0.125
0 0.9437500000000001 0.5244140625 0.037500000000000006 0.142578125
0 0.87109375 0.513671875 0.0390625 0.12890625
0 0.8445312500000001 0.5166015625 0.0234375 0.119140625
0 0.7992187500000001 0.517578125 0.029687500000000002 0.1171875
0 0.8226562500000001 0.51953125 0.035937500000000004 0.125
0 0.8515625 0.501953125 0.021875000000000002 0.125
0 0.8953125000000001 0.4384765625 0.009375000000000001 0.044921875
0 0.9125000000000001 0.439453125 0.015625 0.04296875
0 0.9265625000000001 0.4423828125 0.009375000000000001 0.033203125
0 0.94921875 0.4443359375 0.010937500000000001 0.041015625
0 0.93671875 0.4375 0.0140625 0.03125
0 0.86875 0.4306640625 0.0125 0.033203125
0 0.78671875 0.4501953125 0.010937500000000001 0.037109375
0 0.8296875 0.44140625 0.0125 0.03515625
0 0.82421875 0.4423828125 0.010937500000000001 0.033203125
0 0.80625 0.4462890625 0.009375000000000001 0.033203125
0 0.7757812500000001 0.4189453125 0.0078125 0.025390625
0 0.7664062500000001 0.421875 0.0078125 0.0234375
0 0.7585937500000001 0.419921875 0.004687500000000001 0.0234375
0 0.74609375 0.4306640625 0.0078125 0.029296875
0 0.7421875 0.42578125 0.00625 0.02734375
0 0.7328125000000001 0.435546875 0.009375000000000001 0.03125
0 0.7328125000000001 0.4951171875 0.018750000000000003 0.083984375
0 0.7125 0.4638671875 0.0125 0.044921875
0 0.7046875 0.4609375 0.009375000000000001 0.0390625
0 0.69296875 0.4619140625 0.010937500000000001 0.041015625
0 0.6734375 0.4912109375 0.021875000000000002 0.068359375
0 0.65234375 0.49609375 0.0171875 0.0625
0 0.59609375 0.4677734375 0.0140625 0.044921875
0 0.6062500000000001 0.4873046875 0.018750000000000003 0.056640625
0 0.62265625 0.484375 0.0171875 0.05859375
0 0.6312500000000001 0.48046875 0.0125 0.05078125
0 0.6421875 0.4814453125 0.0125 0.044921875
0 0.63671875 0.4521484375 0.010937500000000001 0.029296875
0 0.665625 0.4775390625 0.015625 0.056640625
0 0.56640625 0.4541015625 0.0078125 0.033203125
0 0.6046875 0.435546875 0.00625 0.0234375
0 0.59296875 0.4345703125 0.010937500000000001 0.021484375
0 0.6257812500000001 0.44921875 0.010937500000000001 0.01953125
0 0.6171875 0.447265625 0.0125 0.03515625
0 0.55859375 0.455078125 0.0078125 0.03125
0 0.5453125 0.4326171875 0.00625 0.017578125
0 0.5281250000000001 0.4541015625 0.009375000000000001 0.029296875
0 0.53515625 0.453125 0.0078125 0.02734375
0 0.5398437500000001 0.4521484375 0.0078125 0.029296875
0 0.55078125 0.455078125 0.0078125 0.03125
0 0.53671875 0.431640625 0.0078125 0.015625
2 0.041406250000000006 0.5224609375 0.08281250000000001 0.083984375
2 0.28515625 0.4892578125 0.0390625 0.052734375
2 0.32734375000000004 0.498046875 0.0734375 0.07421875
2 0.36328125 0.486328125 0.0234375 0.04296875
2 0.3328125 0.4521484375 0.040625 0.021484375
2 0.37343750000000003 0.47265625 0.037500000000000006 0.04296875
2 0.38593750000000004 0.4580078125 0.018750000000000003 0.033203125
2 0.39375000000000004 0.455078125 0.015625 0.03125
2 0.39921875 0.4482421875 0.0140625 0.025390625
2 0.403125 0.4365234375 0.018750000000000003 0.021484375
2 0.4 0.42578125 0.015625 0.015625
2 0.42109375000000004 0.4189453125 0.0078125 0.005859375
2 0.48359375000000004 0.54296875 0.13593750000000002 0.12890625
2 0.40937500000000004 0.5234375 0.06875 0.08984375
2 0.4453125 0.4609375 0.07500000000000001 0.0390625
2 0.49765625 0.4638671875 0.0390625 0.033203125
2 0.48046875 0.4501953125 0.0234375 0.021484375
2 0.4578125 0.4345703125 0.018750000000000003 0.017578125
2 0.46640625 0.4384765625 0.0234375 0.009765625
2 0.43203125000000003 0.4384765625 0.0203125 0.013671875
2 0.4296875 0.42578125 0.0125 0.01171875
2 0.3765625 0.4619140625 0.034375 0.037109375
8 0.63984375 0.525390625 0.0171875 0.04296875
