9 0.48750000000000004 0.4072265625 0.00625 0.009765625
9 0.37031250000000004 0.4169921875 0.00625 0.009765625
0 0.55390625 0.44140625 0.0140625 0.0625
2 0.31953125000000004 0.4541015625 0.0421875 0.041015625
2 0.340625 0.4453125 0.03125 0.0390625
2 0.37265625 0.4462890625 0.026562500000000003 0.029296875
2 0.415625 0.4580078125 0.078125 0.076171875
2 0.45625000000000004 0.439453125 0.021875000000000002 0.02734375
2 0.48046875 0.447265625 0.0484375 0.04296875
8 0.70078125 0.4892578125 0.026562500000000003 0.060546875
