9 0.571875 0.4921875 0.05 0.07421875
9 0.5828125000000001 0.5390625 0.05 0.0234375
0 0.66953125 0.4951171875 0.0421875 0.119140625
2 0.06328125 0.533203125 0.1265625 0.140625
2 0.11640625 0.5048828125 0.045312500000000006 0.076171875
2 0.146875 0.50390625 0.040625 0.05859375
2 0.19062500000000002 0.5087890625 0.043750000000000004 0.041015625
2 0.45234375000000004 0.509765625 0.1234375 0.1328125
2 0.3953125 0.490234375 0.037500000000000006 0.09375
2 0.37421875000000004 0.486328125 0.026562500000000003 0.06640625
2 0.328125 0.505859375 0.015625 0.015625
2 0.24296875 0.4990234375 0.060937500000000006 0.048828125
