7 0.08281250000000001 0.376953125 0.0125 0.04296875
7 0.68515625 0.3876953125 0.0140625 0.044921875
7 0.41015625 0.4599609375 0.004687500000000001 0.013671875
7 0.5609375 0.47265625 0.00625 0.015625
9 0.0921875 0.431640625 0.025 0.05859375
9 0.6765625000000001 0.4443359375 0.025 0.048828125
0 0.23125 0.490234375 0.009375000000000001 0.02734375
0 0.25390625 0.4921875 0.010937500000000001 0.0234375
0 0.34765625 0.49609375 0.0078125 0.0234375
0 0.359375 0.49609375 0.00625 0.0234375
0 0.37343750000000003 0.4931640625 0.00625 0.017578125
0 0.7039062500000001 0.505859375 0.0171875 0.046875
0 0.8140625 0.5302734375 0.03125 0.099609375
0 0.85703125 0.53125 0.0234375 0.1015625
2 0.51171875 0.5009765625 0.0203125 0.021484375
