4 0.7093750000000001 0.4765625 0.23750000000000002 0.3515625
7 0.0390625 0.44921875 0.018750000000000003 0.0546875
7 0.0203125 0.5419921875 0.018750000000000003 0.021484375
0 0.84140625 0.5556640625 0.0203125 0.080078125
0 0.85703125 0.5546875 0.0203125 0.07421875
0 0.9203125000000001 0.5458984375 0.021875000000000002 0.080078125
0 0.5828125000000001 0.5478515625 0.009375000000000001 0.025390625
0 0.12421875 0.5595703125 0.0234375 0.064453125
0 0.1765625 0.5537109375 0.0125 0.048828125
0 0.225 0.548828125 0.0125 0.04296875
0 0.2421875 0.548828125 0.0125 0.04296875
0 0.253125 0.5498046875 0.015625 0.041015625
0 0.28671875 0.5478515625 0.010937500000000001 0.037109375
0 0.278125 0.5478515625 0.009375000000000001 0.033203125
0 0.3046875 0.548828125 0.009375000000000001 0.0234375
0 0.31796875 0.55078125 0.0078125 0.0234375
0 0.32734375000000004 0.55078125 0.010937500000000001 0.0234375
2 0.53671875 0.5458984375 0.0234375 0.025390625
2 0.5546875 0.55078125 0.015625 0.015625
2 0.51171875 0.5546875 0.0390625 0.05078125
2 0.44765625000000003 0.6142578125 0.1453125 0.166015625
2 0.35000000000000003 0.5498046875 0.028125 0.025390625
