7 0.8968750000000001 0.2841796875 0.015625 0.056640625
7 0.87109375 0.2880859375 0.0171875 0.052734375
7 0.34140625 0.376953125 0.004687500000000001 0.01953125
9 0.6531250000000001 0.380859375 0.009375000000000001 0.015625
9 0.5476562500000001 0.4189453125 0.0234375 0.033203125
0 0.18359375 0.4111328125 0.0171875 0.037109375
1 0.8625 0.4873046875 0.05625 0.083984375
6 0.5085937500000001 0.4306640625 0.026562500000000003 0.041015625
2 0.26640625 0.4775390625 0.19843750000000002 0.162109375
2 0.6265625 0.4501953125 0.07500000000000001 0.056640625
2 0.58984375 0.4453125 0.029687500000000002 0.046875
2 0.5750000000000001 0.4453125 0.025 0.04296875
2 0.5609375 0.4423828125 0.028125 0.041015625
2 0.5265625 0.439453125 0.028125 0.02734375
2 0.4890625 0.44140625 0.015625 0.015625
2 0.45703125 0.4404296875 0.0171875 0.017578125
0 0.8601562500000001 0.4443359375 0.0328125 0.103515625
