7 0.66015625 0.365234375 0.0171875 0.01953125
7 0.6578125 0.3115234375 0.015625 0.048828125
7 0.8968750000000001 0.2568359375 0.021875000000000002 0.064453125
7 0.40859375000000003 0.2021484375 0.0203125 0.056640625
7 0.22109375 0.220703125 0.0171875 0.0546875
9 0.64375 0.2333984375 0.06875 0.037109375
9 0.7054687500000001 0.39453125 0.0203125 0.04296875
9 0.25390625 0.1962890625 0.0328125 0.041015625
9 0.67109375 0.349609375 0.035937500000000004 0.01171875
0 0.9554687500000001 0.41796875 0.0421875 0.1328125
0 0.88203125 0.42578125 0.060937500000000006 0.125
0 0.8226562500000001 0.4296875 0.051562500000000004 0.13671875
2 0.8929687500000001 0.416015625 0.2109375 0.140625
2 0.06171875 0.4609375 0.0859375 0.0625
2 0.48828125 0.4326171875 0.0203125 0.017578125
2 0.39687500000000003 0.4326171875 0.021875000000000002 0.013671875
