9 0.2984375 0.4345703125 0.025 0.033203125
9 0.55390625 0.490234375 0.0078125 0.015625
9 0.55390625 0.50390625 0.0078125 0.01171875
0 0.48046875 0.5029296875 0.004687500000000001 0.013671875
0 0.4765625 0.50390625 0.003125 0.01171875
0 0.46640625 0.5029296875 0.004687500000000001 0.017578125
0 0.45937500000000003 0.50390625 0.00625 0.015625
0 0.44375000000000003 0.5078125 0.00625 0.02734375
0 0.4296875 0.5048828125 0.009375000000000001 0.033203125
0 0.38046875 0.5126953125 0.0203125 0.056640625
2 0.50546875 0.5126953125 0.0203125 0.021484375
2 0.08750000000000001 0.5810546875 0.17500000000000002 0.322265625
2 0.15078125 0.529296875 0.1171875 0.0859375
2 0.49140625000000004 0.5048828125 0.0078125 0.009765625
8 0.96640625 0.6064453125 0.045312500000000006 0.177734375
