7 0.36171875000000003 0.4248046875 0.010937500000000001 0.025390625
7 0.5859375 0.4326171875 0.009375000000000001 0.025390625
0 0.14609375 0.474609375 0.0171875 0.02734375
0 0.265625 0.48828125 0.009375000000000001 0.02734375
0 0.29921875000000003 0.48046875 0.0078125 0.02734375
0 0.30859375 0.48046875 0.010937500000000001 0.02734375
0 0.6625000000000001 0.4833984375 0.009375000000000001 0.029296875
2 0.5125000000000001 0.486328125 0.018750000000000003 0.01953125
2 0.521875 0.484375 0.0125 0.01953125
2 0.5171875 0.46875 0.0125 0.01171875
2 0.53515625 0.4765625 0.010937500000000001 0.01171875
