9 0.8617187500000001 0.20703125 0.07968750000000001 0.0390625
9 0.8695312500000001 0.267578125 0.0703125 0.09375
9 0.97265625 0.35546875 0.051562500000000004 0.02734375
9 0.9765625 0.31640625 0.037500000000000006 0.015625
0 0.7742187500000001 0.458984375 0.029687500000000002 0.109375
0 0.15781250000000002 0.4560546875 0.028125 0.064453125
0 0.6828125 0.4287109375 0.025 0.064453125
2 0.8562500000000001 0.455078125 0.19687500000000002 0.08984375
2 0.246875 0.4609375 0.059375000000000004 0.0546875
2 0.28515625 0.4541015625 0.0390625 0.044921875
2 0.32421875 0.4482421875 0.0171875 0.033203125
2 0.51328125 0.6259765625 0.5140625 0.474609375
6 0.28203125 0.4296875 0.0671875 0.0859375
