0 0.41875 0.4521484375 0.009375000000000001 0.041015625
0 0.5328125 0.4462890625 0.009375000000000001 0.025390625
1 0.19921875 0.583984375 0.0578125 0.125
1 0.50234375 0.4609375 0.010937500000000001 0.0234375
2 0.9375 0.529296875 0.12187500000000001 0.16015625
2 0.07109375 0.5966796875 0.1421875 0.162109375
2 0.2171875 0.5224609375 0.125 0.119140625
2 0.27109375 0.498046875 0.0703125 0.08984375
2 0.3296875 0.4775390625 0.065625 0.064453125
2 0.36328125 0.47265625 0.0234375 0.0546875
2 0.37421875000000004 0.46484375 0.029687500000000002 0.046875
2 0.40156250000000004 0.4560546875 0.028125 0.037109375
2 0.51953125 0.44140625 0.0203125 0.02734375
2 0.4265625 0.4443359375 0.0125 0.017578125
2 0.43359375 0.443359375 0.0078125 0.015625
2 0.4375 0.439453125 0.009375000000000001 0.01171875
2 0.46171875 0.4375 0.010937500000000001 0.01171875
2 0.47109375000000003 0.4365234375 0.0078125 0.009765625
2 0.49453125000000003 0.4375 0.0078125 0.01171875
2 0.77734375 0.490234375 0.1171875 0.078125
2 0.675 0.4736328125 0.10312500000000001 0.056640625
2 0.6492187500000001 0.4541015625 0.0859375 0.037109375
2 0.6109375 0.4501953125 0.028125 0.029296875
2 0.584375 0.4462890625 0.025 0.025390625
2 0.55625 0.4443359375 0.018750000000000003 0.025390625
2 0.7093750000000001 0.435546875 0.034375 0.01953125
2 0.63203125 0.4296875 0.0765625 0.03125
0 0.20078125000000002 0.5537109375 0.045312500000000006 0.154296875
0 0.5015625 0.4521484375 0.009375000000000001 0.033203125
