7 0.6039062500000001 0.3369140625 0.0140625 0.044921875
9 0.59609375 0.3916015625 0.0234375 0.044921875
0 0.884375 0.4658203125 0.025 0.119140625
0 0.859375 0.46875 0.03125 0.11328125
0 0.8187500000000001 0.4697265625 0.03125 0.111328125
0 0.80078125 0.47265625 0.029687500000000002 0.11328125
0 0.7625000000000001 0.4833984375 0.059375000000000004 0.115234375
2 0.42421875000000003 0.470703125 0.051562500000000004 0.05078125
2 0.2765625 0.4814453125 0.084375 0.091796875
0 0.76171875 0.4794921875 0.0328125 0.119140625
7 0.0203125 0.3955078125 0.018750000000000003 0.060546875
2 0.37031250000000004 0.47265625 0.021875000000000002 0.0234375
