0 0.53671875 0.4541015625 0.0078125 0.025390625
0 0.58828125 0.4541015625 0.0078125 0.021484375
0 0.5710937500000001 0.451171875 0.004687500000000001 0.015625
0 0.57734375 0.4521484375 0.004687500000000001 0.013671875
0 0.7421875 0.45703125 0.015625 0.01953125
0 0.8703125 0.578125 0.065625 0.2578125
0 0.80625 0.5693359375 0.07500000000000001 0.275390625
0 0.765625 0.5546875 0.05 0.26171875
2 0.0421875 0.5322265625 0.084375 0.287109375
2 0.06484375 0.48046875 0.1296875 0.1875
2 0.25625000000000003 0.513671875 0.16875 0.125
2 0.36015625 0.484375 0.0890625 0.09765625
2 0.41250000000000003 0.4853515625 0.037500000000000006 0.068359375
2 0.42109375000000004 0.4736328125 0.0546875 0.072265625
2 0.49140625000000004 0.4609375 0.035937500000000004 0.03515625
2 0.5109375 0.4609375 0.0125 0.02734375
2 0.5125000000000001 0.45703125 0.018750000000000003 0.03125
2 0.52578125 0.4580078125 0.0171875 0.021484375
2 0.534375 0.4521484375 0.018750000000000003 0.021484375
2 0.55859375 0.453125 0.0171875 0.01953125
2 0.546875 0.451171875 0.009375000000000001 0.015625
2 0.6000000000000001 0.4580078125 0.018750000000000003 0.021484375
2 0.62265625 0.4677734375 0.035937500000000004 0.033203125
2 0.6664062500000001 0.4833984375 0.045312500000000006 0.056640625
2 0.68515625 0.5009765625 0.051562500000000004 0.076171875
2 0.7203125 0.51171875 0.06875 0.09765625
2 0.9304687500000001 0.63671875 0.13593750000000002 0.24609375
2 0.9453125 0.484375 0.10625000000000001 0.0546875
