7 0.98359375 0.3740234375 0.0234375 0.021484375
7 0.94140625 0.3193359375 0.0140625 0.056640625
7 0.5625 0.34375 0.0125 0.04296875
7 0.0484375 0.3486328125 0.015625 0.044921875
9 0.5609375 0.390625 0.021875000000000002 0.04296875
9 0.05078125 0.400390625 0.0203125 0.03125
0 0.7703125000000001 0.4580078125 0.028125 0.087890625
0 0.753125 0.4560546875 0.018750000000000003 0.083984375
0 0.7359375 0.458984375 0.025 0.08203125
0 0.71015625 0.4599609375 0.026562500000000003 0.080078125
0 0.6953125 0.4541015625 0.015625 0.072265625
0 0.6734375 0.45703125 0.021875000000000002 0.07421875
0 0.65 0.455078125 0.018750000000000003 0.07421875
0 0.634375 0.4560546875 0.021875000000000002 0.080078125
0 0.5281250000000001 0.4443359375 0.0125 0.025390625
0 0.18281250000000002 0.455078125 0.015625 0.03515625
2 0.0734375 0.5302734375 0.146875 0.220703125
2 0.36484375 0.5341796875 0.2265625 0.236328125
9 0.98203125 0.3466796875 0.0328125 0.013671875
