9 0.19687500000000002 0.412109375 0.009375000000000001 0.0234375
2 0.33828125000000003 0.4853515625 0.0578125 0.056640625
2 0.40156250000000004 0.482421875 0.03125 0.03515625
2 0.44765625000000003 0.4775390625 0.0671875 0.064453125
2 0.49296875 0.4833984375 0.010937500000000001 0.017578125
2 0.5046875000000001 0.4814453125 0.018750000000000003 0.021484375
2 0.5171875 0.482421875 0.0125 0.02734375
2 0.534375 0.4814453125 0.028125 0.048828125
2 0.57265625 0.478515625 0.0671875 0.07421875
2 0.6515625 0.498046875 0.109375 0.109375
2 0.7265625 0.4580078125 0.1 0.056640625
