7 0.7953125000000001 0.4140625 0.018750000000000003 0.0625
7 0.8093750000000001 0.546875 0.009375000000000001 0.02734375
7 0.06953125 0.439453125 0.0171875 0.0546875
7 0.07187500000000001 0.5537109375 0.009375000000000001 0.037109375
7 0.07578125000000001 0.5087890625 0.0140625 0.017578125
9 0.80859375 0.466796875 0.035937500000000004 0.05078125
9 0.91328125 0.3818359375 0.029687500000000002 0.044921875
9 0.5710937500000001 0.4443359375 0.0140625 0.017578125
9 0.571875 0.4638671875 0.018750000000000003 0.021484375
0 0.8484375000000001 0.5419921875 0.015625 0.029296875
0 0.75703125 0.5439453125 0.0140625 0.037109375
0 0.7718750000000001 0.5439453125 0.015625 0.037109375
0 0.6234375000000001 0.5556640625 0.018750000000000003 0.060546875
0 0.53515625 0.546875 0.0078125 0.02734375
0 0.5398437500000001 0.544921875 0.0078125 0.03515625
0 0.54609375 0.544921875 0.0078125 0.03125
0 0.553125 0.5458984375 0.009375000000000001 0.029296875
0 0.5609375 0.5458984375 0.00625 0.025390625
0 0.6859375000000001 0.5439453125 0.018750000000000003 0.025390625
0 0.65546875 0.5439453125 0.010937500000000001 0.025390625
0 0.6671875 0.5419921875 0.009375000000000001 0.025390625
0 0.70078125 0.54296875 0.0078125 0.015625
0 0.6375000000000001 0.5390625 0.00625 0.015625
6 0.23125 0.5849609375 0.19687500000000002 0.220703125
2 0.09843750000000001 0.572265625 0.053125000000000006 0.046875
2 0.434375 0.802734375 0.45 0.390625
2 0.46953125 0.5830078125 0.1859375 0.068359375
2 0.51171875 0.5625 0.0890625 0.046875
2 0.6484375 0.58984375 0.06875 0.06640625
2 0.7546875000000001 0.6806640625 0.28125 0.255859375
2 0.9296875 0.6513671875 0.13125 0.177734375
2 0.93359375 0.5556640625 0.1296875 0.107421875
