4 0.15703125 0.3359375 0.3140625 0.2265625
7 0.9593750000000001 0.150390625 0.043750000000000004 0.16796875
9 0.91171875 0.212890625 0.045312500000000006 0.06640625
0 0.029687500000000002 0.4892578125 0.059375000000000004 0.220703125
0 0.19375 0.48046875 0.059375000000000004 0.18359375
0 0.30390625000000004 0.4951171875 0.0546875 0.193359375
0 0.34140625 0.4580078125 0.0859375 0.240234375
0 0.3609375 0.4228515625 0.015625 0.060546875
0 0.37343750000000003 0.416015625 0.015625 0.0625
0 0.36484375 0.412109375 0.010937500000000001 0.05078125
0 0.41875 0.49609375 0.09375 0.234375
0 0.44140625 0.4912109375 0.06406250000000001 0.224609375
0 0.49140625000000004 0.501953125 0.0671875 0.24609375
6 0.5078125 0.3828125 0.034375 0.01953125
2 0.7546875000000001 0.6123046875 0.48750000000000004 0.638671875
2 0.16718750000000002 0.4423828125 0.284375 0.150390625
2 0.018750000000000003 0.6845703125 0.037500000000000006 0.244140625
2 0.48359375000000004 0.4208984375 0.051562500000000004 0.064453125
2 0.5265625 0.4072265625 0.015625 0.021484375
2 0.540625 0.4404296875 0.040625 0.052734375
