1 0.3359375 0.541015625 0.059375000000000004 0.12890625
2 0.0390625 0.5166015625 0.078125 0.255859375
2 0.1328125 0.509765625 0.21250000000000002 0.1953125
2 0.22890625 0.4990234375 0.060937500000000006 0.119140625
2 0.45390625 0.48046875 0.1234375 0.15234375
2 0.63046875 0.4833984375 0.15781250000000002 0.126953125
2 0.7289062500000001 0.4873046875 0.1796875 0.138671875
2 0.7765625 0.525390625 0.184375 0.19921875
2 0.925 0.4990234375 0.146875 0.294921875
0 0.33515625000000004 0.4990234375 0.0578125 0.181640625
