4 0.5140625 0.447265625 0.059375000000000004 0.0859375
4 0.43281250000000004 0.453125 0.1 0.0390625
4 0.8421875000000001 0.4169921875 0.3125 0.146484375
0 0.12812500000000002 0.4892578125 0.015625 0.029296875
0 0.16640625 0.4892578125 0.0171875 0.056640625
0 0.18515625000000002 0.48828125 0.0203125 0.0546875
0 0.7054687500000001 0.474609375 0.029687500000000002 0.109375
0 0.71875 0.474609375 0.040625 0.140625
0 0.67890625 0.48828125 0.0328125 0.1171875
0 0.68515625 0.4775390625 0.026562500000000003 0.095703125
0 0.73984375 0.4609375 0.0140625 0.0546875
0 0.55078125 0.4599609375 0.0140625 0.041015625
0 0.584375 0.46484375 0.021875000000000002 0.07421875
0 0.5890625 0.45703125 0.0125 0.0390625
0 0.603125 0.458984375 0.0125 0.04296875
0 0.57265625 0.458984375 0.0078125 0.04296875
0 0.6171875 0.4658203125 0.021875000000000002 0.072265625
0 0.63671875 0.4619140625 0.0234375 0.076171875
0 0.64453125 0.4609375 0.0203125 0.0703125
0 0.66015625 0.447265625 0.0140625 0.05078125
2 0.47109375000000003 0.4619140625 0.029687500000000002 0.025390625
2 0.45156250000000003 0.462890625 0.028125 0.0234375
2 0.95078125 0.4873046875 0.09531250000000001 0.111328125
2 0.946875 0.443359375 0.10312500000000001 0.1015625
2 0.91015625 0.451171875 0.1765625 0.140625
2 0.375 0.59375 0.5437500000000001 0.26171875
2 0.8500000000000001 0.4443359375 0.146875 0.107421875
0 0.11328125 0.498046875 0.0203125 0.05078125
