7 0.36562500000000003 0.3935546875 0.00625 0.017578125
7 0.43125 0.3779296875 0.00625 0.017578125
7 0.47187500000000004 0.3818359375 0.00625 0.017578125
7 0.44296875 0.40234375 0.004687500000000001 0.015625
9 0.8054687500000001 0.283203125 0.0734375 0.07421875
9 0.8031250000000001 0.1875 0.08750000000000001 0.10546875
0 0.06171875 0.482421875 0.0203125 0.046875
0 0.77734375 0.4609375 0.029687500000000002 0.10546875
1 0.81796875 0.521484375 0.1015625 0.08984375
2 0.3046875 0.4794921875 0.07187500000000001 0.080078125
2 0.3515625 0.46875 0.03125 0.0390625
2 0.45937500000000003 0.498046875 0.15000000000000002 0.16015625
