7 0.39140625 0.396484375 0.0140625 0.0390625
7 0.26406250000000003 0.48828125 0.00625 0.01953125
7 0.55390625 0.439453125 0.0078125 0.0234375
7 0.6531250000000001 0.498046875 0.00625 0.01953125
7 0.6531250000000001 0.521484375 0.00625 0.0078125
7 0.403125 0.439453125 0.00625 0.01953125
7 0.33203125 0.4873046875 0.0078125 0.021484375
7 0.33125000000000004 0.5146484375 0.00625 0.009765625
9 0.37109375 0.390625 0.0140625 0.01953125
9 0.25234375000000003 0.5078125 0.010937500000000001 0.01953125
9 0.5765625 0.443359375 0.015625 0.0078125
9 0.39375000000000004 0.4384765625 0.00625 0.013671875
0 0.2015625 0.544921875 0.015625 0.046875
0 0.21953125 0.5458984375 0.0140625 0.052734375
0 0.27187500000000003 0.55078125 0.021875000000000002 0.05078125
0 0.28984375 0.5537109375 0.0140625 0.044921875
0 0.371875 0.552734375 0.021875000000000002 0.046875
0 0.4296875 0.55078125 0.009375000000000001 0.0390625
0 0.43671875000000004 0.548828125 0.0078125 0.04296875
0 0.58203125 0.546875 0.004687500000000001 0.01953125
0 0.58984375 0.5439453125 0.004687500000000001 0.013671875
0 0.596875 0.5419921875 0.003125 0.009765625
2 0.4609375 0.544921875 0.021875000000000002 0.01953125
2 0.54921875 0.568359375 0.07968750000000001 0.07421875
