9 0.19453125000000002 0.4775390625 0.0203125 0.025390625
0 0.3984375 0.5595703125 0.00625 0.029296875
0 0.3875 0.5556640625 0.00625 0.021484375
0 0.37890625 0.55078125 0.0078125 0.01171875
0 0.56875 0.5576171875 0.009375000000000001 0.025390625
0 0.5515625000000001 0.556640625 0.00625 0.0234375
0 0.603125 0.55859375 0.00625 0.03125
0 0.628125 0.56640625 0.0125 0.04296875
0 0.6179687500000001 0.5693359375 0.0078125 0.041015625
0 0.6109375 0.5703125 0.00625 0.04296875
0 0.45625000000000004 0.556640625 0.009375000000000001 0.01953125
0 0.017968750000000002 0.5908203125 0.026562500000000003 0.095703125
0 0.09921875000000001 0.5576171875 0.0203125 0.029296875
0 0.18828125 0.5615234375 0.0171875 0.025390625
0 0.045312500000000006 0.568359375 0.021875000000000002 0.02734375
6 0.8187500000000001 0.5390625 0.359375 0.359375
2 0.48750000000000004 0.5556640625 0.0125 0.013671875
2 0.509375 0.576171875 0.046875 0.0546875
2 0.36484375 0.5673828125 0.0390625 0.033203125
2 0.3515625 0.564453125 0.03125 0.01171875
2 0.30546875 0.5595703125 0.060937500000000006 0.029296875
2 0.284375 0.56640625 0.05 0.0234375
2 0.27109375 0.5830078125 0.0578125 0.041015625
2 0.21953125 0.62109375 0.11406250000000001 0.09765625
2 0.10312500000000001 0.638671875 0.15937500000000002 0.13671875
2 0.33125000000000004 0.6279296875 0.1375 0.115234375
