9 0.25234375000000003 0.375 0.010937500000000001 0.03125
9 0.2515625 0.3935546875 0.009375000000000001 0.005859375
0 0.4140625 0.44921875 0.018750000000000003 0.05859375
0 0.54609375 0.4560546875 0.0171875 0.068359375
0 0.56484375 0.4580078125 0.0171875 0.068359375
2 0.0328125 0.4443359375 0.065625 0.095703125
2 0.12812500000000002 0.4501953125 0.05 0.076171875
2 0.1625 0.4482421875 0.043750000000000004 0.060546875
2 0.20390625 0.4375 0.060937500000000006 0.046875
2 0.22968750000000002 0.4560546875 0.065625 0.052734375
2 0.24609375 0.431640625 0.0546875 0.04296875
2 0.296875 0.46875 0.09375 0.0859375
2 0.35625 0.4287109375 0.015625 0.009765625
2 0.37031250000000004 0.4580078125 0.05625 0.060546875
2 0.40078125000000003 0.455078125 0.0234375 0.046875
2 0.41171875 0.451171875 0.029687500000000002 0.0390625
2 0.43281250000000004 0.447265625 0.018750000000000003 0.03515625
2 0.44140625 0.4462890625 0.0171875 0.033203125
2 0.45078125 0.4443359375 0.0171875 0.029296875
2 0.4578125 0.443359375 0.0125 0.02734375
2 0.4609375 0.4375 0.03125 0.03125
2 0.47578125000000004 0.4375 0.010937500000000001 0.01953125
2 0.47968750000000004 0.4345703125 0.015625 0.017578125
2 0.48515625 0.435546875 0.010937500000000001 0.015625
2 0.4921875 0.4345703125 0.00625 0.013671875
2 0.49609375 0.43359375 0.0078125 0.01171875
2 0.49921875000000004 0.4326171875 0.0078125 0.013671875
2 0.5046875000000001 0.431640625 0.00625 0.01171875
2 0.62109375 0.46484375 0.0765625 0.08984375
2 0.58515625 0.455078125 0.0234375 0.05859375
2 0.57734375 0.4541015625 0.0171875 0.044921875
