9 0.57265625 0.3876953125 0.026562500000000003 0.013671875
2 0.23984375000000002 0.466796875 0.029687500000000002 0.0234375
2 0.3203125 0.4775390625 0.034375 0.033203125
2 0.353125 0.4677734375 0.021875000000000002 0.021484375
2 0.49140625000000004 0.4765625 0.060937500000000006 0.0625
2 0.4578125 0.4697265625 0.040625 0.052734375
2 0.59296875 0.4619140625 0.0734375 0.052734375
2 0.42265625 0.4501953125 0.0140625 0.017578125
2 0.35625 0.4453125 0.0125 0.01171875
2 0.415625 0.43359375 0.0125 0.01171875
