9 0.82578125 0.3642578125 0.0671875 0.056640625
0 0.1921875 0.490234375 0.018750000000000003 0.03125
2 0.08515625 0.591796875 0.1703125 0.16015625
2 0.22031250000000002 0.5556640625 0.146875 0.099609375
2 0.32265625000000003 0.5322265625 0.1078125 0.080078125
2 0.66171875 0.47265625 0.029687500000000002 0.015625
2 0.68515625 0.5048828125 0.060937500000000006 0.068359375
2 0.61640625 0.53515625 0.1234375 0.1328125
2 0.80234375 0.57421875 0.2234375 0.21875
2 0.6140625000000001 0.4638671875 0.018750000000000003 0.009765625
2 0.6578125 0.45703125 0.025 0.015625
