9 0.978125 0.294921875 0.040625 0.09375
9 0.47109375000000003 0.4453125 0.004687500000000001 0.0078125
9 0.15078125 0.3935546875 0.026562500000000003 0.033203125
9 0.8484375000000001 0.36328125 0.037500000000000006 0.015625
1 0.22421875000000002 0.51171875 0.1015625 0.078125
2 0.9500000000000001 0.6044921875 0.096875 0.216796875
2 0.53828125 0.4677734375 0.0703125 0.076171875
2 0.49765625 0.46484375 0.0328125 0.05078125
2 0.47890625000000003 0.4677734375 0.010937500000000001 0.029296875
2 0.47265625 0.4658203125 0.010937500000000001 0.025390625
2 0.46484375 0.46484375 0.0140625 0.01953125
2 0.45937500000000003 0.4609375 0.015625 0.01953125
2 0.44843750000000004 0.4599609375 0.009375000000000001 0.013671875
2 0.43671875000000004 0.4609375 0.010937500000000001 0.01171875
2 0.39921875 0.4619140625 0.010937500000000001 0.013671875
2 0.3921875 0.4619140625 0.0125 0.013671875
2 0.38203125000000004 0.462890625 0.010937500000000001 0.015625
2 0.37109375 0.462890625 0.0140625 0.015625
2 0.34765625 0.470703125 0.0421875 0.03515625
2 0.30859375 0.4716796875 0.0171875 0.044921875
2 0.28750000000000003 0.4716796875 0.043750000000000004 0.048828125
2 0.27421875 0.4775390625 0.0328125 0.044921875
2 0.24531250000000002 0.48046875 0.05 0.0546875
2 0.19140625 0.470703125 0.0234375 0.03515625
2 0.14921875 0.4638671875 0.035937500000000004 0.041015625
2 0.09375 0.46875 0.07187500000000001 0.05078125
2 0.0484375 0.466796875 0.05 0.05078125
0 0.22421875000000002 0.48046875 0.051562500000000004 0.11328125
