9 0.13593750000000002 0.345703125 0.043750000000000004 0.0546875
9 0.134375 0.3828125 0.03125 0.015625
0 0.78125 0.5654296875 0.040625 0.142578125
0 0.5 0.4541015625 0.009375000000000001 0.025390625
0 0.384375 0.4482421875 0.009375000000000001 0.013671875
2 0.26328125 0.51953125 0.1046875 0.08984375
2 0.31640625 0.5029296875 0.0546875 0.068359375
2 0.33671875 0.494140625 0.0421875 0.05859375
2 0.91953125 0.5224609375 0.15781250000000002 0.126953125
2 0.9015625 0.4931640625 0.15625 0.107421875
2 0.80859375 0.501953125 0.0578125 0.0859375
2 0.35468750000000004 0.4873046875 0.03125 0.048828125
2 0.37343750000000003 0.4814453125 0.028125 0.044921875
2 0.38984375000000004 0.47265625 0.035937500000000004 0.04296875
2 0.40937500000000004 0.4677734375 0.025 0.033203125
2 0.4234375 0.462890625 0.021875000000000002 0.02734375
2 0.43281250000000004 0.4560546875 0.028125 0.033203125
2 0.44765625000000003 0.4541015625 0.0140625 0.025390625
2 0.45234375000000004 0.44921875 0.0171875 0.0234375
2 0.46015625000000004 0.4453125 0.0140625 0.01953125
2 0.46718750000000003 0.4443359375 0.0125 0.017578125
2 0.56953125 0.474609375 0.0484375 0.0546875
2 0.5632812500000001 0.466796875 0.045312500000000006 0.05078125
2 0.5421875 0.4619140625 0.021875000000000002 0.041015625
2 0.5320312500000001 0.4541015625 0.010937500000000001 0.021484375
2 0.5296875 0.44921875 0.018750000000000003 0.01953125
2 0.52578125 0.443359375 0.0171875 0.01953125
2 0.52109375 0.439453125 0.0078125 0.01171875
