1 0.48828125 0.4619140625 0.0078125 0.021484375
1 0.50546875 0.4677734375 0.0078125 0.025390625
1 0.51953125 0.4736328125 0.010937500000000001 0.025390625
1 0.53359375 0.4775390625 0.0140625 0.033203125
1 0.5593750000000001 0.48828125 0.021875000000000002 0.046875
1 0.6218750000000001 0.501953125 0.021875000000000002 0.0546875
1 0.6507812500000001 0.521484375 0.0203125 0.05078125
1 0.7039062500000001 0.51953125 0.029687500000000002 0.07421875
2 0.34921875 0.44921875 0.051562500000000004 0.05859375
2 0.4703125 0.466796875 0.028125 0.015625
0 0.703125 0.4794921875 0.037500000000000006 0.119140625
0 0.6484375 0.4853515625 0.03125 0.091796875
0 0.6203125 0.48046875 0.028125 0.08984375
0 0.5593750000000001 0.4658203125 0.028125 0.076171875
0 0.53515625 0.455078125 0.0171875 0.0546875
0 0.51875 0.4560546875 0.015625 0.044921875
0 0.50546875 0.451171875 0.0140625 0.0390625
0 0.4890625 0.451171875 0.0125 0.03515625
