0 0.10234375000000001 0.5751953125 0.051562500000000004 0.083984375
0 0.17109375000000002 0.5869140625 0.035937500000000004 0.130859375
0 0.259375 0.5751953125 0.021875000000000002 0.099609375
0 0.23984375000000002 0.564453125 0.026562500000000003 0.09765625
0 0.2 0.5380859375 0.0125 0.048828125
3 0.9625 0.7275390625 0.07187500000000001 0.224609375
3 0.43281250000000004 0.607421875 0.053125000000000006 0.109375
2 0.91953125 0.6201171875 0.15781250000000002 0.181640625
2 0.8070312500000001 0.5751953125 0.051562500000000004 0.107421875
2 0.68671875 0.62109375 0.22031250000000002 0.2265625
2 0.58515625 0.5576171875 0.0421875 0.056640625
2 0.51796875 0.5478515625 0.06406250000000001 0.064453125
2 0.47734375 0.5400390625 0.026562500000000003 0.044921875
2 0.43671875000000004 0.55078125 0.060937500000000006 0.0625
2 0.0203125 0.5712890625 0.040625 0.056640625
2 0.24453125 0.54296875 0.07968750000000001 0.0625
2 0.3359375 0.537109375 0.03125 0.03125
2 0.36015625 0.53515625 0.0234375 0.02734375
2 0.02734375 0.869140625 0.0546875 0.2578125
2 0.53828125 0.5166015625 0.045312500000000006 0.048828125
0 0.96875 0.6796875 0.059375000000000004 0.25390625
0 0.43281250000000004 0.578125 0.05 0.1171875
