9 0.8812500000000001 0.3896484375 0.021875000000000002 0.044921875
9 0.56953125 0.4296875 0.010937500000000001 0.01171875
0 0.8546875 0.5029296875 0.028125 0.076171875
0 0.8234375 0.5107421875 0.03125 0.064453125
0 0.81796875 0.484375 0.026562500000000003 0.0390625
0 0.42421875000000003 0.4453125 0.0078125 0.0234375
0 0.62890625 0.443359375 0.010937500000000001 0.01953125
0 0.7367187500000001 0.447265625 0.010937500000000001 0.04296875
1 0.784375 0.552734375 0.037500000000000006 0.1015625
1 0.85078125 0.556640625 0.0890625 0.1015625
1 0.8359375 0.5439453125 0.07187500000000001 0.083984375
1 0.721875 0.48828125 0.046875 0.046875
1 0.7328125000000001 0.517578125 0.043750000000000004 0.0703125
1 0.52734375 0.46484375 0.0078125 0.01953125
1 0.51875 0.458984375 0.009375000000000001 0.0234375
1 0.27890625 0.5048828125 0.026562500000000003 0.048828125
1 0.03828125 0.5263671875 0.0765625 0.072265625
3 0.6828125 0.5302734375 0.109375 0.095703125
2 0.63671875 0.501953125 0.09843750000000001 0.1015625
2 0.58515625 0.486328125 0.0421875 0.06640625
2 0.56953125 0.4755859375 0.035937500000000004 0.048828125
2 0.5390625 0.451171875 0.03125 0.03515625
2 0.48984375 0.44140625 0.0140625 0.01953125
2 0.46875 0.4560546875 0.034375 0.037109375
2 0.453125 0.4443359375 0.0125 0.017578125
2 0.42890625000000004 0.4423828125 0.026562500000000003 0.021484375
2 0.39375000000000004 0.462890625 0.046875 0.05078125
0 0.5265625 0.4521484375 0.009375000000000001 0.029296875
0 0.51796875 0.44921875 0.0078125 0.03515625
0 0.278125 0.4873046875 0.028125 0.076171875
