7 0.6585937500000001 0.3134765625 0.0171875 0.064453125
7 0.65546875 0.3837890625 0.0234375 0.025390625
7 0.43515625 0.3994140625 0.0078125 0.021484375
7 0.27578125000000003 0.4306640625 0.0078125 0.025390625
7 0.49843750000000003 0.42578125 0.00625 0.01953125
9 0.6570312500000001 0.3564453125 0.0484375 0.021484375
9 0.6484375 0.4365234375 0.015625 0.033203125
0 0.95703125 0.5078125 0.0671875 0.2265625
0 0.93359375 0.49609375 0.029687500000000002 0.1796875
0 0.9046875000000001 0.4951171875 0.034375 0.146484375
0 0.8679687500000001 0.494140625 0.051562500000000004 0.16796875
0 0.7835937500000001 0.498046875 0.035937500000000004 0.1484375
0 0.7390625000000001 0.4990234375 0.053125000000000006 0.150390625
0 0.76171875 0.4873046875 0.0328125 0.126953125
0 0.71484375 0.48046875 0.0234375 0.11328125
0 0.62890625 0.4609375 0.0171875 0.0546875
0 0.56875 0.46875 0.009375000000000001 0.03515625
0 0.56171875 0.4716796875 0.0078125 0.041015625
0 0.5554687500000001 0.46875 0.010937500000000001 0.046875
0 0.5453125 0.4619140625 0.009375000000000001 0.021484375
0 0.521875 0.4697265625 0.009375000000000001 0.033203125
0 0.478125 0.474609375 0.009375000000000001 0.02734375
1 0.01640625 0.5009765625 0.0328125 0.041015625
2 0.171875 0.4921875 0.10312500000000001 0.08984375
2 0.25078125 0.48828125 0.0671875 0.07421875
2 0.28515625 0.486328125 0.026562500000000003 0.05859375
2 0.34765625 0.4794921875 0.035937500000000004 0.033203125
2 0.37265625 0.4765625 0.0234375 0.03125
2 0.41796875 0.4755859375 0.0234375 0.025390625
2 0.3953125 0.4736328125 0.0125 0.017578125
2 0.38515625000000003 0.47265625 0.010937500000000001 0.0234375
7 0.9734375000000001 0.357421875 0.025 0.03515625
