7 0.6218750000000001 0.4404296875 0.00625 0.021484375
7 0.42890625000000004 0.458984375 0.004687500000000001 0.015625
7 0.33203125 0.4326171875 0.0078125 0.021484375
0 0.9265625000000001 0.5126953125 0.025 0.044921875
0 0.89453125 0.541015625 0.029687500000000002 0.1015625
0 0.8695312500000001 0.5205078125 0.0234375 0.076171875
0 0.759375 0.51953125 0.021875000000000002 0.06640625
0 0.7117187500000001 0.51953125 0.0234375 0.07421875
0 0.7296875 0.5146484375 0.009375000000000001 0.044921875
0 0.34218750000000003 0.5087890625 0.0125 0.048828125
0 0.24296875 0.505859375 0.010937500000000001 0.05078125
1 0.83984375 0.564453125 0.0328125 0.09765625
1 0.6351562500000001 0.5458984375 0.026562500000000003 0.048828125
1 0.24609375 0.5234375 0.0546875 0.0390625
2 0.49609375 0.533203125 0.06406250000000001 0.08203125
2 0.52109375 0.5126953125 0.0421875 0.060546875
2 0.42421875000000003 0.591796875 0.2015625 0.203125
0 0.6359375 0.5263671875 0.025 0.064453125
8 0.20468750000000002 0.541015625 0.015625 0.05078125
