4 0.5437500000000001 0.4443359375 0.034375 0.056640625
7 0.37421875000000004 0.4345703125 0.004687500000000001 0.017578125
7 0.38125000000000003 0.4365234375 0.003125 0.009765625
7 0.38125000000000003 0.4482421875 0.003125 0.005859375
9 0.6125 0.4091796875 0.018750000000000003 0.009765625
9 0.1328125 0.3955078125 0.034375 0.033203125
9 0.6062500000000001 0.4248046875 0.00625 0.009765625
1 0.5945312500000001 0.50390625 0.029687500000000002 0.0625
2 0.6687500000000001 0.490234375 0.1 0.08984375
2 0.6453125000000001 0.478515625 0.078125 0.0859375
2 0.57265625 0.4755859375 0.0203125 0.044921875
2 0.596875 0.474609375 0.05 0.05078125
2 0.5671875000000001 0.4638671875 0.028125 0.037109375
2 0.465625 0.505859375 0.184375 0.21875
2 0.34218750000000003 0.4892578125 0.07500000000000001 0.087890625
2 0.278125 0.49609375 0.0625 0.06640625
2 0.15625 0.501953125 0.146875 0.12109375
2 0.23203125000000002 0.47265625 0.0546875 0.05078125
2 0.0671875 0.5283203125 0.134375 0.150390625
2 0.9265625000000001 0.4521484375 0.14375000000000002 0.103515625
0 0.5953125 0.4814453125 0.03125 0.091796875
