9 0.72265625 0.40234375 0.0171875 0.03125
9 0.6265625 0.412109375 0.018750000000000003 0.0078125
1 0.7203125 0.529296875 0.05 0.08984375
1 0.6671875 0.517578125 0.018750000000000003 0.05859375
1 0.63984375 0.509765625 0.0140625 0.0390625
1 0.59921875 0.501953125 0.010937500000000001 0.046875
1 0.5789062500000001 0.4970703125 0.010937500000000001 0.029296875
1 0.56171875 0.4951171875 0.010937500000000001 0.029296875
1 0.609375 0.5029296875 0.00625 0.033203125
2 0.91015625 0.541015625 0.1765625 0.19921875
2 0.48828125 0.484375 0.0140625 0.01171875
2 0.36484375 0.4814453125 0.0578125 0.060546875
2 0.2765625 0.4873046875 0.08125 0.080078125
2 0.15937500000000002 0.51171875 0.146875 0.109375
0 0.7210937500000001 0.490234375 0.051562500000000004 0.14453125
0 0.6648437500000001 0.4873046875 0.0328125 0.099609375
0 0.63984375 0.490234375 0.0234375 0.06640625
0 0.6101562500000001 0.4814453125 0.0140625 0.044921875
0 0.596875 0.4755859375 0.025 0.072265625
0 0.5789062500000001 0.4814453125 0.0140625 0.048828125
0 0.5640625 0.48046875 0.015625 0.0390625
