0 0.84375 0.5478515625 0.046875 0.146484375
0 0.8984375 0.5478515625 0.053125000000000006 0.150390625
1 0.4765625 0.44140625 0.00625 0.01171875
1 0.5007812500000001 0.4443359375 0.0078125 0.013671875
2 0.8078125 0.4697265625 0.09375 0.056640625
2 0.7679687500000001 0.466796875 0.0578125 0.05078125
2 0.7312500000000001 0.455078125 0.059375000000000004 0.03125
2 0.7375 0.4326171875 0.065625 0.029296875
2 0.78125 0.431640625 0.05625 0.0234375
2 0.71875 0.568359375 0.17500000000000002 0.14453125
2 0.634375 0.50390625 0.12187500000000001 0.12109375
2 0.5625 0.46875 0.046875 0.046875
2 0.5554687500000001 0.45703125 0.0390625 0.04296875
2 0.5375 0.4560546875 0.021875000000000002 0.037109375
2 0.5281250000000001 0.451171875 0.009375000000000001 0.02734375
2 0.5281250000000001 0.4453125 0.015625 0.02734375
2 0.52109375 0.4404296875 0.010937500000000001 0.017578125
2 0.51875 0.4365234375 0.015625 0.021484375
2 0.5125000000000001 0.4345703125 0.0125 0.017578125
2 0.49140625000000004 0.42578125 0.0078125 0.0078125
2 0.4859375 0.4326171875 0.0125 0.013671875
2 0.50625 0.4296875 0.00625 0.01171875
2 0.1234375 0.56640625 0.2 0.1796875
2 0.25 0.5380859375 0.096875 0.103515625
2 0.2859375 0.51953125 0.07500000000000001 0.08203125
2 0.34218750000000003 0.4931640625 0.065625 0.060546875
2 0.37031250000000004 0.4833984375 0.03125 0.048828125
2 0.375 0.474609375 0.043750000000000004 0.046875
2 0.39765625000000004 0.4677734375 0.0390625 0.041015625
2 0.40703125 0.458984375 0.0390625 0.0390625
2 0.42500000000000004 0.453125 0.018750000000000003 0.02734375
2 0.43046875 0.44921875 0.026562500000000003 0.03125
2 0.4421875 0.4453125 0.0125 0.0234375
2 0.45156250000000003 0.4404296875 0.015625 0.017578125
2 0.45859375 0.4384765625 0.0140625 0.017578125
2 0.46406250000000004 0.435546875 0.015625 0.015625
2 0.57265625 0.4375 0.029687500000000002 0.01953125
0 0.5007812500000001 0.4384765625 0.0078125 0.021484375
0 0.4765625 0.4365234375 0.00625 0.017578125
