9 0.12734375 0.3818359375 0.026562500000000003 0.013671875
9 0.12812500000000002 0.345703125 0.046875 0.0546875
9 0.19140625 0.4306640625 0.0140625 0.021484375
9 0.49843750000000003 0.4228515625 0.00625 0.013671875
9 0.4265625 0.4677734375 0.015625 0.013671875
9 0.12734375 0.4052734375 0.0171875 0.017578125
2 0.4609375 0.48046875 0.0625 0.0390625
2 0.37421875000000004 0.470703125 0.0484375 0.04296875
2 0.33515625000000004 0.4697265625 0.045312500000000006 0.044921875
2 0.24921875000000002 0.4716796875 0.051562500000000004 0.029296875
