9 0.50703125 0.4052734375 0.0203125 0.005859375
0 0.59140625 0.4619140625 0.0203125 0.064453125
0 0.57265625 0.46484375 0.0171875 0.0546875
0 0.36250000000000004 0.453125 0.0125 0.0390625
0 0.34921875 0.4541015625 0.010937500000000001 0.037109375
0 0.0171875 0.490234375 0.021875000000000002 0.0703125
1 0.7742187500000001 0.6005859375 0.0578125 0.130859375
2 0.9171875 0.603515625 0.1625 0.23828125
2 0.68359375 0.515625 0.1390625 0.09375
2 0.509375 0.478515625 0.08125 0.06640625
2 0.45156250000000003 0.4716796875 0.065625 0.048828125
2 0.41250000000000003 0.4560546875 0.065625 0.033203125
2 0.31015625 0.435546875 0.0421875 0.015625
2 0.2515625 0.43359375 0.028125 0.015625
2 0.23203125000000002 0.4296875 0.0234375 0.015625
2 0.16562500000000002 0.44921875 0.046875 0.03515625
0 0.7765625 0.552734375 0.059375000000000004 0.1796875
8 0.05078125 0.546875 0.0203125 0.07421875
