9 0.46484375 0.421875 0.010937500000000001 0.01171875
9 0.40859375000000003 0.4052734375 0.0078125 0.005859375
9 0.41171875 0.412109375 0.004687500000000001 0.0078125
9 0.48125 0.4462890625 0.009375000000000001 0.005859375
2 0.16796875 0.4765625 0.0921875 0.0703125
2 0.25390625 0.458984375 0.0484375 0.04296875
2 0.3328125 0.4521484375 0.028125 0.025390625
2 0.3640625 0.4443359375 0.015625 0.013671875
2 0.46015625000000004 0.44921875 0.026562500000000003 0.02734375
2 0.44140625 0.4423828125 0.0171875 0.017578125
