7 0.7054687500000001 0.3681640625 0.0171875 0.060546875
7 0.6976562500000001 0.4326171875 0.0203125 0.021484375
7 0.03359375 0.361328125 0.0171875 0.05859375
7 0.037500000000000006 0.421875 0.015625 0.01953125
7 0.38671875 0.4482421875 0.004687500000000001 0.017578125
7 0.5867187500000001 0.455078125 0.004687500000000001 0.015625
9 0.7054687500000001 0.4091796875 0.0421875 0.017578125
9 0.03828125 0.40234375 0.045312500000000006 0.01953125
0 0.9343750000000001 0.51171875 0.025 0.09765625
0 0.915625 0.5185546875 0.028125 0.091796875
0 0.6312500000000001 0.490234375 0.009375000000000001 0.0234375
0 0.6453125000000001 0.4912109375 0.0125 0.021484375
0 0.7234375000000001 0.4921875 0.009375000000000001 0.02734375
0 0.00625 0.5205078125 0.0125 0.119140625
0 0.31328125 0.5185546875 0.0484375 0.103515625
0 0.371875 0.482421875 0.009375000000000001 0.01953125
0 0.33671875 0.48046875 0.010937500000000001 0.01953125
0 0.3953125 0.486328125 0.009375000000000001 0.01953125
0 0.421875 0.4873046875 0.00625 0.021484375
0 0.41640625000000003 0.48828125 0.004687500000000001 0.01953125
0 0.6664062500000001 0.4912109375 0.0078125 0.013671875
0 0.43281250000000004 0.4873046875 0.00625 0.013671875
0 0.703125 0.486328125 0.0125 0.02734375
2 0.55703125 0.498046875 0.029687500000000002 0.03125
2 0.5171875 0.49609375 0.018750000000000003 0.0234375
2 0.5320312500000001 0.4951171875 0.0171875 0.021484375
8 0.5828125000000001 0.5048828125 0.00625 0.017578125
1 0.15625 0.515625 0.025 0.03515625
