7 0.7890625 0.333984375 0.025 0.03125
7 0.7757812500000001 0.2490234375 0.026562500000000003 0.076171875
7 0.46796875000000004 0.3466796875 0.0203125 0.021484375
7 0.47187500000000004 0.2802734375 0.015625 0.064453125
9 0.84140625 0.314453125 0.0578125 0.015625
9 0.7835937500000001 0.302734375 0.0328125 0.01953125
9 0.40156250000000004 0.365234375 0.015625 0.0234375
0 0.97421875 0.4951171875 0.0484375 0.416015625
0 0.8812500000000001 0.474609375 0.06875 0.2265625
0 0.8226562500000001 0.46875 0.06406250000000001 0.23828125
0 0.66171875 0.4501953125 0.045312500000000006 0.126953125
0 0.6203125 0.447265625 0.037500000000000006 0.125
0 0.43828125 0.4482421875 0.0234375 0.099609375
2 0.36875 0.4560546875 0.053125000000000006 0.052734375
2 0.29531250000000003 0.447265625 0.018750000000000003 0.015625
2 0.025 0.4541015625 0.05 0.068359375
2 0.31875000000000003 0.44921875 0.00625 0.0078125
2 0.32343750000000004 0.447265625 0.00625 0.0078125
2 0.3296875 0.4482421875 0.00625 0.005859375
8 0.44609375 0.4697265625 0.0140625 0.056640625
