0 0.40078125000000003 0.4677734375 0.0140625 0.052734375
1 0.45390625 0.5439453125 0.0421875 0.111328125
2 0.878125 0.7421875 0.240625 0.3515625
2 0.08750000000000001 0.5703125 0.17500000000000002 0.2109375
2 0.20703125 0.54296875 0.09843750000000001 0.12109375
2 0.259375 0.5166015625 0.08750000000000001 0.091796875
2 0.30390625000000004 0.5 0.0703125 0.07421875
2 0.33906250000000004 0.4736328125 0.078125 0.083984375
2 0.38203125000000004 0.4609375 0.026562500000000003 0.0390625
2 0.4140625 0.4580078125 0.021875000000000002 0.033203125
2 0.42812500000000003 0.4541015625 0.025 0.033203125
2 0.43671875000000004 0.4453125 0.0203125 0.0234375
2 0.44609375 0.439453125 0.0203125 0.01953125
2 0.47109375000000003 0.44140625 0.026562500000000003 0.0234375
2 0.48515625 0.4365234375 0.0140625 0.021484375
2 0.49453125000000003 0.4345703125 0.0078125 0.013671875
2 0.503125 0.43359375 0.009375000000000001 0.01171875
2 0.5109375 0.4326171875 0.00625 0.013671875
2 0.2078125 0.4560546875 0.05625 0.037109375
2 0.14921875 0.4482421875 0.0578125 0.037109375
2 0.54921875 0.4443359375 0.029687500000000002 0.025390625
2 0.553125 0.4501953125 0.028125 0.029296875
2 0.58828125 0.4873046875 0.0390625 0.083984375
2 0.5890625 0.49609375 0.028125 0.08203125
2 0.609375 0.4990234375 0.053125000000000006 0.107421875
2 0.67109375 0.5224609375 0.1296875 0.154296875
2 0.27421875 0.4462890625 0.0546875 0.037109375
0 0.45625000000000004 0.5185546875 0.037500000000000006 0.146484375
0 0.55390625 0.5146484375 0.045312500000000006 0.154296875
15 0.55234375 0.5927734375 0.0171875 0.021484375
15 0.8046875 0.5576171875 0.246875 0.267578125
