4 0.8234375 0.4248046875 0.2625 0.115234375
4 0.5140625 0.44921875 0.05625 0.08203125
4 0.4296875 0.455078125 0.09375 0.0390625
0 0.1375 0.4951171875 0.018750000000000003 0.056640625
0 0.1203125 0.494140625 0.015625 0.0546875
0 0.6726562500000001 0.4677734375 0.029687500000000002 0.099609375
0 0.6898437500000001 0.4658203125 0.0234375 0.091796875
0 0.6484375 0.46875 0.028125 0.08984375
0 0.5484375 0.4599609375 0.009375000000000001 0.041015625
0 0.55625 0.4580078125 0.009375000000000001 0.041015625
0 0.6234375000000001 0.451171875 0.0125 0.04296875
0 0.61328125 0.45703125 0.010937500000000001 0.0390625
0 0.596875 0.4609375 0.015625 0.05078125
0 0.571875 0.4580078125 0.009375000000000001 0.044921875
0 0.5789062500000001 0.458984375 0.0140625 0.04296875
0 0.5875 0.4580078125 0.0125 0.041015625
0 0.37812500000000004 0.466796875 0.0125 0.03125
0 0.371875 0.4658203125 0.00625 0.021484375
2 0.95234375 0.4892578125 0.0921875 0.115234375
2 0.909375 0.4501953125 0.178125 0.134765625
2 0.8523437500000001 0.4443359375 0.1390625 0.107421875
2 0.7734375 0.4462890625 0.12187500000000001 0.083984375
2 0.47421875 0.462890625 0.0234375 0.02734375
2 0.44375000000000003 0.46875 0.037500000000000006 0.03515625
2 0.41796875 0.4638671875 0.0203125 0.021484375
8 0.34140625 0.4794921875 0.004687500000000001 0.017578125
