9 0.6039062500000001 0.396484375 0.0171875 0.01953125
9 0.60546875 0.4130859375 0.0140625 0.005859375
9 0.6296875000000001 0.4013671875 0.0125 0.021484375
0 0.7296875 0.462890625 0.018750000000000003 0.0625
0 0.70234375 0.4208984375 0.010937500000000001 0.025390625
0 0.013281250000000001 0.4970703125 0.026562500000000003 0.095703125
1 0.7671875 0.5400390625 0.040625 0.087890625
1 0.7203125 0.5419921875 0.040625 0.083984375
1 0.65 0.5087890625 0.028125 0.060546875
1 0.728125 0.462890625 0.037500000000000006 0.03125
1 0.596875 0.5078125 0.034375 0.0625
1 0.1375 0.56640625 0.046875 0.10546875
2 0.71015625 0.455078125 0.07968750000000001 0.04296875
2 0.75703125 0.4345703125 0.0390625 0.041015625
2 0.625 0.4267578125 0.0125 0.017578125
2 0.64453125 0.42578125 0.0078125 0.015625
2 0.340625 0.4638671875 0.1 0.044921875
2 0.2484375 0.44140625 0.028125 0.01953125
2 0.16875 0.4443359375 0.03125 0.021484375
0 0.596875 0.4794921875 0.034375 0.083984375
0 0.14296875 0.5283203125 0.0578125 0.123046875
