7 0.3375 0.4189453125 0.00625 0.021484375
7 0.39921875 0.3759765625 0.0078125 0.021484375
7 0.40625 0.392578125 0.00625 0.01953125
9 0.46328125000000003 0.419921875 0.0078125 0.0234375
9 0.9921875 0.3369140625 0.0125 0.048828125
9 0.98828125 0.2783203125 0.0203125 0.052734375
0 0.14921875 0.4814453125 0.0234375 0.083984375
0 0.2390625 0.466796875 0.0125 0.046875
0 0.5476562500000001 0.4677734375 0.0140625 0.048828125
1 0.27421875 0.4853515625 0.0203125 0.044921875
1 0.33671875 0.4892578125 0.0171875 0.041015625
1 0.46171875 0.490234375 0.0234375 0.05078125
1 0.5 0.4912109375 0.025 0.048828125
1 0.08281250000000001 0.5380859375 0.05625 0.111328125
1 0.6335937500000001 0.486328125 0.029687500000000002 0.046875
1 0.67109375 0.541015625 0.0546875 0.109375
1 0.8773437500000001 0.603515625 0.11406250000000001 0.19140625
2 0.42031250000000003 0.4658203125 0.021875000000000002 0.021484375
2 0.58359375 0.4853515625 0.0703125 0.072265625
2 0.7578125 0.505859375 0.13125 0.1328125
2 0.9015625 0.546875 0.19375 0.20703125
0 0.3375 0.4697265625 0.018750000000000003 0.060546875
0 0.4609375 0.4716796875 0.025 0.076171875
0 0.5 0.46875 0.028125 0.08984375
0 0.08281250000000001 0.4892578125 0.053125000000000006 0.169921875
0 0.671875 0.498046875 0.05625 0.16796875
0 0.875 0.5322265625 0.10625000000000001 0.259765625
9 0.7976562500000001 0.3388671875 0.026562500000000003 0.033203125
9 0.79609375 0.3779296875 0.0203125 0.037109375
