7 0.32578125 0.421875 0.0078125 0.01953125
7 0.30390625000000004 0.419921875 0.0078125 0.0234375
7 0.6062500000000001 0.4072265625 0.00625 0.021484375
7 0.6265625 0.4052734375 0.009375000000000001 0.025390625
9 0.6664062500000001 0.373046875 0.0234375 0.0390625
9 0.53671875 0.44140625 0.004687500000000001 0.0078125
0 0.8203125 0.4794921875 0.03125 0.111328125
0 0.5625 0.474609375 0.018750000000000003 0.06640625
0 0.42109375000000004 0.4755859375 0.0203125 0.041015625
0 0.41250000000000003 0.474609375 0.009375000000000001 0.0390625
2 0.9304687500000001 0.5263671875 0.13593750000000002 0.251953125
2 0.690625 0.4873046875 0.140625 0.123046875
2 0.59375 0.4814453125 0.08125 0.060546875
2 0.5015625 0.474609375 0.037500000000000006 0.0390625
2 0.38671875 0.4755859375 0.045312500000000006 0.029296875
2 0.43281250000000004 0.4716796875 0.021875000000000002 0.029296875
2 0.45859375 0.4716796875 0.0171875 0.013671875
2 0.46953125 0.4677734375 0.010937500000000001 0.009765625
