7 0.7992187500000001 0.177734375 0.026562500000000003 0.078125
7 0.10234375000000001 0.3466796875 0.0171875 0.056640625
7 0.09843750000000001 0.41796875 0.018750000000000003 0.0234375
9 0.8835937500000001 0.419921875 0.0140625 0.0234375
9 0.1078125 0.390625 0.040625 0.01953125
0 0.98359375 0.513671875 0.029687500000000002 0.1171875
0 0.20234375000000002 0.482421875 0.0140625 0.05859375
0 0.22812500000000002 0.48828125 0.015625 0.05078125
0 0.23671875 0.484375 0.0140625 0.05078125
0 0.25234375000000003 0.4814453125 0.0140625 0.052734375
2 0.35859375000000004 0.5146484375 0.1015625 0.076171875
9 0.659375 0.4658203125 0.025 0.005859375
9 0.69296875 0.4716796875 0.0078125 0.009765625
9 0.47578125000000004 0.4794921875 0.0078125 0.009765625
9 0.846875 0.44921875 0.018750000000000003 0.0234375
