9 0.6976562500000001 0.3671875 0.0171875 0.03515625
9 0.8757812500000001 0.28125 0.08281250000000001 0.0703125
0 0.013281250000000001 0.435546875 0.0234375 0.05078125
0 0.037500000000000006 0.4580078125 0.025 0.095703125
0 0.065625 0.4541015625 0.028125 0.099609375
0 0.48984375 0.4501953125 0.0078125 0.021484375
1 0.014843750000000001 0.4765625 0.029687500000000002 0.06640625
1 0.16171875000000002 0.4912109375 0.0484375 0.056640625
1 0.22578125000000002 0.4921875 0.035937500000000004 0.046875
1 0.26640625 0.4873046875 0.0328125 0.037109375
1 0.30000000000000004 0.47265625 0.025 0.0390625
1 0.42578125 0.4697265625 0.0140625 0.033203125
1 0.45078125 0.4716796875 0.0140625 0.037109375
1 0.6804687500000001 0.5029296875 0.0203125 0.060546875
1 0.7234375000000001 0.5078125 0.034375 0.0703125
1 0.9765625 0.6806640625 0.043750000000000004 0.130859375
2 0.33828125000000003 0.4560546875 0.060937500000000006 0.064453125
2 0.38046875 0.4619140625 0.026562500000000003 0.044921875
2 0.39921875 0.4580078125 0.0203125 0.037109375
2 0.4078125 0.455078125 0.028125 0.0390625
2 0.42890625000000004 0.4560546875 0.0203125 0.025390625
2 0.4390625 0.455078125 0.009375000000000001 0.0234375
2 0.57265625 0.4677734375 0.0390625 0.041015625
0 0.4265625 0.45703125 0.0125 0.046875
0 0.45078125 0.4541015625 0.0140625 0.044921875
