4 0.25078125 0.4658203125 0.3296875 0.158203125
0 0.5109375 0.474609375 0.0125 0.05078125
0 0.52734375 0.4755859375 0.0171875 0.060546875
0 0.6734375 0.44140625 0.00625 0.02734375
0 0.8382812500000001 0.47265625 0.010937500000000001 0.046875
0 0.8640625000000001 0.4755859375 0.0125 0.048828125
1 0.04296875 0.6123046875 0.08281250000000001 0.123046875
1 0.1078125 0.62109375 0.08750000000000001 0.1328125
1 0.29921875000000003 0.5478515625 0.0546875 0.080078125
1 0.3484375 0.5498046875 0.053125000000000006 0.083984375
1 0.4078125 0.5859375 0.053125000000000006 0.09375
2 0.59921875 0.4560546875 0.029687500000000002 0.025390625
2 0.54609375 0.4599609375 0.0546875 0.044921875
2 0.734375 0.4443359375 0.025 0.029296875
0 0.41328125000000004 0.54296875 0.0484375 0.125
8 0.56640625 0.48828125 0.0078125 0.02734375
1 0.5359375000000001 0.4921875 0.018750000000000003 0.02734375
