9 0.8546875 0.4443359375 0.018750000000000003 0.021484375
9 0.48203125 0.4375 0.0203125 0.0078125
9 0.51796875 0.439453125 0.0140625 0.0078125
6 0.5789062500000001 0.4765625 0.0421875 0.05078125
2 0.321875 0.498046875 0.018750000000000003 0.02734375
2 0.33671875 0.501953125 0.0171875 0.02734375
2 0.41015625 0.484375 0.0140625 0.015625
2 0.41718750000000004 0.4794921875 0.0125 0.017578125
2 0.47500000000000003 0.4736328125 0.009375000000000001 0.009765625
2 0.49375 0.4755859375 0.0125 0.013671875
2 0.52109375 0.482421875 0.0140625 0.015625
2 0.53515625 0.4814453125 0.0140625 0.021484375
2 0.5085937500000001 0.490234375 0.0203125 0.0234375
2 0.48281250000000003 0.501953125 0.037500000000000006 0.0390625
2 0.46328125000000003 0.5361328125 0.0859375 0.083984375
2 0.58203125 0.50390625 0.0234375 0.03515625
2 0.67109375 0.51953125 0.0671875 0.0625
2 0.8718750000000001 0.5673828125 0.171875 0.123046875
2 0.61484375 0.5 0.0484375 0.06640625
2 0.48828125 0.4677734375 0.0078125 0.009765625
