7 0.3953125 0.3662109375 0.00625 0.017578125
7 0.35781250000000003 0.3720703125 0.00625 0.017578125
7 0.46171875 0.3857421875 0.004687500000000001 0.013671875
7 0.51171875 0.421875 0.004687500000000001 0.01171875
0 0.078125 0.4560546875 0.015625 0.056640625
0 0.26406250000000003 0.4462890625 0.00625 0.021484375
0 0.27187500000000003 0.4462890625 0.00625 0.017578125
0 0.2859375 0.4462890625 0.00625 0.021484375
0 0.28046875 0.447265625 0.004687500000000001 0.015625
2 0.33828125000000003 0.447265625 0.035937500000000004 0.0390625
2 0.46015625000000004 0.443359375 0.010937500000000001 0.01171875
