7 0.34375 0.4306640625 0.003125 0.009765625
7 0.3796875 0.447265625 0.003125 0.0078125
9 0.3640625 0.435546875 0.009375000000000001 0.00390625
3 0.42109375000000004 0.4833984375 0.035937500000000004 0.052734375
2 0.0390625 0.453125 0.06875 0.06640625
2 0.1484375 0.4541015625 0.034375 0.029296875
2 0.22578125000000002 0.4541015625 0.0234375 0.025390625
2 0.35781250000000003 0.46875 0.015625 0.015625
2 0.3875 0.4677734375 0.025 0.025390625
2 0.33046875000000003 0.4677734375 0.035937500000000004 0.044921875
2 0.42031250000000003 0.4658203125 0.043750000000000004 0.048828125
2 0.30390625000000004 0.48046875 0.0671875 0.05859375
0 0.421875 0.462890625 0.025 0.0546875
