7 0.13515625 0.3857421875 0.010937500000000001 0.037109375
7 0.8265625000000001 0.3583984375 0.0125 0.044921875
9 0.553125 0.41796875 0.018750000000000003 0.02734375
9 0.9750000000000001 0.3017578125 0.046875 0.111328125
0 0.03125 0.48046875 0.021875000000000002 0.0703125
0 0.7312500000000001 0.4658203125 0.015625 0.064453125
0 0.7757812500000001 0.4697265625 0.0203125 0.080078125
0 0.7585937500000001 0.46484375 0.026562500000000003 0.09375
0 0.9265625000000001 0.4736328125 0.037500000000000006 0.138671875
0 0.9578125000000001 0.4736328125 0.034375 0.138671875
0 0.89609375 0.486328125 0.0390625 0.1796875
0 0.1765625 0.470703125 0.015625 0.04296875
0 0.19453125000000002 0.4609375 0.010937500000000001 0.03125
0 0.5632812500000001 0.462890625 0.010937500000000001 0.02734375
1 0.2703125 0.4921875 0.018750000000000003 0.0390625
1 0.25078125 0.4990234375 0.029687500000000002 0.037109375
1 0.21328125 0.4990234375 0.035937500000000004 0.037109375
2 0.371875 0.48046875 0.028125 0.046875
2 0.32656250000000003 0.4775390625 0.06875 0.076171875
2 0.46484375 0.5244140625 0.2171875 0.208984375
0 0.27109375 0.474609375 0.0171875 0.05859375
0 0.25078125 0.4716796875 0.026562500000000003 0.068359375
0 0.21328125 0.48046875 0.026562500000000003 0.06640625
