4 0.8421875000000001 0.3896484375 0.3125 0.369140625
0 0.6039062500000001 0.439453125 0.010937500000000001 0.0390625
0 0.41484375 0.4228515625 0.0203125 0.056640625
0 0.24375000000000002 0.408203125 0.009375000000000001 0.03125
0 0.1765625 0.408203125 0.015625 0.0625
0 0.2265625 0.4140625 0.015625 0.05078125
0 0.19296875000000002 0.4072265625 0.0171875 0.060546875
0 0.496875 0.4326171875 0.00625 0.017578125
0 0.5046875000000001 0.4326171875 0.00625 0.017578125
0 0.1078125 0.4326171875 0.028125 0.119140625
0 0.08281250000000001 0.4228515625 0.034375 0.126953125
0 0.025 0.4208984375 0.028125 0.115234375
0 0.00859375 0.44140625 0.0171875 0.15625
2 0.4546875 0.4326171875 0.037500000000000006 0.037109375
2 0.4296875 0.427734375 0.021875000000000002 0.03125
2 0.35468750000000004 0.4228515625 0.025 0.025390625
2 0.36328125 0.4189453125 0.0203125 0.025390625
2 0.31484375000000003 0.4189453125 0.0203125 0.025390625
2 0.28750000000000003 0.4228515625 0.043750000000000004 0.041015625
2 0.32656250000000003 0.41796875 0.009375000000000001 0.0234375
