4 0.3828125 0.4423828125 0.021875000000000002 0.025390625
0 0.31484375000000003 0.470703125 0.0171875 0.04296875
0 0.49453125000000003 0.4521484375 0.0078125 0.029296875
0 0.5164062500000001 0.4609375 0.0078125 0.03125
0 0.946875 0.4462890625 0.021875000000000002 0.083984375
0 0.9304687500000001 0.423828125 0.010937500000000001 0.02734375
2 0.70078125 0.5166015625 0.18281250000000002 0.158203125
2 0.625 0.48046875 0.12812500000000002 0.14453125
2 0.2703125 0.4794921875 0.05625 0.048828125
2 0.4734375 0.453125 0.018750000000000003 0.0234375
2 0.371875 0.4541015625 0.018750000000000003 0.017578125
2 0.43515625 0.4423828125 0.0140625 0.013671875
2 0.40390625 0.443359375 0.010937500000000001 0.01171875
2 0.45078125 0.4453125 0.0140625 0.015625
15 0.11171875 0.4267578125 0.19843750000000002 0.228515625
