7 0.8640625000000001 0.2158203125 0.025 0.095703125
7 0.859375 0.328125 0.03125 0.0390625
7 0.51015625 0.01171875 0.0421875 0.0234375
0 0.28515625 0.4716796875 0.0171875 0.044921875
0 0.51328125 0.4716796875 0.0078125 0.025390625
0 0.6125 0.47265625 0.0125 0.04296875
0 0.59375 0.4755859375 0.009375000000000001 0.041015625
0 0.5 0.4716796875 0.009375000000000001 0.029296875
0 0.71484375 0.48828125 0.0390625 0.05859375
0 0.7234375000000001 0.4853515625 0.018750000000000003 0.056640625
1 0.7601562500000001 0.5048828125 0.035937500000000004 0.080078125
2 0.18046875 0.494140625 0.1203125 0.11328125
2 0.25859375 0.4921875 0.051562500000000004 0.078125
2 0.4140625 0.4765625 0.046875 0.0390625
2 0.37734375000000003 0.4794921875 0.0234375 0.021484375
