7 0.09140625000000001 0.4345703125 0.0078125 0.029296875
7 0.1859375 0.3544921875 0.009375000000000001 0.029296875
7 0.20546875 0.3701171875 0.0078125 0.025390625
7 0.22890625 0.44140625 0.0078125 0.0234375
7 0.31484375000000003 0.443359375 0.0078125 0.02734375
7 0.3375 0.3349609375 0.018750000000000003 0.060546875
7 0.77265625 0.41796875 0.0171875 0.05859375
7 0.6531250000000001 0.384765625 0.009375000000000001 0.02734375
7 0.8796875000000001 0.3466796875 0.009375000000000001 0.033203125
7 0.9007812500000001 0.3369140625 0.0078125 0.029296875
7 0.2546875 0.408203125 0.0125 0.0390625
9 0.6179687500000001 0.4609375 0.0078125 0.01171875
9 0.47421875 0.4599609375 0.0078125 0.013671875
0 0.7609375 0.521484375 0.018750000000000003 0.05859375
2 0.5078125 0.478515625 0.018750000000000003 0.015625
2 0.5109375 0.46875 0.009375000000000001 0.0078125
