7 0.27578125000000003 0.3173828125 0.0078125 0.025390625
7 0.28750000000000003 0.3876953125 0.00625 0.021484375
7 0.36328125 0.3681640625 0.0140625 0.044921875
7 0.48750000000000004 0.283203125 0.015625 0.04296875
7 0.42265625 0.3984375 0.0078125 0.0234375
7 0.5085937500000001 0.345703125 0.0078125 0.0234375
7 0.5859375 0.40625 0.00625 0.0234375
7 0.6171875 0.37890625 0.009375000000000001 0.03515625
0 0.18828125 0.4560546875 0.0203125 0.072265625
0 0.21796875000000002 0.4580078125 0.0203125 0.064453125
0 0.4 0.474609375 0.021875000000000002 0.0703125
0 0.434375 0.4716796875 0.025 0.080078125
0 0.46015625000000004 0.4609375 0.0078125 0.03515625
0 0.47109375000000003 0.4609375 0.0140625 0.0390625
0 0.48515625 0.4619140625 0.0078125 0.037109375
0 0.6234375000000001 0.4658203125 0.0125 0.037109375
0 0.61875 0.462890625 0.009375000000000001 0.0390625
0 0.609375 0.4638671875 0.00625 0.037109375
0 0.6023437500000001 0.458984375 0.0078125 0.02734375
0 0.8921875 0.5087890625 0.037500000000000006 0.126953125
0 0.86484375 0.5087890625 0.0390625 0.130859375
0 0.8125 0.4931640625 0.018750000000000003 0.087890625
0 0.7937500000000001 0.4814453125 0.018750000000000003 0.095703125
0 0.7625000000000001 0.4931640625 0.018750000000000003 0.080078125
0 0.7429687500000001 0.4794921875 0.0203125 0.056640625
0 0.6921875000000001 0.4765625 0.009375000000000001 0.03515625
0 0.68125 0.4716796875 0.0125 0.025390625
1 0.035937500000000004 0.5068359375 0.059375000000000004 0.107421875
1 0.08750000000000001 0.5146484375 0.0625 0.103515625
1 0.1484375 0.486328125 0.043750000000000004 0.078125
1 0.178125 0.5 0.053125000000000006 0.078125
1 0.49453125000000003 0.4677734375 0.0078125 0.017578125
1 0.6921875000000001 0.5283203125 0.05625 0.083984375
1 0.7453125 0.53125 0.0625 0.08984375
1 0.796875 0.546875 0.0625 0.1015625
1 0.83515625 0.5556640625 0.0671875 0.107421875
1 0.6453125000000001 0.494140625 0.040625 0.06640625
2 0.55078125 0.470703125 0.1078125 0.05078125
0 0.49531250000000004 0.4609375 0.009375000000000001 0.0234375
