7 0.9539062500000001 0.3916015625 0.0203125 0.021484375
7 0.9164062500000001 0.34375 0.0140625 0.0625
7 0.59140625 0.3681640625 0.010937500000000001 0.033203125
7 0.09921875000000001 0.37890625 0.0171875 0.04296875
9 0.9609375 0.3662109375 0.040625 0.013671875
9 0.584375 0.4130859375 0.021875000000000002 0.037109375
9 0.26171875 0.4248046875 0.0140625 0.021484375
0 0.86484375 0.4775390625 0.0390625 0.142578125
0 0.88046875 0.474609375 0.026562500000000003 0.11328125
0 0.921875 0.486328125 0.037500000000000006 0.16015625
0 0.9390625 0.4873046875 0.03125 0.138671875
0 0.77109375 0.4833984375 0.029687500000000002 0.052734375
0 0.72421875 0.4716796875 0.0234375 0.083984375
0 0.74375 0.4638671875 0.025 0.080078125
0 0.27578125000000003 0.4912109375 0.0140625 0.048828125
2 0.4421875 0.486328125 0.115625 0.12890625
2 0.37031250000000004 0.4853515625 0.034375 0.048828125
2 0.32734375000000004 0.4931640625 0.0703125 0.056640625
2 0.16718750000000002 0.5087890625 0.203125 0.181640625
8 0.56953125 0.49609375 0.0140625 0.03515625
