9 0.9789062500000001 0.47265625 0.0140625 0.0078125
0 0.51171875 0.46484375 0.0078125 0.03125
2 0.0578125 0.46484375 0.0625 0.0390625
2 0.11796875000000001 0.4638671875 0.1015625 0.052734375
2 0.45937500000000003 0.4951171875 0.084375 0.080078125
2 0.64375 0.4580078125 0.053125000000000006 0.033203125
2 0.6828125 0.4638671875 0.03125 0.021484375
2 0.8210937500000001 0.4677734375 0.045312500000000006 0.025390625
2 0.8296875 0.4541015625 0.046875 0.021484375
2 0.7289062500000001 0.470703125 0.035937500000000004 0.0234375
2 0.74765625 0.458984375 0.0203125 0.01953125
2 0.9890625000000001 0.498046875 0.018750000000000003 0.02734375
8 0.096875 0.4892578125 0.015625 0.044921875
