7 0.7679687500000001 0.1435546875 0.0203125 0.044921875
9 0.49453125000000003 0.431640625 0.0078125 0.01171875
0 0.67734375 0.4619140625 0.0203125 0.072265625
1 0.35000000000000003 0.4794921875 0.015625 0.037109375
2 0.178125 0.490234375 0.246875 0.234375
2 0.31171875000000004 0.4736328125 0.0328125 0.056640625
2 0.34375 0.474609375 0.03125 0.03125
2 0.3640625 0.46875 0.025 0.03125
2 0.38203125000000004 0.4658203125 0.0234375 0.025390625
2 0.41875 0.462890625 0.025 0.01953125
2 0.46875 0.4580078125 0.015625 0.017578125
2 0.47890625000000003 0.466796875 0.0140625 0.0234375
2 0.49765625 0.474609375 0.026562500000000003 0.0390625
2 0.53828125 0.46875 0.0765625 0.08984375
2 0.5632812500000001 0.484375 0.0859375 0.08203125
0 0.35078125000000004 0.462890625 0.0171875 0.046875
8 0.7453125 0.494140625 0.021875000000000002 0.0703125
