7 0.02421875 0.3623046875 0.0140625 0.048828125
7 0.7289062500000001 0.23046875 0.0140625 0.06640625
7 0.9500000000000001 0.33203125 0.018750000000000003 0.08203125
9 0.40156250000000004 0.408203125 0.009375000000000001 0.00390625
9 0.40156250000000004 0.396484375 0.015625 0.01953125
9 0.6375000000000001 0.3935546875 0.0125 0.017578125
9 0.63828125 0.4052734375 0.0078125 0.005859375
9 0.8406250000000001 0.3984375 0.00625 0.015625
9 0.940625 0.2724609375 0.034375 0.013671875
2 0.24765625000000002 0.4794921875 0.0859375 0.076171875
8 0.06406250000000001 0.490234375 0.009375000000000001 0.03515625
