7 0.890625 0.359375 0.025 0.02734375
7 0.8875000000000001 0.271484375 0.025 0.0859375
7 0.18046875 0.3291015625 0.0203125 0.029296875
7 0.18671875000000002 0.2451171875 0.029687500000000002 0.087890625
9 0.7273437500000001 0.4013671875 0.010937500000000001 0.021484375
9 0.91171875 0.3359375 0.0671875 0.01953125
0 0.05234375 0.4443359375 0.0234375 0.130859375
0 0.03515625 0.4375 0.035937500000000004 0.1484375
0 0.28515625 0.455078125 0.0234375 0.06640625
0 0.33046875000000003 0.4599609375 0.029687500000000002 0.126953125
0 0.35625 0.45703125 0.05 0.13671875
0 0.578125 0.4619140625 0.046875 0.142578125
0 0.21796875000000002 0.4462890625 0.0078125 0.037109375
0 0.22812500000000002 0.447265625 0.009375000000000001 0.03125
2 0.32265625000000003 0.4697265625 0.0546875 0.072265625
2 0.37343750000000003 0.4580078125 0.025 0.060546875
2 0.39140625 0.4638671875 0.026562500000000003 0.041015625
2 0.40468750000000003 0.45703125 0.028125 0.03515625
2 0.46953125 0.4609375 0.0328125 0.03125
2 0.5171875 0.4638671875 0.018750000000000003 0.029296875
2 0.53125 0.466796875 0.018750000000000003 0.03515625
2 0.55625 0.4560546875 0.040625 0.064453125
2 0.62109375 0.4794921875 0.051562500000000004 0.060546875
2 0.6898437500000001 0.47265625 0.1046875 0.10546875
0 0.009375000000000001 0.4453125 0.018750000000000003 0.13671875
0 0.12265625000000001 0.431640625 0.026562500000000003 0.0625
1 0.1203125 0.4521484375 0.053125000000000006 0.041015625
1 0.1546875 0.455078125 0.034375 0.03125
