7 0.7125 0.27734375 0.046875 0.0546875
7 0.6765625000000001 0.2919921875 0.018750000000000003 0.048828125
7 0.32265625000000003 0.0546875 0.0421875 0.05859375
7 0.10546875 0.05859375 0.0390625 0.05859375
7 0.32656250000000003 0.40625 0.00625 0.015625
7 0.28671875 0.4287109375 0.0078125 0.021484375
9 0.39921875 0.0654296875 0.0328125 0.064453125
9 0.1703125 0.072265625 0.034375 0.0625
0 0.25859375 0.4990234375 0.051562500000000004 0.123046875
2 0.48750000000000004 0.5537109375 0.390625 0.388671875
2 0.018750000000000003 0.4931640625 0.037500000000000006 0.072265625
2 0.06640625 0.4951171875 0.09843750000000001 0.072265625
2 0.1296875 0.4931640625 0.05625 0.056640625
2 0.16796875 0.4892578125 0.0421875 0.052734375
15 0.23125 0.46875 0.10312500000000001 0.1015625
