1 0.16953125000000002 0.52734375 0.0421875 0.08984375
1 0.1953125 0.5380859375 0.053125000000000006 0.107421875
1 0.2671875 0.5087890625 0.040625 0.076171875
1 0.40546875000000004 0.5517578125 0.1234375 0.134765625
1 0.8367187500000001 0.578125 0.18281250000000002 0.12109375
2 0.49609375 0.4775390625 0.026562500000000003 0.041015625
2 0.5085937500000001 0.4814453125 0.026562500000000003 0.048828125
2 0.5484375 0.4814453125 0.078125 0.080078125
2 0.35000000000000003 0.478515625 0.043750000000000004 0.046875
2 0.309375 0.4765625 0.037500000000000006 0.03515625
2 0.18203125 0.48046875 0.0859375 0.08203125
2 0.040625 0.5078125 0.08125 0.125
0 0.265625 0.474609375 0.043750000000000004 0.1171875
0 0.16796875 0.4833984375 0.0390625 0.107421875
0 0.19687500000000002 0.5029296875 0.046875 0.150390625
0 0.40703125 0.5009765625 0.08281250000000001 0.181640625
0 0.8382812500000001 0.5244140625 0.0921875 0.169921875
7 0.6156250000000001 0.3291015625 0.015625 0.048828125
