7 0.69140625 0.4833984375 0.0078125 0.029296875
9 0.95078125 0.4638671875 0.051562500000000004 0.029296875
9 0.95234375 0.4404296875 0.051562500000000004 0.029296875
0 0.6765625000000001 0.556640625 0.009375000000000001 0.046875
0 0.48750000000000004 0.578125 0.021875000000000002 0.09765625
0 0.48515625 0.583984375 0.0234375 0.078125
0 0.6023437500000001 0.552734375 0.0078125 0.03515625
1 0.6953125 0.57421875 0.018750000000000003 0.03515625
3 0.38984375000000004 0.81640625 0.1640625 0.36328125
2 0.14140625 0.76171875 0.2828125 0.3671875
0 0.39140625 0.75 0.15156250000000002 0.390625
0 0.69453125 0.5556640625 0.0171875 0.044921875
