9 0.7664062500000001 0.396484375 0.0140625 0.03125
9 0.7132812500000001 0.3779296875 0.010937500000000001 0.021484375
9 0.04296875 0.359375 0.035937500000000004 0.046875
9 0.041406250000000006 0.4052734375 0.029687500000000002 0.025390625
0 0.96875 0.52734375 0.025 0.09375
0 0.9382812500000001 0.4892578125 0.029687500000000002 0.107421875
0 0.89453125 0.5029296875 0.029687500000000002 0.099609375
0 0.7546875000000001 0.4755859375 0.015625 0.044921875
0 0.74609375 0.478515625 0.0140625 0.04296875
0 0.49453125000000003 0.439453125 0.010937500000000001 0.0234375
0 0.27187500000000003 0.552734375 0.06875 0.1796875
1 0.6984375 0.5107421875 0.028125 0.091796875
1 0.7390625000000001 0.5224609375 0.05625 0.056640625
1 0.734375 0.509765625 0.0625 0.046875
1 0.6882812500000001 0.4755859375 0.0484375 0.041015625
1 0.50703125 0.45703125 0.0078125 0.0234375
1 0.11796875000000001 0.515625 0.0578125 0.0546875
1 0.049218750000000006 0.5263671875 0.0734375 0.064453125
3 0.6335937500000001 0.5068359375 0.0859375 0.076171875
2 0.6000000000000001 0.486328125 0.078125 0.08203125
2 0.56015625 0.4765625 0.0328125 0.0546875
2 0.5515625000000001 0.46484375 0.034375 0.0390625
2 0.5242187500000001 0.4462890625 0.026562500000000003 0.033203125
2 0.4578125 0.4580078125 0.040625 0.041015625
2 0.47500000000000003 0.44140625 0.015625 0.01953125
2 0.44296875 0.4423828125 0.0140625 0.017578125
2 0.41875 0.4423828125 0.021875000000000002 0.017578125
2 0.4 0.4560546875 0.037500000000000006 0.037109375
0 0.50703125 0.44921875 0.0078125 0.03125
0 0.30390625000000004 0.4765625 0.0203125 0.0546875
8 0.36953125000000003 0.4580078125 0.0078125 0.017578125
1 0.30312500000000003 0.486328125 0.015625 0.03515625
