0 0.27734375 0.462890625 0.0234375 0.07421875
2 0.11015625000000001 0.4697265625 0.1296875 0.068359375
2 0.1859375 0.4677734375 0.034375 0.041015625
2 0.33046875000000003 0.47265625 0.08281250000000001 0.09375
2 0.60078125 0.470703125 0.0765625 0.0703125
2 0.43046875 0.462890625 0.051562500000000004 0.02734375
2 0.390625 0.4638671875 0.043750000000000004 0.025390625
2 0.24296875 0.4599609375 0.051562500000000004 0.060546875
2 0.8382812500000001 0.46875 0.026562500000000003 0.0234375
2 0.49765625 0.4716796875 0.0703125 0.033203125
15 0.94296875 0.4541015625 0.11093750000000001 0.138671875
