7 0.46796875000000004 0.1552734375 0.0171875 0.060546875
7 0.6742187500000001 0.3125 0.0171875 0.05859375
7 0.665625 0.3828125 0.018750000000000003 0.03125
7 0.11406250000000001 0.2998046875 0.015625 0.056640625
9 0.8054687500000001 0.3505859375 0.0484375 0.021484375
9 0.8054687500000001 0.33203125 0.0203125 0.01953125
0 0.74140625 0.4677734375 0.026562500000000003 0.087890625
0 0.82421875 0.4794921875 0.0546875 0.119140625
0 0.84921875 0.4775390625 0.0578125 0.115234375
0 0.99140625 0.44921875 0.0140625 0.046875
0 0.0703125 0.4365234375 0.021875000000000002 0.025390625
0 0.0421875 0.4443359375 0.021875000000000002 0.044921875
0 0.503125 0.443359375 0.00625 0.01953125
0 0.55859375 0.4384765625 0.0140625 0.013671875
2 0.4703125 0.443359375 0.021875000000000002 0.0234375
2 0.42500000000000004 0.47265625 0.07187500000000001 0.06640625
2 0.5765625 0.4755859375 0.0625 0.060546875
2 0.5484375 0.4697265625 0.021875000000000002 0.048828125
2 0.5375 0.4658203125 0.025 0.041015625
2 0.53359375 0.4619140625 0.026562500000000003 0.037109375
2 0.53125 0.4521484375 0.03125 0.037109375
2 0.51484375 0.4482421875 0.0171875 0.021484375
