9 0.1015625 0.3505859375 0.025 0.025390625
9 0.42812500000000003 0.361328125 0.0125 0.03515625
9 0.80078125 0.388671875 0.0140625 0.02734375
9 0.21250000000000002 0.357421875 0.015625 0.03515625
0 0.8992187500000001 0.4990234375 0.045312500000000006 0.146484375
1 0.56484375 0.4931640625 0.07968750000000001 0.068359375
1 0.565625 0.4970703125 0.065625 0.056640625
2 0.05859375 0.47265625 0.1171875 0.12109375
2 0.8695312500000001 0.494140625 0.1265625 0.14453125
2 0.9796875 0.48828125 0.037500000000000006 0.125
