1 0.44375000000000003 0.4599609375 0.009375000000000001 0.021484375
2 0.76484375 0.5859375 0.1796875 0.171875
2 0.6890625 0.525390625 0.11875000000000001 0.125
2 0.6296875000000001 0.501953125 0.084375 0.10546875
2 0.59609375 0.4873046875 0.029687500000000002 0.064453125
2 0.6015625 0.4765625 0.053125000000000006 0.06640625
2 0.5789062500000001 0.4658203125 0.0421875 0.052734375
2 0.5593750000000001 0.4609375 0.021875000000000002 0.04296875
2 0.55 0.4541015625 0.021875000000000002 0.037109375
2 0.5421875 0.4462890625 0.018750000000000003 0.029296875
2 0.5296875 0.4423828125 0.015625 0.021484375
2 0.5015625 0.439453125 0.018750000000000003 0.0234375
2 0.03359375 0.4912109375 0.0671875 0.107421875
2 0.078125 0.4912109375 0.05 0.076171875
2 0.1046875 0.466796875 0.078125 0.05859375
2 0.21953125 0.4775390625 0.1453125 0.060546875
2 0.15703125 0.46484375 0.0765625 0.0546875
2 0.27968750000000003 0.4609375 0.084375 0.05078125
2 0.32421875 0.4560546875 0.0421875 0.048828125
2 0.384375 0.4501953125 0.025 0.033203125
2 0.3765625 0.4453125 0.05625 0.03125
2 0.42734375 0.4521484375 0.0234375 0.025390625
2 0.453125 0.447265625 0.015625 0.01953125
2 0.46015625000000004 0.4453125 0.0078125 0.015625
2 0.4734375 0.4375 0.015625 0.015625
2 0.48203125 0.4345703125 0.0078125 0.013671875
2 0.48828125 0.4326171875 0.0078125 0.009765625
0 0.44296875 0.4521484375 0.010937500000000001 0.029296875
