7 0.83515625 0.1640625 0.0203125 0.0625
7 0.9390625 0.27734375 0.025 0.078125
7 0.9484375 0.3671875 0.021875000000000002 0.03515625
7 0.73828125 0.3349609375 0.035937500000000004 0.037109375
7 0.52265625 0.4072265625 0.0140625 0.017578125
7 0.52734375 0.357421875 0.0140625 0.0390625
7 0.5015625 0.357421875 0.0125 0.0390625
9 0.9851562500000001 0.330078125 0.026562500000000003 0.01953125
9 0.5281250000000001 0.388671875 0.025 0.0078125
9 0.5109375 0.4345703125 0.00625 0.009765625
9 0.95703125 0.16015625 0.0421875 0.0546875
0 0.878125 0.451171875 0.009375000000000001 0.02734375
0 0.728125 0.4501953125 0.009375000000000001 0.029296875
1 0.325 0.5322265625 0.034375 0.107421875
0 0.33828125000000003 0.4892578125 0.051562500000000004 0.177734375
