9 0.21640625000000002 0.4287109375 0.010937500000000001 0.017578125
9 0.23593750000000002 0.42578125 0.018750000000000003 0.03125
9 0.234375 0.4501953125 0.009375000000000001 0.017578125
1 0.31562500000000004 0.513671875 0.028125 0.05078125
1 0.28750000000000003 0.5283203125 0.025 0.048828125
2 0.15234375 0.4873046875 0.09843750000000001 0.087890625
2 0.14453125 0.4365234375 0.035937500000000004 0.017578125
2 0.09140625000000001 0.4384765625 0.0328125 0.025390625
2 0.021875000000000002 0.4384765625 0.018750000000000003 0.029296875
0 0.25625000000000003 0.5078125 0.021875000000000002 0.0625
15 0.13203125000000002 0.4345703125 0.035937500000000004 0.041015625
15 0.08671875000000001 0.4189453125 0.0234375 0.025390625
15 0.0703125 0.419921875 0.0125 0.02734375
