9 0.38125000000000003 0.44140625 0.003125 0.0078125
9 0.33437500000000003 0.4287109375 0.009375000000000001 0.017578125
0 0.52734375 0.4765625 0.0140625 0.0546875
2 0.9476562500000001 0.4970703125 0.09843750000000001 0.083984375
2 0.8054687500000001 0.4814453125 0.045312500000000006 0.060546875
2 0.509375 0.470703125 0.0625 0.0625
2 0.57421875 0.4619140625 0.026562500000000003 0.025390625
2 0.47578125000000004 0.46875 0.0171875 0.015625
2 0.33437500000000003 0.46484375 0.040625 0.03515625
2 0.36171875000000003 0.4599609375 0.0140625 0.017578125
2 0.37812500000000004 0.4580078125 0.021875000000000002 0.025390625
2 0.41250000000000003 0.4580078125 0.021875000000000002 0.017578125
2 0.4234375 0.458984375 0.009375000000000001 0.01171875
