4 0.84296875 0.3984375 0.31093750000000003 0.078125
4 0.51796875 0.43359375 0.060937500000000006 0.05078125
4 0.43359375 0.453125 0.09843750000000001 0.0390625
4 0.6359375 0.4306640625 0.09062500000000001 0.041015625
0 0.96484375 0.505859375 0.0671875 0.26953125
0 0.63828125 0.466796875 0.026562500000000003 0.08984375
0 0.6062500000000001 0.462890625 0.015625 0.05078125
0 0.6179687500000001 0.4521484375 0.010937500000000001 0.041015625
0 0.665625 0.4404296875 0.009375000000000001 0.037109375
0 0.67734375 0.4296875 0.010937500000000001 0.0234375
0 0.5875 0.46484375 0.015625 0.0546875
0 0.56875 0.453125 0.00625 0.03125
0 0.57421875 0.4541015625 0.0078125 0.033203125
0 0.59609375 0.453125 0.0078125 0.03125
0 0.55703125 0.458984375 0.010937500000000001 0.0390625
0 0.5476562500000001 0.455078125 0.0078125 0.02734375
0 0.12812500000000002 0.4912109375 0.015625 0.029296875
2 0.909375 0.44921875 0.178125 0.1328125
2 0.8523437500000001 0.447265625 0.1421875 0.10546875
2 0.77265625 0.4462890625 0.1203125 0.087890625
2 0.503125 0.51171875 0.12187500000000001 0.11328125
2 0.24531250000000002 0.4765625 0.059375000000000004 0.02734375
0 0.11093750000000001 0.4990234375 0.021875000000000002 0.044921875
2 0.45390625 0.46484375 0.029687500000000002 0.01953125
