4 0.54140625 0.421875 0.045312500000000006 0.0625
7 0.8773437500000001 0.3056640625 0.0140625 0.044921875
7 0.63046875 0.353515625 0.010937500000000001 0.03125
7 0.6312500000000001 0.3876953125 0.0125 0.013671875
7 0.503125 0.271484375 0.0125 0.0390625
7 0.09843750000000001 0.365234375 0.0125 0.03515625
7 0.0171875 0.1435546875 0.025 0.072265625
9 0.8421875000000001 0.3203125 0.018750000000000003 0.03515625
9 0.8421875000000001 0.3427734375 0.018750000000000003 0.009765625
9 0.76484375 0.27734375 0.0234375 0.04296875
9 0.7664062500000001 0.314453125 0.0234375 0.02734375
9 0.62109375 0.2841796875 0.0234375 0.013671875
0 0.56953125 0.435546875 0.010937500000000001 0.03125
2 0.45390625 0.4326171875 0.026562500000000003 0.029296875
2 0.265625 0.4365234375 0.040625 0.029296875
2 0.5085937500000001 0.4296875 0.0171875 0.015625
2 0.67890625 0.427734375 0.045312500000000006 0.0390625
2 0.7703125000000001 0.4248046875 0.03125 0.041015625
