0 0.609375 0.552734375 0.009375000000000001 0.03515625
0 0.6015625 0.552734375 0.00625 0.0390625
0 0.5859375 0.5478515625 0.00625 0.029296875
0 0.62265625 0.552734375 0.004687500000000001 0.03515625
3 0.38828125 0.8134765625 0.15781250000000002 0.361328125
2 0.14296875 0.76171875 0.2859375 0.3671875
2 0.478125 0.5458984375 0.009375000000000001 0.009765625
2 0.48828125 0.544921875 0.0078125 0.0078125
2 0.46796875000000004 0.544921875 0.010937500000000001 0.0078125
0 0.38984375000000004 0.748046875 0.1546875 0.3984375
