7 0.7515625 0.2822265625 0.018750000000000003 0.064453125
7 0.59765625 0.369140625 0.0234375 0.05859375
7 0.13984375000000002 0.392578125 0.0140625 0.0390625
9 0.7601562500000001 0.3564453125 0.026562500000000003 0.037109375
0 0.7406250000000001 0.5087890625 0.034375 0.158203125
0 0.69921875 0.470703125 0.0140625 0.0390625
0 0.52890625 0.4755859375 0.0171875 0.064453125
1 0.59609375 0.53125 0.029687500000000002 0.08203125
2 0.4578125 0.490234375 0.11875000000000001 0.1328125
2 0.39140625 0.4814453125 0.0203125 0.041015625
2 0.36171875000000003 0.4814453125 0.051562500000000004 0.056640625
2 0.2625 0.5029296875 0.11875000000000001 0.119140625
2 0.05859375 0.5302734375 0.1171875 0.330078125
0 0.5945312500000001 0.5009765625 0.0390625 0.130859375
