7 0.36328125 0.4384765625 0.0078125 0.021484375
7 0.76328125 0.466796875 0.0078125 0.01171875
7 0.759375 0.4345703125 0.009375000000000001 0.025390625
7 0.59609375 0.443359375 0.0078125 0.01953125
9 0.71640625 0.568359375 0.0546875 0.0703125
0 0.6109375 0.5 0.0125 0.04296875
0 0.55390625 0.4736328125 0.004687500000000001 0.013671875
0 0.37734375000000003 0.478515625 0.010937500000000001 0.01953125
0 0.7375 0.494140625 0.0125 0.03125
0 0.64375 0.5 0.0125 0.0390625
0 0.66796875 0.5078125 0.0140625 0.046875
0 0.6734375 0.5009765625 0.009375000000000001 0.041015625
0 0.65234375 0.498046875 0.010937500000000001 0.0390625
0 0.6570312500000001 0.494140625 0.0078125 0.03515625
0 0.63046875 0.494140625 0.010937500000000001 0.03515625
1 0.58828125 0.5498046875 0.0234375 0.052734375
2 0.0546875 0.5771484375 0.109375 0.314453125
2 0.48046875 0.546875 0.1265625 0.12109375
2 0.4421875 0.494140625 0.040625 0.04296875
2 0.5 0.4794921875 0.015625 0.013671875
2 0.51171875 0.4755859375 0.0140625 0.013671875
2 0.49531250000000004 0.470703125 0.015625 0.01171875
2 0.47500000000000003 0.478515625 0.018750000000000003 0.015625
2 0.53359375 0.4697265625 0.0078125 0.005859375
0 0.58984375 0.525390625 0.026562500000000003 0.08203125
