0 0.9734375000000001 0.505859375 0.05 0.1875
0 0.9359375000000001 0.552734375 0.043750000000000004 0.1015625
0 0.8984375 0.5029296875 0.05625 0.189453125
2 0.11093750000000001 0.44140625 0.2 0.09765625
2 0.30390625000000004 0.45703125 0.19843750000000002 0.109375
2 0.44609375 0.4658203125 0.1203125 0.087890625
2 0.5109375 0.4658203125 0.1125 0.076171875
2 0.7117187500000001 0.4765625 0.2078125 0.0859375
2 0.80625 0.4697265625 0.078125 0.072265625
15 0.225 0.4189453125 0.153125 0.068359375
15 0.7601562500000001 0.3935546875 0.1609375 0.060546875
