7 0.037500000000000006 0.2421875 0.015625 0.046875
7 0.13984375000000002 0.23046875 0.029687500000000002 0.05078125
7 0.2859375 0.3251953125 0.018750000000000003 0.033203125
7 0.43671875000000004 0.396484375 0.0078125 0.03125
7 0.43671875000000004 0.42578125 0.0078125 0.01171875
7 0.4921875 0.388671875 0.009375000000000001 0.02734375
7 0.49296875 0.419921875 0.0078125 0.01171875
7 0.521875 0.373046875 0.0125 0.03515625
7 0.035937500000000004 0.3876953125 0.009375000000000001 0.029296875
7 0.030468750000000003 0.4208984375 0.0078125 0.009765625
7 0.060937500000000006 0.3837890625 0.0125 0.048828125
7 0.06171875 0.4208984375 0.0078125 0.009765625
9 0.00390625 0.2900390625 0.0078125 0.017578125
9 0.09062500000000001 0.2255859375 0.025 0.044921875
9 0.30859375 0.32421875 0.010937500000000001 0.015625
9 0.38203125000000004 0.3642578125 0.0484375 0.013671875
9 0.4109375 0.345703125 0.015625 0.0703125
9 0.4140625 0.4072265625 0.0125 0.013671875
0 0.45625000000000004 0.451171875 0.009375000000000001 0.0234375
0 0.421875 0.4658203125 0.0125 0.033203125
0 0.41718750000000004 0.4638671875 0.00625 0.029296875
0 0.40156250000000004 0.466796875 0.00625 0.0234375
0 0.40703125 0.4658203125 0.0078125 0.025390625
0 0.39296875000000003 0.46875 0.0078125 0.0234375
0 0.38671875 0.46484375 0.004687500000000001 0.01171875
0 0.055468750000000004 0.458984375 0.0140625 0.05078125
0 0.6531250000000001 0.505859375 0.05625 0.125
0 0.6687500000000001 0.5009765625 0.065625 0.134765625
0 0.70625 0.521484375 0.046875 0.1171875
2 0.3203125 0.4677734375 0.025 0.029296875
2 0.27734375 0.4658203125 0.0578125 0.048828125
2 0.13125 0.4677734375 0.065625 0.056640625
2 0.014843750000000001 0.4716796875 0.029687500000000002 0.068359375
2 0.20859375000000002 0.46875 0.0921875 0.08984375
2 0.47500000000000003 0.4697265625 0.09062500000000001 0.041015625
8 0.46796875000000004 0.4833984375 0.010937500000000001 0.025390625
