9 0.49765625 0.4013671875 0.0203125 0.033203125
9 0.23515625 0.4296875 0.010937500000000001 0.02734375
9 0.2828125 0.4228515625 0.0125 0.013671875
0 0.3796875 0.4912109375 0.015625 0.056640625
0 0.3640625 0.4912109375 0.015625 0.064453125
3 0.32265625000000003 0.572265625 0.09843750000000001 0.1796875
2 0.90234375 0.546875 0.1921875 0.203125
2 0.875 0.5087890625 0.246875 0.189453125
2 0.7515625 0.5185546875 0.05625 0.138671875
2 0.7296875 0.5078125 0.10312500000000001 0.1328125
2 0.6742187500000001 0.4912109375 0.1390625 0.138671875
2 0.58046875 0.5009765625 0.051562500000000004 0.072265625
2 0.51796875 0.5009765625 0.0421875 0.091796875
2 0.44609375 0.5048828125 0.1390625 0.150390625
0 0.32109375 0.505859375 0.0921875 0.21875
