7 0.80625 0.474609375 0.0125 0.04296875
7 0.79296875 0.4970703125 0.0171875 0.013671875
7 0.98984375 0.4794921875 0.0140625 0.037109375
7 0.02421875 0.4716796875 0.010937500000000001 0.033203125
7 0.98359375 0.52734375 0.010937500000000001 0.01171875
9 0.7585937500000001 0.466796875 0.0234375 0.02734375
9 0.7578125 0.4931640625 0.025 0.025390625
9 0.75703125 0.51953125 0.0234375 0.02734375
9 0.01953125 0.5068359375 0.0234375 0.029296875
9 0.36484375 0.478515625 0.0234375 0.02734375
9 0.17421875 0.447265625 0.026562500000000003 0.046875
0 0.66953125 0.5712890625 0.029687500000000002 0.087890625
2 0.5320312500000001 0.5322265625 0.0140625 0.013671875
2 0.5085937500000001 0.53125 0.0171875 0.015625
