7 0.38359375 0.4501953125 0.004687500000000001 0.017578125
7 0.55859375 0.4541015625 0.004687500000000001 0.017578125
0 0.13593750000000002 0.490234375 0.015625 0.04296875
0 0.15390625000000002 0.484375 0.0234375 0.0390625
0 0.17578125 0.5 0.0234375 0.0625
0 0.21953125 0.48828125 0.010937500000000001 0.0234375
0 0.6039062500000001 0.4873046875 0.0078125 0.013671875
0 0.9789062500000001 0.5341796875 0.0390625 0.150390625
0 0.90234375 0.53515625 0.0421875 0.13671875
0 0.87109375 0.52734375 0.029687500000000002 0.1171875
0 0.815625 0.5126953125 0.028125 0.060546875
1 0.5593750000000001 0.53125 0.015625 0.0390625
2 0.07890625000000001 0.55078125 0.15781250000000002 0.11328125
2 0.5476562500000001 0.5009765625 0.0171875 0.029296875
2 0.48750000000000004 0.486328125 0.0125 0.01171875
2 0.47500000000000003 0.55078125 0.12812500000000002 0.125
0 0.5593750000000001 0.5166015625 0.015625 0.060546875
8 0.39609375 0.5029296875 0.004687500000000001 0.017578125
