7 0.3609375 0.26171875 0.009375000000000001 0.0390625
7 0.60078125 0.3642578125 0.0078125 0.025390625
7 0.603125 0.3994140625 0.009375000000000001 0.013671875
7 0.7054687500000001 0.34765625 0.0078125 0.02734375
7 0.71015625 0.390625 0.004687500000000001 0.015625
7 0.73984375 0.34375 0.0234375 0.0390625
0 0.6078125000000001 0.4423828125 0.015625 0.048828125
2 0.46484375 0.458984375 0.060937500000000006 0.0703125
2 0.4109375 0.451171875 0.028125 0.03125
2 0.35859375000000004 0.4638671875 0.06406250000000001 0.056640625
2 0.2328125 0.46875 0.153125 0.140625
