7 0.6921875000000001 0.326171875 0.015625 0.05859375
7 0.6953125 0.380859375 0.015625 0.01953125
7 0.7664062500000001 0.37109375 0.0140625 0.02734375
7 0.7609375 0.310546875 0.018750000000000003 0.0625
7 0.8046875 0.3095703125 0.018750000000000003 0.056640625
7 0.9875 0.130859375 0.021875000000000002 0.12890625
7 0.36484375 0.1826171875 0.0171875 0.052734375
7 0.18515625000000002 0.171875 0.0171875 0.0546875
7 0.41953125 0.396484375 0.004687500000000001 0.01171875
7 0.38671875 0.3955078125 0.004687500000000001 0.013671875
9 0.53046875 0.2587890625 0.0890625 0.021484375
9 0.15000000000000002 0.443359375 0.025 0.0390625
9 0.5359375000000001 0.41015625 0.0125 0.015625
9 0.44843750000000004 0.41015625 0.015625 0.00390625
2 0.43593750000000003 0.4482421875 0.021875000000000002 0.017578125
2 0.40546875000000004 0.4462890625 0.0171875 0.013671875
