9 0.9125000000000001 0.3876953125 0.046875 0.021484375
9 0.8015625000000001 0.3330078125 0.053125000000000006 0.060546875
9 0.7953125000000001 0.2841796875 0.065625 0.029296875
9 0.796875 0.498046875 0.059375000000000004 0.0234375
0 0.0859375 0.51171875 0.037500000000000006 0.12109375
0 0.16328125000000002 0.517578125 0.029687500000000002 0.1015625
0 0.16640625 0.5078125 0.029687500000000002 0.1171875
0 0.18906250000000002 0.50390625 0.021875000000000002 0.13671875
0 0.21484375 0.509765625 0.0390625 0.12890625
0 0.71015625 0.462890625 0.026562500000000003 0.08203125
0 0.75546875 0.4912109375 0.029687500000000002 0.107421875
0 0.7375 0.5126953125 0.025 0.076171875
0 0.81015625 0.4833984375 0.0234375 0.099609375
0 0.8359375 0.4765625 0.028125 0.12109375
2 0.01015625 0.5732421875 0.0203125 0.123046875
2 0.30703125000000003 0.4697265625 0.0421875 0.044921875
2 0.9281250000000001 0.466796875 0.140625 0.09375
2 0.54296875 0.6025390625 0.4078125 0.380859375
14 0.33125000000000004 0.4912109375 0.037500000000000006 0.041015625
4 0.34140625 0.4443359375 0.0546875 0.076171875
0 0.33437500000000003 0.4736328125 0.028125 0.044921875
