9 0.20468750000000002 0.4013671875 0.0125 0.017578125
9 0.20546875 0.4208984375 0.0078125 0.013671875
9 0.23593750000000002 0.408203125 0.009375000000000001 0.01171875
9 0.23671875 0.423828125 0.0078125 0.01171875
0 0.44921875 0.4599609375 0.010937500000000001 0.044921875
0 0.5906250000000001 0.4599609375 0.018750000000000003 0.060546875
0 0.5945312500000001 0.4384765625 0.0203125 0.037109375
1 0.32265625000000003 0.4765625 0.0140625 0.03125
1 0.59921875 0.4921875 0.029687500000000002 0.07421875
1 0.6171875 0.486328125 0.03125 0.07421875
1 0.6351562500000001 0.48828125 0.0390625 0.0703125
1 0.6531250000000001 0.486328125 0.028125 0.0625
1 0.7203125 0.5078125 0.07500000000000001 0.140625
1 0.7921875 0.51171875 0.078125 0.12109375
1 0.884375 0.5517578125 0.08125 0.158203125
1 0.94921875 0.5205078125 0.09843750000000001 0.212890625
1 0.04453125 0.5068359375 0.0671875 0.091796875
2 0.34218750000000003 0.4619140625 0.025 0.029296875
2 0.17265625 0.482421875 0.09843750000000001 0.0703125
2 0.2609375 0.47265625 0.05625 0.046875
2 0.29140625000000003 0.470703125 0.026562500000000003 0.0390625
2 0.30546875 0.470703125 0.0171875 0.03125
2 0.30781250000000004 0.4638671875 0.03125 0.037109375
0 0.32265625000000003 0.466796875 0.0140625 0.0390625
