4 0.4078125 0.4521484375 0.05 0.064453125
4 0.4578125 0.4443359375 0.053125000000000006 0.025390625
4 0.5125000000000001 0.44140625 0.05625 0.07421875
4 0.6359375 0.423828125 0.09062500000000001 0.02734375
4 0.8460937500000001 0.4052734375 0.3046875 0.123046875
0 0.115625 0.49609375 0.0125 0.0546875
0 0.12890625 0.490234375 0.0140625 0.02734375
0 0.17109375000000002 0.486328125 0.0140625 0.046875
0 0.675 0.4306640625 0.0125 0.021484375
0 0.65390625 0.439453125 0.026562500000000003 0.04296875
0 0.634375 0.4443359375 0.0125 0.025390625
0 0.62265625 0.4423828125 0.010937500000000001 0.025390625
0 0.6140625000000001 0.44140625 0.009375000000000001 0.02734375
0 0.60078125 0.4404296875 0.010937500000000001 0.029296875
0 0.5789062500000001 0.447265625 0.0078125 0.01953125
0 0.55703125 0.4482421875 0.010937500000000001 0.021484375
0 0.5703125 0.447265625 0.00625 0.0234375
2 0.45390625 0.4638671875 0.026562500000000003 0.021484375
2 0.47187500000000004 0.462890625 0.028125 0.0234375
2 0.8523437500000001 0.443359375 0.15156250000000002 0.109375
2 0.9109375000000001 0.4482421875 0.17500000000000002 0.138671875
2 0.9515625000000001 0.4873046875 0.09375 0.111328125
2 0.6000000000000001 0.5654296875 0.45 0.224609375
8 0.340625 0.478515625 0.00625 0.01953125
