4 0.8546875 0.4287109375 0.28750000000000003 0.146484375
4 0.51875 0.447265625 0.065625 0.08203125
4 0.43281250000000004 0.4521484375 0.096875 0.044921875
0 0.12890625 0.4912109375 0.0140625 0.029296875
0 0.11406250000000001 0.4921875 0.0125 0.0546875
0 0.17109375000000002 0.4892578125 0.0140625 0.052734375
0 0.36484375 0.4658203125 0.004687500000000001 0.021484375
0 0.36796875 0.46484375 0.004687500000000001 0.0234375
0 0.3828125 0.462890625 0.00625 0.0234375
0 0.37734375000000003 0.4638671875 0.0078125 0.025390625
0 0.5515625000000001 0.4599609375 0.0125 0.041015625
0 0.55859375 0.4599609375 0.010937500000000001 0.041015625
0 0.5765625 0.4580078125 0.015625 0.044921875
0 0.5875 0.4560546875 0.015625 0.041015625
0 0.64609375 0.4677734375 0.0171875 0.060546875
0 0.625 0.4658203125 0.018750000000000003 0.072265625
0 0.6101562500000001 0.4609375 0.0140625 0.05859375
0 0.60078125 0.453125 0.010937500000000001 0.046875
0 0.66796875 0.4384765625 0.0140625 0.037109375
0 0.9695312500000001 0.5009765625 0.0578125 0.279296875
0 0.8796875000000001 0.498046875 0.065625 0.28515625
2 0.45156250000000003 0.4619140625 0.025 0.021484375
2 0.47500000000000003 0.4619140625 0.025 0.025390625
2 0.853125 0.4443359375 0.14375000000000002 0.107421875
8 0.34140625 0.4794921875 0.0078125 0.021484375
