1 0.9632812500000001 0.7265625 0.0703125 0.25390625
1 0.8640625000000001 0.6572265625 0.09375 0.240234375
2 0.08125 0.5703125 0.1625 0.21484375
2 0.20703125 0.5224609375 0.2171875 0.201171875
2 0.37421875000000004 0.4970703125 0.1046875 0.083984375
2 0.421875 0.4873046875 0.043750000000000004 0.072265625
2 0.43828125 0.4736328125 0.060937500000000006 0.076171875
2 0.478125 0.474609375 0.028125 0.05078125
2 0.50625 0.4638671875 0.046875 0.033203125
2 0.52578125 0.4638671875 0.0203125 0.021484375
2 0.53671875 0.4638671875 0.010937500000000001 0.017578125
2 0.54453125 0.4619140625 0.010937500000000001 0.013671875
2 0.5515625000000001 0.4609375 0.009375000000000001 0.01171875
2 0.5554687500000001 0.4580078125 0.0078125 0.009765625
2 0.73828125 0.5185546875 0.1046875 0.095703125
2 0.6921875000000001 0.50390625 0.037500000000000006 0.06640625
2 0.6734375 0.4892578125 0.05 0.052734375
2 0.6484375 0.486328125 0.028125 0.046875
2 0.63671875 0.4814453125 0.0203125 0.037109375
2 0.6351562500000001 0.4716796875 0.035937500000000004 0.041015625
2 0.609375 0.4697265625 0.025 0.025390625
2 0.58984375 0.46484375 0.0140625 0.015625
0 0.9640625 0.64453125 0.06875 0.3203125
0 0.8765625 0.5732421875 0.10625000000000001 0.314453125
