7 0.03359375 0.3623046875 0.0140625 0.060546875
7 0.03828125 0.421875 0.0171875 0.01953125
7 0.7046875 0.369140625 0.018750000000000003 0.0625
7 0.6984375 0.4345703125 0.021875000000000002 0.025390625
7 0.41171875 0.455078125 0.004687500000000001 0.01171875
7 0.5867187500000001 0.458984375 0.004687500000000001 0.0078125
9 0.03515625 0.40234375 0.0390625 0.01953125
9 0.7046875 0.41015625 0.040625 0.0234375
0 0.10078125 0.494140625 0.0203125 0.06640625
0 0.3375 0.482421875 0.009375000000000001 0.01953125
0 0.37109375 0.4814453125 0.0078125 0.017578125
0 0.39375000000000004 0.4873046875 0.0125 0.037109375
0 0.41484375 0.4873046875 0.004687500000000001 0.021484375
0 0.421875 0.4873046875 0.00625 0.021484375
0 0.4890625 0.515625 0.03125 0.09765625
0 0.63046875 0.490234375 0.0078125 0.0234375
0 0.6414062500000001 0.4912109375 0.0078125 0.021484375
0 0.6507812500000001 0.4912109375 0.0078125 0.025390625
0 0.66796875 0.4892578125 0.0078125 0.021484375
0 0.87421875 0.5146484375 0.0234375 0.095703125
0 0.290625 0.4814453125 0.009375000000000001 0.021484375
0 0.01015625 0.4794921875 0.0203125 0.041015625
2 0.51875 0.4970703125 0.021875000000000002 0.025390625
2 0.55703125 0.5009765625 0.026562500000000003 0.029296875
1 0.15781250000000002 0.5166015625 0.021875000000000002 0.044921875
