9 0.6976562500000001 0.296875 0.0234375 0.03515625
0 0.9398437500000001 0.4638671875 0.0328125 0.146484375
0 0.909375 0.466796875 0.05 0.15625
0 0.80390625 0.4609375 0.0390625 0.12109375
0 0.5593750000000001 0.4482421875 0.0125 0.025390625
0 0.54453125 0.4482421875 0.0140625 0.025390625
1 0.79609375 0.48828125 0.051562500000000004 0.08203125
2 0.503125 0.4697265625 0.053125000000000006 0.048828125
2 0.49765625 0.447265625 0.0421875 0.0390625
2 0.4734375 0.4560546875 0.015625 0.048828125
2 0.42421875000000003 0.4619140625 0.0546875 0.056640625
2 0.27421875 0.474609375 0.0546875 0.046875
2 0.28671875 0.462890625 0.0578125 0.0625
2 0.31953125000000004 0.4677734375 0.0203125 0.041015625
2 0.35468750000000004 0.4658203125 0.021875000000000002 0.021484375
2 0.36875 0.4638671875 0.015625 0.021484375
