4 0.84375 0.4228515625 0.309375 0.150390625
4 0.659375 0.4375 0.040625 0.0625
4 0.503125 0.4443359375 0.28125 0.111328125
0 0.6609375000000001 0.46484375 0.028125 0.10546875
0 0.6234375000000001 0.4658203125 0.018750000000000003 0.072265625
0 0.6039062500000001 0.4619140625 0.0203125 0.080078125
0 0.24296875 0.4921875 0.0140625 0.0625
0 0.2609375 0.482421875 0.025 0.07421875
0 0.1703125 0.48828125 0.0125 0.05078125
0 0.1296875 0.490234375 0.015625 0.02734375
0 0.11484375000000001 0.4951171875 0.0171875 0.056640625
2 0.9515625000000001 0.48828125 0.09375 0.109375
2 0.91015625 0.447265625 0.1765625 0.140625
2 0.85078125 0.4404296875 0.1453125 0.115234375
8 0.340625 0.478515625 0.00625 0.01953125
