9 0.6429687500000001 0.3994140625 0.0171875 0.021484375
9 0.453125 0.4052734375 0.0125 0.013671875
0 0.51328125 0.4453125 0.004687500000000001 0.01171875
0 0.6062500000000001 0.4521484375 0.00625 0.025390625
0 0.56640625 0.45703125 0.010937500000000001 0.03515625
0 0.7015625000000001 0.4619140625 0.015625 0.021484375
0 0.44609375 0.4716796875 0.0171875 0.064453125
0 0.4625 0.470703125 0.018750000000000003 0.0625
0 0.4859375 0.4697265625 0.018750000000000003 0.064453125
1 0.54140625 0.6162109375 0.051562500000000004 0.130859375
2 0.09296875 0.64453125 0.1859375 0.2421875
2 0.18906250000000002 0.5458984375 0.18125000000000002 0.216796875
2 0.30703125000000003 0.5322265625 0.1015625 0.130859375
2 0.35703125 0.5166015625 0.0578125 0.095703125
2 0.39921875 0.4833984375 0.06406250000000001 0.056640625
2 0.4296875 0.4755859375 0.03125 0.048828125
2 0.47265625 0.4560546875 0.0140625 0.025390625
2 0.49453125000000003 0.44921875 0.010937500000000001 0.015625
2 0.496875 0.447265625 0.0125 0.015625
2 0.76484375 0.478515625 0.051562500000000004 0.06640625
2 0.9164062500000001 0.5 0.1203125 0.0625
2 0.8695312500000001 0.6142578125 0.2578125 0.185546875
2 0.94453125 0.5029296875 0.1078125 0.083984375
2 0.69453125 0.5087890625 0.0734375 0.076171875
2 0.6265625 0.5302734375 0.10625000000000001 0.111328125
2 0.71640625 0.458984375 0.029687500000000002 0.0234375
2 0.68671875 0.45703125 0.0421875 0.02734375
2 0.6687500000000001 0.45703125 0.046875 0.03125
2 0.5765625 0.4521484375 0.018750000000000003 0.025390625
2 0.56015625 0.4501953125 0.0078125 0.021484375
2 0.55390625 0.4443359375 0.010937500000000001 0.013671875
2 0.50546875 0.443359375 0.0078125 0.01171875
0 0.55 0.5634765625 0.07187500000000001 0.208984375
