9 0.22187500000000002 0.38671875 0.021875000000000002 0.03125
9 0.97265625 0.23828125 0.051562500000000004 0.1328125
0 0.58984375 0.4658203125 0.0078125 0.029296875
0 0.565625 0.4619140625 0.009375000000000001 0.029296875
0 0.5296875 0.466796875 0.003125 0.01171875
0 0.5328125 0.4658203125 0.003125 0.009765625
1 0.6781250000000001 0.55078125 0.025 0.08203125
1 0.5398437500000001 0.470703125 0.004687500000000001 0.015625
2 0.5046875000000001 0.46484375 0.015625 0.015625
2 0.49140625000000004 0.466796875 0.010937500000000001 0.01171875
2 0.48203125 0.4658203125 0.010937500000000001 0.013671875
2 0.45703125 0.4658203125 0.0421875 0.041015625
2 0.31562500000000004 0.47265625 0.05625 0.046875
2 0.3484375 0.466796875 0.046875 0.05078125
2 0.37890625 0.462890625 0.029687500000000002 0.04296875
2 0.40546875000000004 0.4658203125 0.0328125 0.033203125
2 0.5164062500000001 0.466796875 0.010937500000000001 0.01171875
0 0.6820312500000001 0.509765625 0.0484375 0.13671875
0 0.540625 0.4580078125 0.009375000000000001 0.029296875
