0 0.4375 0.43359375 0.0125 0.02734375
0 0.44062500000000004 0.431640625 0.009375000000000001 0.02734375
0 0.45156250000000003 0.4287109375 0.00625 0.021484375
1 0.5234375 0.4736328125 0.018750000000000003 0.048828125
2 0.23593750000000002 0.509765625 0.1125 0.1015625
2 0.14375000000000002 0.48046875 0.13125 0.06640625
2 0.95234375 0.5205078125 0.0921875 0.154296875
2 0.9265625000000001 0.5029296875 0.14375000000000002 0.146484375
2 0.80625 0.5009765625 0.15000000000000002 0.107421875
2 0.70625 0.4736328125 0.1 0.072265625
2 0.64453125 0.45703125 0.035937500000000004 0.046875
2 0.32343750000000004 0.478515625 0.0625 0.0625
2 0.34687500000000004 0.46484375 0.043750000000000004 0.05078125
2 0.36796875 0.4609375 0.0203125 0.04296875
2 0.3765625 0.45703125 0.018750000000000003 0.0390625
2 0.390625 0.4462890625 0.03125 0.037109375
2 0.40078125000000003 0.4384765625 0.0234375 0.029296875
2 0.4078125 0.4326171875 0.018750000000000003 0.021484375
2 0.6156250000000001 0.4482421875 0.043750000000000004 0.044921875
2 0.57265625 0.4365234375 0.0203125 0.029296875
2 0.5476562500000001 0.447265625 0.0390625 0.04296875
2 0.496875 0.4375 0.028125 0.02734375
2 0.453125 0.4287109375 0.015625 0.013671875
2 0.46406250000000004 0.42578125 0.009375000000000001 0.01171875
2 0.42265625 0.4345703125 0.010937500000000001 0.017578125
2 0.43046875 0.43359375 0.0078125 0.015625
2 0.5015625 0.4267578125 0.025 0.013671875
0 0.521875 0.4580078125 0.018750000000000003 0.060546875
8 0.09062500000000001 0.5576171875 0.021875000000000002 0.056640625
