0 0.2984375 0.466796875 0.009375000000000001 0.0390625
0 0.025 0.451171875 0.00625 0.01953125
0 0.16328125000000002 0.4462890625 0.0078125 0.017578125
0 0.15546875000000002 0.4453125 0.0078125 0.01953125
1 0.27578125000000003 0.466796875 0.0140625 0.0234375
2 0.784375 0.626953125 0.284375 0.21484375
2 0.6078125000000001 0.564453125 0.203125 0.1484375
2 0.40078125000000003 0.5146484375 0.1046875 0.083984375
2 0.33828125000000003 0.498046875 0.07968750000000001 0.06640625
2 0.19296875000000002 0.466796875 0.0390625 0.0390625
2 0.16953125000000002 0.462890625 0.0234375 0.03125
2 0.12109375 0.447265625 0.0203125 0.0234375
2 0.0578125 0.443359375 0.015625 0.01953125
2 0.02890625 0.5771484375 0.0578125 0.193359375
2 0.08515625 0.4423828125 0.0140625 0.013671875
