7 0.47734375 0.4072265625 0.004687500000000001 0.013671875
7 0.51796875 0.4072265625 0.004687500000000001 0.013671875
7 0.58203125 0.4326171875 0.004687500000000001 0.013671875
7 0.44453125000000004 0.3974609375 0.004687500000000001 0.013671875
7 0.39609375 0.4033203125 0.004687500000000001 0.013671875
7 0.3328125 0.4462890625 0.003125 0.009765625
7 0.3328125 0.458984375 0.003125 0.00390625
7 0.51171875 0.4404296875 0.0015625 0.005859375
7 0.49765625 0.439453125 0.0015625 0.00390625
9 0.7328125000000001 0.3251953125 0.078125 0.099609375
9 0.7328125000000001 0.3935546875 0.037500000000000006 0.037109375
9 0.6578125 0.4228515625 0.0125 0.021484375
9 0.55390625 0.4208984375 0.0140625 0.005859375
9 0.59140625 0.4287109375 0.0078125 0.013671875
9 0.35390625000000003 0.4248046875 0.0140625 0.005859375
9 0.47734375 0.4521484375 0.004687500000000001 0.005859375
2 0.16015625 0.4921875 0.051562500000000004 0.02734375
2 0.571875 0.4638671875 0.021875000000000002 0.025390625
2 0.54296875 0.4609375 0.026562500000000003 0.02734375
2 0.49531250000000004 0.4638671875 0.018750000000000003 0.021484375
2 0.47421875 0.4677734375 0.0203125 0.017578125
2 0.40703125 0.470703125 0.0171875 0.015625
2 0.44375000000000003 0.466796875 0.018750000000000003 0.015625
2 0.45546875000000003 0.466796875 0.010937500000000001 0.01171875
2 0.5265625 0.4619140625 0.009375000000000001 0.021484375
