9 0.72421875 0.3671875 0.0140625 0.0078125
9 0.73828125 0.3671875 0.0140625 0.0078125
9 0.7351562500000001 0.3779296875 0.06406250000000001 0.013671875
9 0.7351562500000001 0.390625 0.06406250000000001 0.01171875
9 0.7359375 0.4169921875 0.065625 0.041015625
9 0.66953125 0.3583984375 0.0671875 0.025390625
9 0.6703125000000001 0.37890625 0.065625 0.015625
9 0.6703125000000001 0.3935546875 0.065625 0.013671875
9 0.6703125000000001 0.41796875 0.065625 0.03515625
9 0.66015625 0.341796875 0.0140625 0.0078125
9 0.6734375 0.341796875 0.0125 0.0078125
9 0.6664062500000001 0.333984375 0.0140625 0.0078125
9 0.0921875 0.189453125 0.15937500000000002 0.171875
9 0.0921875 0.30078125 0.15937500000000002 0.046875
9 0.48984375 0.4658203125 0.0328125 0.021484375
9 0.2703125 0.4794921875 0.07500000000000001 0.021484375
9 0.0484375 0.41796875 0.05625 0.05078125
9 0.046875 0.376953125 0.015625 0.0078125
9 0.03828125 0.3876953125 0.0140625 0.009765625
9 0.053125000000000006 0.3876953125 0.0125 0.009765625
9 0.11640625 0.4228515625 0.0390625 0.044921875
9 0.0484375 0.45703125 0.05625 0.0234375
9 0.1171875 0.4580078125 0.040625 0.021484375
2 0.38359375 0.5576171875 0.0546875 0.056640625
2 0.41640625000000003 0.5302734375 0.026562500000000003 0.025390625
2 0.153125 0.5439453125 0.0625 0.044921875
2 0.50234375 0.5703125 0.0859375 0.08203125
