7 0.17734375000000002 0.33203125 0.0171875 0.0234375
7 0.1875 0.2431640625 0.018750000000000003 0.072265625
7 0.8859375 0.2705078125 0.021875000000000002 0.076171875
7 0.890625 0.357421875 0.028125 0.03125
9 0.31640625 0.458984375 0.010937500000000001 0.0234375
9 0.9109375000000001 0.333984375 0.065625 0.015625
0 0.790625 0.537109375 0.171875 0.41796875
0 0.7429687500000001 0.4736328125 0.06406250000000001 0.142578125
0 0.7210937500000001 0.4755859375 0.045312500000000006 0.123046875
0 0.275 0.45703125 0.025 0.06640625
0 0.225 0.4501953125 0.0125 0.044921875
0 0.014843750000000001 0.4345703125 0.029687500000000002 0.111328125
0 0.24531250000000002 0.4443359375 0.0125 0.037109375
1 0.11875000000000001 0.44921875 0.059375000000000004 0.046875
1 0.15078125 0.453125 0.045312500000000006 0.04296875
2 0.9484375 0.51953125 0.1 0.109375
2 0.68515625 0.4677734375 0.09531250000000001 0.095703125
2 0.6179687500000001 0.474609375 0.0578125 0.0546875
2 0.5945312500000001 0.4677734375 0.0484375 0.056640625
2 0.5671875000000001 0.4580078125 0.05625 0.064453125
2 0.515625 0.4609375 0.053125000000000006 0.05859375
2 0.46953125 0.466796875 0.0328125 0.0234375
2 0.40859375000000003 0.45703125 0.029687500000000002 0.0390625
2 0.3921875 0.4609375 0.028125 0.046875
2 0.37578125 0.4560546875 0.026562500000000003 0.060546875
2 0.353125 0.4580078125 0.046875 0.068359375
2 0.33046875000000003 0.46875 0.0703125 0.06640625
9 0.31562500000000004 0.42578125 0.009375000000000001 0.015625
