0 0.5867187500000001 0.4775390625 0.0171875 0.052734375
0 0.50390625 0.4541015625 0.010937500000000001 0.037109375
0 0.1796875 0.447265625 0.009375000000000001 0.03125
0 0.14453125 0.44921875 0.010937500000000001 0.03515625
0 0.11953125 0.46484375 0.0140625 0.05859375
0 0.10546875 0.4697265625 0.0140625 0.056640625
0 0.07500000000000001 0.4736328125 0.025 0.068359375
0 0.2625 0.4404296875 0.00625 0.025390625
1 0.546875 0.462890625 0.018750000000000003 0.03125
2 0.7828125 0.4833984375 0.037500000000000006 0.044921875
2 0.7937500000000001 0.6201171875 0.25625000000000003 0.201171875
2 0.6468750000000001 0.5517578125 0.1625 0.130859375
2 0.44062500000000004 0.466796875 0.05 0.05078125
2 0.415625 0.4619140625 0.021875000000000002 0.041015625
2 0.38203125000000004 0.4375 0.0234375 0.0234375
2 0.35703125 0.4326171875 0.0140625 0.013671875
2 0.36562500000000003 0.435546875 0.0125 0.01953125
2 0.32578125 0.43359375 0.0171875 0.01953125
2 0.33828125000000003 0.431640625 0.010937500000000001 0.01171875
