9 0.6296875000000001 0.3857421875 0.028125 0.037109375
9 0.63046875 0.41015625 0.010937500000000001 0.0078125
2 0.03515625 0.494140625 0.0703125 0.1640625
2 0.5945312500000001 0.5029296875 0.1328125 0.095703125
2 0.46171875 0.4990234375 0.1046875 0.103515625
2 0.65 0.48046875 0.07500000000000001 0.0546875
2 0.36796875 0.4775390625 0.1046875 0.044921875
2 0.26953125 0.47265625 0.0328125 0.03515625
2 0.31171875000000004 0.46875 0.0203125 0.0234375
2 0.5203125000000001 0.470703125 0.043750000000000004 0.0390625
