0 0.9187500000000001 0.556640625 0.046875 0.1328125
0 0.98203125 0.55078125 0.029687500000000002 0.109375
0 0.6671875 0.490234375 0.018750000000000003 0.0703125
0 0.628125 0.474609375 0.0125 0.05078125
0 0.6062500000000001 0.4755859375 0.00625 0.029296875
0 0.49609375 0.462890625 0.004687500000000001 0.015625
0 0.5320312500000001 0.46484375 0.004687500000000001 0.01171875
0 0.27109375 0.4716796875 0.010937500000000001 0.044921875
0 0.29296875 0.47265625 0.010937500000000001 0.046875
0 0.31562500000000004 0.4658203125 0.009375000000000001 0.044921875
0 0.32656250000000003 0.4658203125 0.009375000000000001 0.044921875
0 0.25390625 0.4580078125 0.010937500000000001 0.044921875
0 0.30546875 0.4609375 0.0078125 0.0390625
0 0.45390625 0.466796875 0.004687500000000001 0.015625
0 0.3359375 0.45703125 0.00625 0.01171875
1 0.6414062500000001 0.5556640625 0.026562500000000003 0.080078125
1 0.73046875 0.517578125 0.026562500000000003 0.0625
2 0.546875 0.4736328125 0.034375 0.021484375
2 0.47187500000000004 0.4716796875 0.021875000000000002 0.021484375
2 0.46015625000000004 0.4658203125 0.0140625 0.017578125
2 0.4453125 0.4677734375 0.0125 0.017578125
2 0.4078125 0.484375 0.065625 0.05859375
2 0.1921875 0.4677734375 0.06875 0.037109375
2 0.14375000000000002 0.4716796875 0.040625 0.044921875
2 0.0890625 0.4697265625 0.078125 0.056640625
2 0.04296875 0.462890625 0.051562500000000004 0.046875
2 0.03828125 0.529296875 0.0765625 0.1171875
2 0.010937500000000001 0.4580078125 0.021875000000000002 0.029296875
0 0.6429687500000001 0.5087890625 0.0390625 0.134765625
