9 0.08984375 0.40234375 0.0171875 0.02734375
9 0.09140625000000001 0.3740234375 0.0171875 0.025390625
0 0.46953125 0.4609375 0.004687500000000001 0.01171875
1 0.49375 0.4697265625 0.009375000000000001 0.017578125
1 0.2890625 0.525390625 0.034375 0.07421875
1 0.34140625 0.533203125 0.0390625 0.0859375
1 0.7796875000000001 0.5439453125 0.084375 0.126953125
1 0.73984375 0.55078125 0.0484375 0.109375
2 0.43828125 0.46875 0.0234375 0.02734375
2 0.42109375000000004 0.4697265625 0.0140625 0.033203125
2 0.40937500000000004 0.4716796875 0.021875000000000002 0.037109375
2 0.3953125 0.474609375 0.025 0.0390625
2 0.37421875000000004 0.4716796875 0.026562500000000003 0.056640625
2 0.31484375000000003 0.48828125 0.0234375 0.0703125
2 0.2625 0.4892578125 0.028125 0.072265625
2 0.18046875 0.482421875 0.1421875 0.12109375
2 0.62265625 0.4931640625 0.0671875 0.068359375
0 0.49375 0.4619140625 0.009375000000000001 0.025390625
0 0.28984375 0.48828125 0.0421875 0.12109375
0 0.34453125 0.4892578125 0.0484375 0.142578125
