0 0.634375 0.447265625 0.015625 0.03125
1 0.45234375000000004 0.46875 0.0140625 0.03515625
1 0.50703125 0.4521484375 0.0078125 0.021484375
1 0.48203125 0.443359375 0.004687500000000001 0.01171875
2 0.94296875 0.4609375 0.0671875 0.06640625
2 0.9734375000000001 0.4736328125 0.05 0.072265625
2 0.09296875 0.583984375 0.1859375 0.21875
2 0.209375 0.55078125 0.10312500000000001 0.125
2 0.25859375 0.52734375 0.060937500000000006 0.09375
2 0.309375 0.49609375 0.07187500000000001 0.0703125
2 0.34609375000000003 0.48046875 0.0671875 0.07421875
2 0.38359375 0.47265625 0.035937500000000004 0.046875
2 0.390625 0.466796875 0.040625 0.046875
2 0.42890625000000004 0.455078125 0.026562500000000003 0.02734375
2 0.4375 0.451171875 0.015625 0.0234375
2 0.45078125 0.443359375 0.0203125 0.01953125
2 0.45937500000000003 0.44140625 0.0125 0.01953125
2 0.46640625 0.44140625 0.0078125 0.015625
2 0.47265625 0.4384765625 0.0078125 0.009765625
2 0.47500000000000003 0.435546875 0.009375000000000001 0.01171875
2 0.49140625000000004 0.4404296875 0.0140625 0.017578125
2 0.49843750000000003 0.4345703125 0.0125 0.013671875
2 0.56953125 0.431640625 0.0203125 0.015625
2 0.853125 0.6689453125 0.290625 0.345703125
2 0.96015625 0.8974609375 0.0765625 0.201171875
2 0.67890625 0.529296875 0.1546875 0.14453125
2 0.609375 0.513671875 0.046875 0.09765625
2 0.59140625 0.484375 0.060937500000000006 0.06640625
2 0.571875 0.4638671875 0.046875 0.056640625
2 0.5484375 0.4580078125 0.021875000000000002 0.037109375
2 0.5390625 0.44921875 0.025 0.03515625
2 0.5265625 0.4482421875 0.009375000000000001 0.025390625
2 0.52578125 0.44140625 0.0171875 0.02734375
2 0.5203125000000001 0.4384765625 0.00625 0.017578125
0 0.45156250000000003 0.455078125 0.015625 0.04296875
0 0.50703125 0.4453125 0.0078125 0.0234375
0 0.48203125 0.4365234375 0.004687500000000001 0.017578125
