4 0.35000000000000003 0.4326171875 0.03125 0.041015625
7 0.37031250000000004 0.3369140625 0.009375000000000001 0.025390625
7 0.42031250000000003 0.353515625 0.00625 0.01953125
7 0.44609375 0.3876953125 0.004687500000000001 0.009765625
7 0.41250000000000003 0.39453125 0.003125 0.0078125
7 0.4546875 0.3955078125 0.003125 0.009765625
9 0.43203125000000003 0.3515625 0.0078125 0.0078125
0 0.48281250000000003 0.490234375 0.059375000000000004 0.1171875
0 0.478125 0.486328125 0.037500000000000006 0.12109375
2 0.40625 0.4677734375 0.05625 0.064453125
2 0.42734375 0.4462890625 0.026562500000000003 0.041015625
