4 0.41328125000000004 0.4248046875 0.026562500000000003 0.041015625
9 0.78515625 0.326171875 0.029687500000000002 0.0546875
9 0.275 0.373046875 0.015625 0.01953125
0 0.290625 0.4326171875 0.0125 0.048828125
1 0.30625 0.447265625 0.0125 0.03125
2 0.15859375 0.4697265625 0.11093750000000001 0.091796875
2 0.25 0.44921875 0.065625 0.05859375
2 0.84921875 0.521484375 0.2984375 0.34375
2 0.6828125 0.498046875 0.115625 0.13671875
2 0.59140625 0.4658203125 0.0859375 0.076171875
2 0.34921875 0.44140625 0.0203125 0.0234375
2 0.359375 0.4248046875 0.018750000000000003 0.013671875
0 0.30625 0.4296875 0.015625 0.046875
