4 0.5328125 0.3916015625 0.018750000000000003 0.021484375
9 0.9281250000000001 0.3310546875 0.028125 0.037109375
9 0.925 0.3955078125 0.021875000000000002 0.009765625
9 0.6429687500000001 0.3818359375 0.0078125 0.013671875
0 0.25703125 0.4130859375 0.029687500000000002 0.099609375
0 0.9828125000000001 0.4638671875 0.028125 0.076171875
0 0.90625 0.4521484375 0.018750000000000003 0.056640625
0 0.76171875 0.431640625 0.010937500000000001 0.05078125
0 0.415625 0.4033203125 0.0125 0.037109375
0 0.6078125000000001 0.4140625 0.00625 0.015625
2 0.52890625 0.4169921875 0.0328125 0.033203125
2 0.484375 0.4072265625 0.034375 0.017578125
