9 0.56171875 0.45703125 0.026562500000000003 0.04296875
0 0.11093750000000001 0.46875 0.021875000000000002 0.05859375
0 0.12812500000000002 0.4677734375 0.018750000000000003 0.060546875
0 0.1484375 0.4658203125 0.018750000000000003 0.056640625
0 0.16953125000000002 0.470703125 0.0171875 0.05859375
0 0.2078125 0.4755859375 0.021875000000000002 0.068359375
0 0.21953125 0.4755859375 0.0140625 0.052734375
0 0.24296875 0.4736328125 0.0234375 0.064453125
0 0.26640625 0.4775390625 0.0171875 0.044921875
0 0.28515625 0.4755859375 0.0140625 0.048828125
0 0.30781250000000004 0.4697265625 0.0125 0.037109375
2 0.3515625 0.4814453125 0.043750000000000004 0.052734375
2 0.42265625 0.482421875 0.0390625 0.03515625
2 0.0921875 0.587890625 0.184375 0.29296875
9 0.56171875 0.4169921875 0.029687500000000002 0.037109375
7 0.32734375000000004 0.39453125 0.0078125 0.01953125
9 0.5890625 0.28515625 0.034375 0.07421875
