9 0.67734375 0.3466796875 0.0328125 0.056640625
0 0.35390625000000003 0.5322265625 0.051562500000000004 0.158203125
0 0.09921875000000001 0.4560546875 0.0171875 0.041015625
0 0.1265625 0.4609375 0.021875000000000002 0.0625
0 0.13984375000000002 0.4609375 0.0171875 0.05859375
1 0.8890625000000001 0.54296875 0.096875 0.08984375
1 0.92578125 0.54296875 0.0859375 0.09765625
1 0.16640625 0.5390625 0.0421875 0.09765625
1 0.12187500000000001 0.53515625 0.05 0.09765625
2 0.053125000000000006 0.5009765625 0.10625000000000001 0.080078125
