7 0.46796875000000004 0.15625 0.0171875 0.05859375
7 0.6765625000000001 0.3134765625 0.015625 0.056640625
7 0.1125 0.302734375 0.015625 0.0546875
9 0.8109375000000001 0.333984375 0.015625 0.015625
9 0.81015625 0.3525390625 0.0484375 0.017578125
0 0.984375 0.453125 0.018750000000000003 0.046875
0 0.8546875 0.4462890625 0.018750000000000003 0.044921875
0 0.71796875 0.6357421875 0.1859375 0.537109375
0 0.6312500000000001 0.4873046875 0.025 0.119140625
0 0.60703125 0.4873046875 0.0421875 0.123046875
0 0.5046875000000001 0.447265625 0.00625 0.01953125
0 0.46328125000000003 0.4501953125 0.0078125 0.033203125
0 0.453125 0.451171875 0.0125 0.03125
0 0.43046875 0.4443359375 0.0078125 0.017578125
0 0.42109375000000004 0.4453125 0.0078125 0.015625
0 0.0390625 0.4375 0.021875000000000002 0.0234375
0 0.06328125 0.4384765625 0.0171875 0.025390625
0 0.08046875 0.4365234375 0.0171875 0.025390625
0 0.10078125 0.4443359375 0.0140625 0.029296875
2 0.571875 0.4775390625 0.0625 0.064453125
2 0.540625 0.4677734375 0.025 0.044921875
2 0.52890625 0.462890625 0.0171875 0.0390625
2 0.5140625 0.451171875 0.018750000000000003 0.0234375
2 0.47578125000000004 0.4453125 0.0171875 0.015625
2 0.3453125 0.46484375 0.10312500000000001 0.05078125
1 0.209375 0.474609375 0.025 0.0546875
