9 0.675 0.41796875 0.028125 0.03125
9 0.48515625 0.43359375 0.010937500000000001 0.015625
0 0.434375 0.4892578125 0.018750000000000003 0.064453125
0 0.453125 0.490234375 0.018750000000000003 0.06640625
2 0.08203125 0.5361328125 0.1640625 0.244140625
2 0.259375 0.5185546875 0.12812500000000002 0.107421875
2 0.3359375 0.5029296875 0.08125 0.095703125
2 0.37890625 0.501953125 0.035937500000000004 0.0703125
2 0.40625 0.498046875 0.053125000000000006 0.05859375
2 0.46718750000000003 0.474609375 0.028125 0.03515625
2 0.57265625 0.48046875 0.010937500000000001 0.0234375
2 0.5546875 0.4794921875 0.03125 0.029296875
2 0.728125 0.537109375 0.125 0.1328125
0 0.65234375 0.51171875 0.0578125 0.1796875
0 0.60859375 0.4912109375 0.0203125 0.099609375
0 0.59296875 0.49609375 0.029687500000000002 0.109375
15 0.65390625 0.609375 0.029687500000000002 0.01953125
15 0.5953125 0.55859375 0.015625 0.015625
15 0.60546875 0.546875 0.0140625 0.01171875
