7 0.38359375 0.451171875 0.004687500000000001 0.01953125
7 0.5671875000000001 0.455078125 0.00625 0.01953125
0 0.09609375 0.4970703125 0.0171875 0.060546875
0 0.11484375000000001 0.486328125 0.0203125 0.046875
0 0.15234375 0.5048828125 0.0203125 0.068359375
0 0.20703125 0.4931640625 0.010937500000000001 0.025390625
0 0.9765625 0.5380859375 0.040625 0.142578125
0 0.8929687500000001 0.521484375 0.029687500000000002 0.0703125
1 0.5671875000000001 0.5322265625 0.018750000000000003 0.044921875
2 0.05234375 0.5615234375 0.1046875 0.130859375
2 0.5554687500000001 0.50390625 0.0171875 0.03125
2 0.509375 0.494140625 0.021875000000000002 0.0234375
2 0.49296875 0.4892578125 0.0140625 0.013671875
2 0.47890625000000003 0.552734375 0.1265625 0.125
0 0.565625 0.51953125 0.015625 0.05859375
8 0.39687500000000003 0.5078125 0.00625 0.01953125
