1 0.33984375 0.57421875 0.09843750000000001 0.21484375
2 0.5945312500000001 0.494140625 0.22968750000000002 0.29296875
2 0.94453125 0.517578125 0.1078125 0.16015625
2 0.878125 0.4833984375 0.240625 0.193359375
2 0.80390625 0.474609375 0.13593750000000002 0.14453125
2 0.7234375000000001 0.482421875 0.028125 0.0390625
2 0.06640625 0.509765625 0.1328125 0.328125
2 0.1796875 0.4814453125 0.23750000000000002 0.232421875
2 0.2890625 0.4697265625 0.209375 0.166015625
2 0.415625 0.46875 0.14375000000000002 0.15234375
2 0.7312500000000001 0.4931640625 0.0125 0.037109375
0 0.33437500000000003 0.5009765625 0.09062500000000001 0.287109375
