7 0.7078125000000001 0.2666015625 0.015625 0.041015625
7 0.63828125 0.392578125 0.0171875 0.01953125
7 0.5203125000000001 0.3779296875 0.00625 0.021484375
9 0.76875 0.3388671875 0.015625 0.056640625
9 0.23984375000000002 0.4375 0.010937500000000001 0.015625
0 0.12812500000000002 0.4609375 0.018750000000000003 0.06640625
0 0.10703125000000001 0.4697265625 0.0203125 0.072265625
0 0.08515625 0.4658203125 0.0234375 0.072265625
0 0.07578125000000001 0.447265625 0.0203125 0.04296875
0 0.28750000000000003 0.44921875 0.0125 0.046875
0 0.2703125 0.44921875 0.0125 0.046875
1 0.49296875 0.458984375 0.0171875 0.03125
1 0.4546875 0.458984375 0.015625 0.03125
1 0.5164062500000001 0.4580078125 0.0171875 0.029296875
2 0.85078125 0.52734375 0.2734375 0.20703125
2 0.70078125 0.5 0.13593750000000002 0.1328125
2 0.6273437500000001 0.4853515625 0.0921875 0.099609375
8 0.1609375 0.4921875 0.0125 0.0390625
