7 0.6015625 0.447265625 0.00625 0.01953125
7 0.35468750000000004 0.443359375 0.00625 0.0234375
0 0.6726562500000001 0.509765625 0.0078125 0.02734375
0 0.67578125 0.5146484375 0.0078125 0.037109375
0 0.6875 0.5107421875 0.00625 0.037109375
0 0.6937500000000001 0.5107421875 0.009375000000000001 0.033203125
0 0.7000000000000001 0.5078125 0.009375000000000001 0.02734375
0 0.7203125 0.501953125 0.015625 0.0234375
0 0.7625000000000001 0.5048828125 0.0125 0.029296875
0 0.7742187500000001 0.4990234375 0.010937500000000001 0.033203125
0 0.7828125 0.5048828125 0.00625 0.025390625
0 0.7953125000000001 0.4990234375 0.0125 0.033203125
0 0.86328125 0.521484375 0.0203125 0.078125
0 0.8812500000000001 0.5029296875 0.015625 0.056640625
0 0.9375 0.5283203125 0.034375 0.115234375
0 0.9640625 0.5341796875 0.03125 0.103515625
0 0.875 0.5537109375 0.028125 0.087890625
0 0.27265625 0.4970703125 0.0140625 0.033203125
0 0.3671875 0.5078125 0.0125 0.04296875
1 0.59296875 0.5380859375 0.0234375 0.044921875
2 0.5 0.517578125 0.05625 0.07421875
2 0.4859375 0.537109375 0.07500000000000001 0.09765625
2 0.44062500000000004 0.5693359375 0.146875 0.154296875
2 0.1078125 0.5849609375 0.215625 0.189453125
0 0.5921875 0.521484375 0.025 0.06640625
8 0.2734375 0.5322265625 0.0125 0.037109375
