2 0.375 0.4921875 0.015625 0.0234375
2 0.36015625 0.4931640625 0.0203125 0.025390625
2 0.34921875 0.4970703125 0.0234375 0.029296875
2 0.32578125 0.5 0.035937500000000004 0.0390625
2 0.31562500000000004 0.5029296875 0.03125 0.037109375
2 0.2859375 0.5048828125 0.040625 0.048828125
2 0.2546875 0.513671875 0.0625 0.0546875
2 0.04609375 0.5302734375 0.0921875 0.138671875
2 0.05234375 0.490234375 0.09531250000000001 0.08203125
2 0.45390625 0.490234375 0.0140625 0.015625
2 0.46875 0.4892578125 0.015625 0.017578125
2 0.48671875000000003 0.4912109375 0.026562500000000003 0.025390625
2 0.48984375 0.4931640625 0.0203125 0.025390625
2 0.49843750000000003 0.4990234375 0.018750000000000003 0.029296875
2 0.50703125 0.501953125 0.0234375 0.03515625
2 0.521875 0.50390625 0.025 0.05078125
2 0.5320312500000001 0.505859375 0.026562500000000003 0.0546875
2 0.54921875 0.5068359375 0.035937500000000004 0.052734375
2 0.57578125 0.515625 0.051562500000000004 0.0703125
2 0.5859375 0.525390625 0.028125 0.07421875
2 0.67578125 0.51953125 0.1765625 0.16796875
2 0.9375 0.662109375 0.12187500000000001 0.19140625
0 0.21406250000000002 0.509765625 0.040625 0.234375
15 0.2109375 0.630859375 0.028125 0.015625
