4 0.5203125000000001 0.3984375 0.037500000000000006 0.05859375
4 0.49296875 0.3935546875 0.0234375 0.037109375
7 0.9109375000000001 0.2119140625 0.046875 0.068359375
7 0.9593750000000001 0.140625 0.046875 0.14453125
7 0.21015625000000002 0.3359375 0.010937500000000001 0.03125
0 0.37578125 0.484375 0.1078125 0.21484375
0 0.28359375000000003 0.3974609375 0.0140625 0.025390625
0 0.30390625000000004 0.40234375 0.010937500000000001 0.03125
0 0.325 0.412109375 0.0125 0.0390625
0 0.35625 0.4189453125 0.018750000000000003 0.064453125
0 0.34765625 0.4169921875 0.0140625 0.052734375
2 0.75390625 0.603515625 0.4890625 0.6328125
2 0.44765625000000003 0.4306640625 0.09531250000000001 0.060546875
2 0.24609375 0.42578125 0.15781250000000002 0.07421875
2 0.0859375 0.4375 0.171875 0.1328125
2 0.018750000000000003 0.6650390625 0.037500000000000006 0.279296875
