7 0.20390625 0.359375 0.0078125 0.0234375
7 0.29140625000000003 0.3466796875 0.010937500000000001 0.025390625
7 0.56875 0.3544921875 0.00625 0.017578125
7 0.5828125000000001 0.3544921875 0.00625 0.017578125
7 0.6125 0.4013671875 0.009375000000000001 0.025390625
7 0.54453125 0.4140625 0.004687500000000001 0.015625
7 0.51796875 0.4130859375 0.004687500000000001 0.013671875
7 0.44062500000000004 0.3818359375 0.00625 0.021484375
7 0.37109375 0.3759765625 0.0078125 0.017578125
7 0.553125 0.3984375 0.00625 0.01953125
7 0.546875 0.431640625 0.003125 0.00390625
7 0.6156250000000001 0.4267578125 0.003125 0.009765625
7 0.21953125 0.4228515625 0.004687500000000001 0.013671875
7 0.1046875 0.416015625 0.00625 0.01953125
9 0.81640625 0.3466796875 0.0234375 0.044921875
9 0.8140625 0.2919921875 0.025 0.056640625
9 0.38125000000000003 0.373046875 0.009375000000000001 0.01171875
9 0.47421875 0.3974609375 0.0203125 0.009765625
9 0.14921875 0.3876953125 0.026562500000000003 0.009765625
9 0.60703125 0.380859375 0.010937500000000001 0.0078125
0 0.434375 0.45703125 0.0125 0.03125
0 0.5164062500000001 0.45703125 0.0140625 0.03515625
0 0.5242187500000001 0.45703125 0.0140625 0.03515625
0 0.5328125 0.4580078125 0.009375000000000001 0.033203125
2 0.2609375 0.4736328125 0.06875 0.056640625
2 0.29531250000000003 0.4560546875 0.025 0.021484375
2 0.30859375 0.451171875 0.0234375 0.02734375
2 0.32578125 0.4521484375 0.0140625 0.021484375
2 0.35000000000000003 0.45703125 0.043750000000000004 0.0390625
2 0.46875 0.45703125 0.043750000000000004 0.046875
2 0.77265625 0.451171875 0.0765625 0.05078125
2 0.1046875 0.458984375 0.05 0.02734375
2 0.37265625 0.4501953125 0.0171875 0.021484375
2 0.38359375 0.44921875 0.010937500000000001 0.015625
2 0.2703125 0.4521484375 0.037500000000000006 0.025390625
