7 0.0859375 0.3759765625 0.0125 0.044921875
7 0.6820312500000001 0.3837890625 0.010937500000000001 0.044921875
7 0.41015625 0.4580078125 0.004687500000000001 0.013671875
7 0.56015625 0.4609375 0.004687500000000001 0.015625
9 0.675 0.4404296875 0.025 0.048828125
9 0.09843750000000001 0.427734375 0.028125 0.046875
0 0.246875 0.490234375 0.0125 0.0234375
0 0.2625 0.4921875 0.0125 0.0234375
0 0.34765625 0.4921875 0.0078125 0.0234375
0 0.36015625 0.4931640625 0.0078125 0.021484375
0 0.7015625000000001 0.5 0.018750000000000003 0.046875
0 0.7875000000000001 0.5205078125 0.025 0.083984375
0 0.8296875 0.521484375 0.021875000000000002 0.0859375
2 0.5109375 0.5 0.018750000000000003 0.0234375
