1 0.5609375 0.611328125 0.28750000000000003 0.22265625
1 0.39609375 0.55078125 0.16718750000000002 0.14453125
1 0.19921875 0.529296875 0.0390625 0.1171875
1 0.278125 0.51171875 0.03125 0.07421875
1 0.23671875 0.5244140625 0.0328125 0.083984375
1 0.31015625 0.498046875 0.0234375 0.0546875
2 0.50390625 0.482421875 0.0140625 0.046875
2 0.49296875 0.48046875 0.010937500000000001 0.0390625
2 0.4859375 0.48046875 0.009375000000000001 0.03125
2 0.1625 0.4814453125 0.05 0.087890625
2 0.0421875 0.5068359375 0.084375 0.123046875
0 0.56796875 0.5341796875 0.1328125 0.337890625
0 0.390625 0.501953125 0.09375 0.1953125
0 0.19375 0.4873046875 0.05 0.150390625
0 0.278125 0.4814453125 0.03125 0.095703125
0 0.23593750000000002 0.484375 0.034375 0.12109375
0 0.31015625 0.4755859375 0.0234375 0.083984375
7 0.61484375 0.33203125 0.010937500000000001 0.03515625
