7 0.86640625 0.5908203125 0.0140625 0.017578125
7 0.98828125 0.4228515625 0.0203125 0.060546875
7 0.15234375 0.396484375 0.0203125 0.05859375
7 0.66796875 0.3876953125 0.0234375 0.060546875
7 0.66328125 0.529296875 0.010937500000000001 0.03515625
7 0.55 0.474609375 0.00625 0.01953125
9 0.99140625 0.474609375 0.0140625 0.04296875
9 0.15937500000000002 0.4697265625 0.028125 0.041015625
9 0.66328125 0.44921875 0.035937500000000004 0.04296875
0 0.9085937500000001 0.6064453125 0.035937500000000004 0.095703125
0 0.884375 0.5966796875 0.037500000000000006 0.107421875
0 0.15703125 0.548828125 0.029687500000000002 0.1015625
0 0.6453125000000001 0.5322265625 0.009375000000000001 0.025390625
0 0.6546875000000001 0.5322265625 0.00625 0.025390625
0 0.70859375 0.533203125 0.0078125 0.02734375
0 0.63203125 0.53125 0.004687500000000001 0.0234375
0 0.6078125000000001 0.5302734375 0.00625 0.021484375
0 0.6195312500000001 0.5302734375 0.0078125 0.025390625
6 0.484375 0.4990234375 0.109375 0.138671875
3 0.20234375000000002 0.5615234375 0.0765625 0.072265625
3 0.03515625 0.53515625 0.026562500000000003 0.05859375
3 0.2328125 0.53515625 0.037500000000000006 0.0390625
2 0.58125 0.611328125 0.12187500000000001 0.1484375
2 0.48515625 0.7138671875 0.31093750000000003 0.326171875
2 0.39140625 0.615234375 0.1609375 0.22265625
2 0.2703125 0.5224609375 0.034375 0.033203125
0 0.23203125000000002 0.525390625 0.0203125 0.0390625
