7 0.6781250000000001 0.3857421875 0.018750000000000003 0.029296875
7 0.67890625 0.3134765625 0.0171875 0.056640625
7 0.46796875000000004 0.1533203125 0.0203125 0.060546875
7 0.11015625000000001 0.3046875 0.0203125 0.06640625
7 0.10703125000000001 0.3759765625 0.0171875 0.033203125
9 0.815625 0.3525390625 0.05 0.021484375
9 0.8148437500000001 0.3310546875 0.0203125 0.021484375
0 0.045312500000000006 0.478515625 0.059375000000000004 0.1328125
0 0.09765625 0.447265625 0.0140625 0.03125
0 0.07890625000000001 0.4443359375 0.0203125 0.037109375
0 0.16796875 0.4453125 0.0140625 0.0390625
0 0.49843750000000003 0.4453125 0.00625 0.015625
0 0.49843750000000003 0.4453125 0.00625 0.015625
0 0.63203125 0.455078125 0.010937500000000001 0.04296875
0 0.721875 0.4619140625 0.018750000000000003 0.072265625
0 0.78671875 0.4619140625 0.0234375 0.072265625
0 0.8625 0.447265625 0.018750000000000003 0.04296875
0 0.98984375 0.453125 0.0171875 0.046875
2 0.2671875 0.4658203125 0.11875000000000001 0.056640625
2 0.5789062500000001 0.4794921875 0.060937500000000006 0.060546875
2 0.55234375 0.4716796875 0.0234375 0.048828125
2 0.54296875 0.46875 0.026562500000000003 0.046875
2 0.53828125 0.4638671875 0.026562500000000003 0.041015625
2 0.534375 0.455078125 0.03125 0.03515625
2 0.5171875 0.453125 0.015625 0.0234375
2 0.5109375 0.451171875 0.009375000000000001 0.01953125
2 0.5046875000000001 0.44921875 0.009375000000000001 0.015625
2 0.47890625000000003 0.44921875 0.010937500000000001 0.01171875
1 0.20859375000000002 0.4775390625 0.026562500000000003 0.048828125
