0 0.353125 0.44921875 0.009375000000000001 0.03125
0 0.38984375000000004 0.453125 0.0078125 0.02734375
0 0.59140625 0.474609375 0.0140625 0.05078125
0 0.60703125 0.4794921875 0.0140625 0.060546875
0 0.62109375 0.4775390625 0.0140625 0.060546875
1 0.43359375 0.4541015625 0.0078125 0.013671875
2 0.9085937500000001 0.533203125 0.1796875 0.11328125
2 0.953125 0.45703125 0.09062500000000001 0.046875
2 0.89765625 0.453125 0.1546875 0.06640625
2 0.6804687500000001 0.482421875 0.1046875 0.0703125
0 0.43359375 0.4453125 0.0078125 0.0234375
