7 0.290625 0.4228515625 0.00625 0.021484375
7 0.58984375 0.431640625 0.0078125 0.0234375
9 0.29140625000000003 0.4501953125 0.0140625 0.025390625
9 0.5859375 0.45703125 0.0125 0.0234375
7 0.16953125000000002 0.3779296875 0.026562500000000003 0.056640625
7 0.76484375 0.384765625 0.0234375 0.05859375
0 0.03515625 0.4970703125 0.029687500000000002 0.091796875
0 0.8953125000000001 0.4873046875 0.03125 0.048828125
0 0.9500000000000001 0.5126953125 0.028125 0.107421875
0 0.6671875 0.5009765625 0.009375000000000001 0.017578125
0 0.6312500000000001 0.48828125 0.009375000000000001 0.015625
0 0.35078125000000004 0.48046875 0.004687500000000001 0.0078125
0 0.37812500000000004 0.48046875 0.00625 0.01171875
0 0.3875 0.4814453125 0.00625 0.009765625
2 0.49375 0.4931640625 0.018750000000000003 0.021484375
2 0.5 0.4892578125 0.0125 0.017578125
2 0.39687500000000003 0.498046875 0.034375 0.03515625
