7 0.1234375 0.3310546875 0.015625 0.060546875
7 0.48281250000000003 0.1689453125 0.015625 0.064453125
7 0.6976562500000001 0.32421875 0.0171875 0.05859375
9 0.8390625 0.3671875 0.05 0.015625
9 0.83984375 0.3486328125 0.0203125 0.017578125
9 0.63671875 0.388671875 0.0203125 0.02734375
9 0.6351562500000001 0.41015625 0.010937500000000001 0.015625
0 0.421875 0.435546875 0.00625 0.01953125
0 0.30546875 0.451171875 0.0078125 0.04296875
0 0.2609375 0.451171875 0.0125 0.0390625
0 0.06796875000000001 0.4716796875 0.026562500000000003 0.052734375
0 0.8671875 0.431640625 0.009375000000000001 0.03515625
0 0.8765625 0.4384765625 0.009375000000000001 0.037109375
1 0.7703125000000001 0.4931640625 0.021875000000000002 0.064453125
1 0.7390625000000001 0.49609375 0.025 0.05859375
1 0.72421875 0.49609375 0.0234375 0.05859375
1 0.7875000000000001 0.4794921875 0.040625 0.033203125
1 0.19375 0.484375 0.040625 0.04296875
1 0.15781250000000002 0.4833984375 0.018750000000000003 0.041015625
1 0.1328125 0.50390625 0.0625 0.06640625
2 0.59296875 0.482421875 0.06406250000000001 0.06640625
2 0.5632812500000001 0.4658203125 0.0421875 0.052734375
2 0.5421875 0.4560546875 0.025 0.037109375
2 0.51953125 0.44140625 0.026562500000000003 0.02734375
2 0.50234375 0.4375 0.010937500000000001 0.015625
2 0.46796875000000004 0.4384765625 0.0078125 0.009765625
2 0.4578125 0.4365234375 0.015625 0.013671875
2 0.43828125 0.443359375 0.0234375 0.0234375
2 0.078125 0.4560546875 0.078125 0.037109375
