7 0.78125 0.4072265625 0.015625 0.021484375
7 0.7859375000000001 0.361328125 0.009375000000000001 0.03515625
7 0.62109375 0.36328125 0.0078125 0.03125
7 0.609375 0.3642578125 0.009375000000000001 0.029296875
9 0.15078125 0.4013671875 0.0171875 0.009765625
3 0.8460937500000001 0.486328125 0.0921875 0.0703125
2 0.94140625 0.4775390625 0.11406250000000001 0.091796875
2 0.38359375 0.470703125 0.0578125 0.05078125
2 0.290625 0.470703125 0.07187500000000001 0.02734375
0 0.8562500000000001 0.466796875 0.040625 0.09375
