0 0.52109375 0.45703125 0.0078125 0.0234375
0 0.5140625 0.45703125 0.00625 0.0234375
0 0.5078125 0.4580078125 0.00625 0.025390625
2 0.95703125 0.5146484375 0.08281250000000001 0.166015625
2 0.69921875 0.5166015625 0.1171875 0.115234375
2 0.74609375 0.474609375 0.0234375 0.046875
2 0.65 0.501953125 0.05625 0.0859375
2 0.6156250000000001 0.4755859375 0.043750000000000004 0.044921875
2 0.6023437500000001 0.4638671875 0.0390625 0.037109375
2 0.58359375 0.4580078125 0.010937500000000001 0.021484375
2 0.546875 0.458984375 0.009375000000000001 0.015625
2 0.5328125 0.4560546875 0.018750000000000003 0.017578125
2 0.49921875000000004 0.4560546875 0.010937500000000001 0.029296875
2 0.484375 0.4560546875 0.025 0.029296875
2 0.48359375000000004 0.4609375 0.0171875 0.0234375
2 0.45625000000000004 0.466796875 0.037500000000000006 0.0390625
2 0.41875 0.474609375 0.05625 0.0546875
2 0.38671875 0.4833984375 0.029687500000000002 0.064453125
2 0.34296875000000004 0.4814453125 0.07968750000000001 0.087890625
2 0.31562500000000004 0.5009765625 0.06875 0.080078125
2 0.24921875000000002 0.5107421875 0.11406250000000001 0.103515625
2 0.11875000000000001 0.5341796875 0.209375 0.134765625
0 0.5703125 0.466796875 0.015625 0.046875
0 0.5554687500000001 0.4677734375 0.010937500000000001 0.041015625
15 0.5710937500000001 0.4912109375 0.0078125 0.005859375
15 0.5554687500000001 0.48828125 0.0078125 0.00390625
