9 0.59609375 0.3505859375 0.0203125 0.029296875
9 0.59375 0.3125 0.028125 0.046875
0 0.20859375000000002 0.4384765625 0.0140625 0.044921875
0 0.22421875000000002 0.439453125 0.0140625 0.04296875
0 0.24140625000000002 0.44140625 0.010937500000000001 0.0390625
0 0.25390625 0.44140625 0.010937500000000001 0.0390625
0 0.26796875000000003 0.4462890625 0.0078125 0.029296875
0 0.2859375 0.4443359375 0.00625 0.025390625
0 0.5109375 0.431640625 0.0125 0.04296875
0 0.53515625 0.421875 0.010937500000000001 0.03515625
0 0.54921875 0.421875 0.010937500000000001 0.0390625
0 0.5632812500000001 0.4228515625 0.010937500000000001 0.041015625
0 0.5828125000000001 0.4228515625 0.015625 0.052734375
0 0.6390625000000001 0.419921875 0.015625 0.05078125
0 0.6171875 0.4169921875 0.0125 0.048828125
0 0.68671875 0.4423828125 0.0203125 0.083984375
0 0.70703125 0.439453125 0.0234375 0.08203125
0 0.7679687500000001 0.4609375 0.0390625 0.109375
0 0.625 0.4208984375 0.00625 0.041015625
2 0.09921875000000001 0.4853515625 0.15781250000000002 0.130859375
2 0.83125 0.4482421875 0.09375 0.083984375
2 0.91796875 0.4677734375 0.0671875 0.056640625
2 0.97265625 0.4619140625 0.051562500000000004 0.068359375
2 0.44453125000000004 0.4453125 0.029687500000000002 0.01953125
