7 0.8367187500000001 0.33203125 0.010937500000000001 0.03515625
7 0.7671875 0.2275390625 0.015625 0.041015625
7 0.7000000000000001 0.3779296875 0.021875000000000002 0.021484375
7 0.5554687500000001 0.37109375 0.0078125 0.0234375
7 0.53125 0.3681640625 0.00625 0.021484375
7 0.55625 0.40625 0.0125 0.01171875
7 0.93359375 0.3544921875 0.0140625 0.052734375
9 0.32421875 0.4375 0.010937500000000001 0.01171875
9 0.31875000000000003 0.3896484375 0.0125 0.017578125
9 0.20468750000000002 0.4404296875 0.0125 0.021484375
0 0.51796875 0.4541015625 0.0140625 0.056640625
0 0.54140625 0.455078125 0.010937500000000001 0.0390625
0 0.50625 0.44140625 0.009375000000000001 0.0234375
0 0.39921875 0.4384765625 0.0140625 0.017578125
0 0.25859375 0.4521484375 0.010937500000000001 0.056640625
0 0.23671875 0.4541015625 0.0171875 0.056640625
0 0.03515625 0.46875 0.0203125 0.0859375
0 0.022656250000000003 0.478515625 0.026562500000000003 0.06640625
0 0.55703125 0.4599609375 0.0171875 0.044921875
1 0.52890625 0.4658203125 0.0171875 0.037109375
1 0.5 0.4658203125 0.018750000000000003 0.033203125
1 0.45390625 0.46484375 0.0171875 0.03515625
2 0.89375 0.5703125 0.209375 0.28515625
2 0.7601562500000001 0.5166015625 0.2109375 0.162109375
8 0.049218750000000006 0.5107421875 0.0171875 0.056640625
