7 0.96875 0.0322265625 0.025 0.064453125
7 0.83359375 0.271484375 0.0171875 0.0546875
7 0.8359375 0.3125 0.0125 0.015625
7 0.6390625000000001 0.318359375 0.0125 0.04296875
7 0.640625 0.365234375 0.0125 0.015625
7 0.4234375 0.224609375 0.015625 0.046875
7 0.259375 0.2431640625 0.0125 0.041015625
9 0.6515625 0.349609375 0.028125 0.0078125
9 0.2890625 0.224609375 0.028125 0.03515625
9 0.63046875 0.2529296875 0.051562500000000004 0.029296875
0 0.64609375 0.451171875 0.0328125 0.04296875
2 0.86640625 0.392578125 0.26406250000000003 0.15234375
2 0.4296875 0.4296875 0.025 0.0234375
2 0.4578125 0.4248046875 0.009375000000000001 0.009765625
2 0.446875 0.4228515625 0.009375000000000001 0.009765625
2 0.19453125000000002 0.4345703125 0.0234375 0.021484375
2 0.08359375000000001 0.4423828125 0.035937500000000004 0.021484375
2 0.4921875 0.4248046875 0.015625 0.017578125
2 0.478125 0.423828125 0.009375000000000001 0.01171875
2 0.46875 0.423828125 0.009375000000000001 0.01171875
