7 0.421875 0.4248046875 0.003125 0.009765625
7 0.38203125000000004 0.4169921875 0.004687500000000001 0.009765625
7 0.35703125 0.4208984375 0.004687500000000001 0.009765625
9 0.9734375000000001 0.23828125 0.05 0.09375
9 0.55625 0.3779296875 0.021875000000000002 0.029296875
9 0.56015625 0.40625 0.0171875 0.01171875
9 0.43281250000000004 0.4306640625 0.0125 0.005859375
9 0.5859375 0.3935546875 0.018750000000000003 0.029296875
9 0.03515625 0.390625 0.029687500000000002 0.03125
9 0.03515625 0.4208984375 0.0171875 0.009765625
1 0.57734375 0.5 0.029687500000000002 0.0546875
2 0.44140625 0.4619140625 0.010937500000000001 0.021484375
2 0.45156250000000003 0.462890625 0.018750000000000003 0.0234375
2 0.41640625000000003 0.462890625 0.0140625 0.015625
2 0.38515625000000003 0.4638671875 0.0234375 0.021484375
15 0.36015625 0.455078125 0.0203125 0.03515625
2 0.2234375 0.50390625 0.16562500000000002 0.12890625
0 0.578125 0.4736328125 0.028125 0.087890625
9 0.153125 0.4169921875 0.0125 0.017578125
9 0.521875 0.4208984375 0.018750000000000003 0.005859375
