9 0.58046875 0.474609375 0.0234375 0.03125
2 0.17265625 0.5361328125 0.045312500000000006 0.029296875
2 0.13515625 0.53125 0.035937500000000004 0.02734375
2 0.2625 0.5478515625 0.05 0.048828125
2 0.33437500000000003 0.537109375 0.03125 0.03125
2 0.3953125 0.5439453125 0.034375 0.044921875
2 0.46328125000000003 0.541015625 0.0171875 0.01953125
2 0.47578125000000004 0.5439453125 0.0140625 0.025390625
2 0.51015625 0.5703125 0.07968750000000001 0.08203125
2 0.03515625 0.52734375 0.0234375 0.0234375
