4 0.4296875 0.4521484375 0.08750000000000001 0.041015625
4 0.5164062500000001 0.447265625 0.060937500000000006 0.0859375
4 0.6515625 0.4365234375 0.153125 0.115234375
4 0.88671875 0.3876953125 0.2234375 0.083984375
0 0.11484375000000001 0.490234375 0.0171875 0.046875
0 0.1265625 0.49609375 0.015625 0.0546875
0 0.14140625 0.4951171875 0.0140625 0.052734375
0 0.16953125000000002 0.4873046875 0.0140625 0.048828125
0 0.34375 0.458984375 0.003125 0.0078125
0 0.34687500000000004 0.4599609375 0.003125 0.009765625
0 0.37031250000000004 0.462890625 0.00625 0.0234375
0 0.37734375000000003 0.4638671875 0.0078125 0.021484375
0 0.384375 0.4638671875 0.00625 0.021484375
0 0.5593750000000001 0.453125 0.009375000000000001 0.03125
0 0.54921875 0.4599609375 0.010937500000000001 0.041015625
0 0.4765625 0.458984375 0.0125 0.04296875
0 0.46875 0.4609375 0.009375000000000001 0.0390625
0 0.63828125 0.4658203125 0.0203125 0.091796875
0 0.6234375000000001 0.4638671875 0.025 0.099609375
0 0.7375 0.4736328125 0.046875 0.150390625
2 0.45390625 0.4638671875 0.026562500000000003 0.025390625
2 0.9515625000000001 0.4853515625 0.09375 0.111328125
2 0.9164062500000001 0.447265625 0.1640625 0.1484375
2 0.853125 0.4462890625 0.15000000000000002 0.103515625
0 0.4265625 0.4658203125 0.018750000000000003 0.068359375
8 0.33984375 0.478515625 0.0078125 0.01953125
15 0.42734375 0.5 0.010937500000000001 0.00390625
