7 0.08203125 0.3232421875 0.0171875 0.052734375
7 0.07500000000000001 0.384765625 0.021875000000000002 0.01953125
7 0.6312500000000001 0.3359375 0.015625 0.04296875
7 0.6265625 0.3828125 0.015625 0.0234375
9 0.5789062500000001 0.396484375 0.0171875 0.02734375
0 0.057031250000000006 0.46875 0.026562500000000003 0.08984375
1 0.6984375 0.54296875 0.065625 0.16015625
1 0.5953125 0.51171875 0.034375 0.0859375
2 0.5710937500000001 0.47265625 0.0546875 0.07421875
2 0.503125 0.4697265625 0.028125 0.029296875
2 0.453125 0.4658203125 0.059375000000000004 0.087890625
2 0.42421875000000003 0.48828125 0.1078125 0.11328125
0 0.69921875 0.4833984375 0.0671875 0.224609375
0 0.5953125 0.4794921875 0.034375 0.119140625
