7 0.17734375000000002 0.2939453125 0.0203125 0.064453125
7 0.178125 0.365234375 0.018750000000000003 0.02734375
7 0.7820312500000001 0.2744140625 0.026562500000000003 0.072265625
7 0.7796875000000001 0.3486328125 0.018750000000000003 0.029296875
7 0.5476562500000001 0.1103515625 0.0203125 0.072265625
0 0.71484375 0.45703125 0.0203125 0.05078125
0 0.73046875 0.455078125 0.0140625 0.04296875
0 0.6414062500000001 0.44921875 0.010937500000000001 0.0390625
0 0.3765625 0.455078125 0.018750000000000003 0.0703125
0 0.12265625000000001 0.34375 0.0140625 0.0390625
1 0.734375 0.4697265625 0.025 0.052734375
1 0.5710937500000001 0.4560546875 0.004687500000000001 0.017578125
1 0.58359375 0.4580078125 0.004687500000000001 0.013671875
2 0.4859375 0.447265625 0.015625 0.01171875
2 0.44296875 0.4521484375 0.0765625 0.087890625
2 0.38359375 0.453125 0.045312500000000006 0.0390625
2 0.24375000000000002 0.49609375 0.253125 0.23046875
0 0.584375 0.44921875 0.009375000000000001 0.02734375
0 0.5703125 0.4453125 0.00625 0.02734375
0 0.6781250000000001 0.4423828125 0.009375000000000001 0.037109375
0 0.11953125 0.421875 0.0140625 0.0390625
