4 0.1921875 0.5283203125 0.134375 0.123046875
4 0.46953125 0.515625 0.0171875 0.0234375
7 0.7046875 0.482421875 0.00625 0.02734375
7 0.6960937500000001 0.5107421875 0.004687500000000001 0.005859375
0 0.025 0.55078125 0.009375000000000001 0.02734375
0 0.09375 0.548828125 0.0125 0.04296875
0 0.0734375 0.5390625 0.00625 0.01171875
0 0.06171875 0.5380859375 0.0078125 0.009765625
0 0.08515625 0.5458984375 0.010937500000000001 0.029296875
0 0.784375 0.5263671875 0.009375000000000001 0.021484375
0 0.77265625 0.53125 0.010937500000000001 0.015625
0 0.6875 0.5458984375 0.0125 0.044921875
0 0.7140625 0.5439453125 0.0125 0.048828125
0 0.72421875 0.5439453125 0.0078125 0.037109375
0 0.38359375 0.537109375 0.0078125 0.03125
0 0.37265625 0.5380859375 0.0171875 0.029296875
3 0.540625 0.5673828125 0.028125 0.041015625
3 0.9148437500000001 0.6376953125 0.16718750000000002 0.166015625
2 0.05234375 0.5703125 0.0765625 0.0546875
2 0.203125 0.5732421875 0.096875 0.083984375
2 0.10859375 0.5625 0.035937500000000004 0.0546875
2 0.296875 0.55859375 0.05625 0.05078125
2 0.33515625000000004 0.5478515625 0.0390625 0.041015625
2 0.403125 0.5341796875 0.0125 0.013671875
2 0.42031250000000003 0.5341796875 0.015625 0.013671875
2 0.4109375 0.52734375 0.0125 0.015625
2 0.43515625 0.5224609375 0.0171875 0.021484375
2 0.5265625 0.54296875 0.025 0.03125
2 0.47265625 0.599609375 0.1234375 0.1328125
2 0.57421875 0.55859375 0.0484375 0.0546875
2 0.64609375 0.5625 0.060937500000000006 0.05859375
2 0.6179687500000001 0.5595703125 0.0203125 0.052734375
2 0.6023437500000001 0.544921875 0.0234375 0.03125
2 0.45156250000000003 0.5302734375 0.018750000000000003 0.009765625
2 0.78125 0.599609375 0.153125 0.12890625
2 0.49531250000000004 0.5380859375 0.040625 0.021484375
2 0.27109375 0.5439453125 0.0234375 0.025390625
0 0.5398437500000001 0.548828125 0.0234375 0.04296875
