0 0.6671875 0.474609375 0.028125 0.07421875
0 0.2390625 0.474609375 0.015625 0.05859375
0 0.0921875 0.484375 0.018750000000000003 0.0703125
0 0.018750000000000003 0.4892578125 0.03125 0.083984375
0 0.359375 0.4619140625 0.009375000000000001 0.029296875
2 0.29765625 0.486328125 0.0703125 0.07421875
2 0.41796875 0.46875 0.029687500000000002 0.03125
2 0.43125 0.46484375 0.018750000000000003 0.03125
2 0.4421875 0.46484375 0.0125 0.02734375
2 0.45078125 0.466796875 0.0140625 0.0234375
2 0.4890625 0.4638671875 0.021875000000000002 0.021484375
8 0.61875 0.4853515625 0.0125 0.025390625
11 0.625 0.50390625 0.015625 0.01953125
