7 0.8187500000000001 0.3173828125 0.018750000000000003 0.064453125
7 0.65234375 0.41015625 0.0171875 0.01953125
7 0.6492187500000001 0.3505859375 0.0171875 0.052734375
7 0.39921875 0.23046875 0.0171875 0.0546875
9 0.63828125 0.2724609375 0.0421875 0.021484375
9 0.44921875 0.2216796875 0.029687500000000002 0.037109375
9 0.6531250000000001 0.3896484375 0.025 0.013671875
0 0.796875 0.48046875 0.03125 0.109375
0 0.74921875 0.4951171875 0.026562500000000003 0.107421875
0 0.6890625 0.4970703125 0.034375 0.107421875
2 0.8851562500000001 0.5205078125 0.2265625 0.150390625
2 0.49843750000000003 0.47265625 0.00625 0.0078125
2 0.51328125 0.466796875 0.0078125 0.0078125
2 0.47500000000000003 0.47265625 0.009375000000000001 0.01171875
2 0.49531250000000004 0.466796875 0.00625 0.0078125
2 0.50390625 0.47265625 0.004687500000000001 0.0078125
2 0.509375 0.47265625 0.00625 0.0078125
