4 0.41718750000000004 0.4501953125 0.059375000000000004 0.076171875
4 0.51796875 0.4462890625 0.06406250000000001 0.080078125
4 0.8453125 0.42578125 0.30625 0.15234375
4 0.6359375 0.4296875 0.08750000000000001 0.046875
0 0.44843750000000004 0.4794921875 0.025 0.072265625
0 0.4625 0.4716796875 0.025 0.083984375
0 0.55390625 0.458984375 0.010937500000000001 0.0390625
0 0.578125 0.455078125 0.0125 0.05078125
0 0.59765625 0.462890625 0.0171875 0.06640625
0 0.6203125 0.4609375 0.018750000000000003 0.08203125
0 0.6351562500000001 0.4501953125 0.010937500000000001 0.041015625
0 0.1703125 0.486328125 0.0125 0.046875
0 0.12890625 0.490234375 0.0140625 0.03125
0 0.37812500000000004 0.46484375 0.00625 0.0234375
0 0.67578125 0.43359375 0.0140625 0.02734375
2 0.64609375 0.447265625 0.0171875 0.0234375
2 0.95234375 0.4873046875 0.0921875 0.111328125
2 0.953125 0.4384765625 0.09062500000000001 0.095703125
2 0.9109375000000001 0.4482421875 0.17500000000000002 0.142578125
