9 0.525 0.4609375 0.10625000000000001 0.140625
9 0.6273437500000001 0.408203125 0.010937500000000001 0.01953125
9 0.5546875 0.4150390625 0.00625 0.013671875
0 0.5007812500000001 0.185546875 0.0234375 0.03515625
2 0.0671875 0.513671875 0.134375 0.12109375
2 0.140625 0.5029296875 0.07500000000000001 0.095703125
2 0.25859375 0.4794921875 0.0765625 0.064453125
2 0.30390625000000004 0.470703125 0.035937500000000004 0.046875
2 0.4 0.515625 0.203125 0.18359375
15 0.46484375 0.4189453125 0.0921875 0.076171875
