9 0.65234375 0.4658203125 0.010937500000000001 0.013671875
9 0.59765625 0.458984375 0.0078125 0.01171875
9 0.571875 0.466796875 0.015625 0.0078125
3 0.51953125 0.5029296875 0.010937500000000001 0.025390625
3 0.46328125000000003 0.5107421875 0.010937500000000001 0.025390625
2 0.56953125 0.501953125 0.0328125 0.03125
2 0.5328125 0.4970703125 0.021875000000000002 0.021484375
2 0.50703125 0.494140625 0.0140625 0.015625
2 0.42578125 0.4970703125 0.0140625 0.009765625
2 0.40234375 0.5126953125 0.0421875 0.041015625
2 0.37578125 0.50390625 0.0171875 0.01171875
2 0.36250000000000004 0.498046875 0.025 0.01953125
2 0.3171875 0.5078125 0.028125 0.015625
2 0.22968750000000002 0.5185546875 0.0625 0.021484375
2 0.10859375 0.53125 0.060937500000000006 0.03125
2 0.540625 0.4912109375 0.0125 0.017578125
2 0.55078125 0.4912109375 0.0078125 0.013671875
0 0.51953125 0.4970703125 0.010937500000000001 0.029296875
0 0.46328125000000003 0.5048828125 0.010937500000000001 0.029296875
