4 0.5484375 0.380859375 0.046875 0.09375
7 0.9656250000000001 0.212890625 0.043750000000000004 0.2109375
7 0.15000000000000002 0.1083984375 0.06875 0.216796875
7 0.35468750000000004 0.240234375 0.043750000000000004 0.109375
7 0.93671875 0.203125 0.029687500000000002 0.16015625
7 0.9593750000000001 0.3662109375 0.0125 0.048828125
7 0.87421875 0.365234375 0.010937500000000001 0.046875
7 0.3015625 0.3125 0.0125 0.03125
7 0.6765625000000001 0.3408203125 0.0125 0.044921875
7 0.6218750000000001 0.365234375 0.00625 0.02734375
7 0.51484375 0.359375 0.0078125 0.02734375
9 0.9828125000000001 0.353515625 0.0125 0.0234375
9 0.36171875000000003 0.322265625 0.0140625 0.03515625
0 0.38671875 0.3896484375 0.010937500000000001 0.048828125
2 0.2484375 0.400390625 0.1375 0.07421875
2 0.7195312500000001 0.4150390625 0.045312500000000006 0.060546875
2 0.60078125 0.40234375 0.045312500000000006 0.05859375
