4 0.36953125000000003 0.4541015625 0.035937500000000004 0.056640625
7 0.6171875 0.345703125 0.00625 0.01953125
7 0.46875 0.36328125 0.009375000000000001 0.0234375
7 0.54921875 0.4306640625 0.004687500000000001 0.009765625
7 0.5625 0.3759765625 0.003125 0.009765625
7 0.48203125 0.4443359375 0.004687500000000001 0.005859375
7 0.45937500000000003 0.431640625 0.003125 0.0078125
7 0.47187500000000004 0.4296875 0.003125 0.0078125
7 0.49062500000000003 0.4296875 0.003125 0.0078125
7 0.50390625 0.4306640625 0.004687500000000001 0.009765625
7 0.38671875 0.4384765625 0.004687500000000001 0.013671875
7 0.34218750000000003 0.3466796875 0.0125 0.029296875
7 0.24453125 0.365234375 0.010937500000000001 0.03125
7 0.19843750000000002 0.416015625 0.0125 0.03515625
7 0.17578125 0.4482421875 0.0078125 0.009765625
7 0.1703125 0.4287109375 0.009375000000000001 0.021484375
7 0.1640625 0.4560546875 0.00625 0.009765625
7 0.5437500000000001 0.4658203125 0.003125 0.009765625
7 0.54921875 0.3681640625 0.0078125 0.025390625
9 0.8 0.25 0.015625 0.046875
9 0.67578125 0.3603515625 0.0171875 0.048828125
9 0.62265625 0.373046875 0.0171875 0.0078125
9 0.80234375 0.2900390625 0.0140625 0.033203125
9 0.59296875 0.42578125 0.0140625 0.015625
9 0.59375 0.4384765625 0.009375000000000001 0.009765625
9 0.50390625 0.4423828125 0.004687500000000001 0.005859375
9 0.49453125000000003 0.4423828125 0.004687500000000001 0.005859375
9 0.52578125 0.40234375 0.004687500000000001 0.0078125
9 0.51796875 0.4169921875 0.004687500000000001 0.009765625
9 0.42109375000000004 0.435546875 0.0078125 0.015625
9 0.31171875000000004 0.3349609375 0.0234375 0.021484375
9 0.18984375 0.3759765625 0.0234375 0.013671875
9 0.22421875000000002 0.4443359375 0.0078125 0.009765625
9 0.34687500000000004 0.42578125 0.015625 0.01953125
9 0.34765625 0.447265625 0.0171875 0.0234375
9 0.34765625 0.46875 0.0140625 0.01953125
9 0.29375 0.47265625 0.018750000000000003 0.0234375
9 0.29296875 0.4423828125 0.0203125 0.025390625
9 0.29140625000000003 0.4130859375 0.0203125 0.029296875
9 0.48203125 0.4443359375 0.004687500000000001 0.005859375
1 0.56640625 0.5029296875 0.026562500000000003 0.064453125
2 0.6023437500000001 0.4658203125 0.026562500000000003 0.037109375
2 0.1953125 0.490234375 0.0625 0.03515625
2 0.2765625 0.4775390625 0.084375 0.044921875
2 0.3984375 0.4736328125 0.059375000000000004 0.056640625
2 0.42734375 0.4697265625 0.0234375 0.044921875
2 0.49531250000000004 0.4638671875 0.084375 0.037109375
2 0.3296875 0.4833984375 0.065625 0.041015625
0 0.56640625 0.484375 0.026562500000000003 0.08984375
