7 0.9187500000000001 0.2421875 0.025 0.06640625
7 0.7703125000000001 0.2216796875 0.025 0.087890625
7 0.784375 0.1806640625 0.018750000000000003 0.052734375
7 0.7468750000000001 0.2353515625 0.03125 0.103515625
7 0.43359375 0.2548828125 0.010937500000000001 0.041015625
7 0.45703125 0.4384765625 0.0078125 0.017578125
7 0.015625 0.0859375 0.025 0.078125
7 0.55 0.4150390625 0.00625 0.013671875
7 0.32421875 0.42578125 0.0078125 0.01953125
7 0.4296875 0.423828125 0.003125 0.0078125
7 0.465625 0.4208984375 0.003125 0.005859375
7 0.48125 0.421875 0.003125 0.0078125
9 0.9484375 0.3173828125 0.0625 0.029296875
9 0.8289062500000001 0.181640625 0.026562500000000003 0.05078125
9 0.46953125 0.2314453125 0.0171875 0.021484375
9 0.6328125 0.40234375 0.021875000000000002 0.02734375
9 0.47421875 0.431640625 0.0078125 0.01171875
9 0.48671875000000003 0.431640625 0.0078125 0.01171875
9 0.7718750000000001 0.375 0.03125 0.01171875
9 0.56796875 0.43359375 0.010937500000000001 0.01953125
9 0.371875 0.421875 0.0125 0.01953125
0 0.978125 0.501953125 0.040625 0.328125
1 0.7078125000000001 0.5576171875 0.0625 0.138671875
2 0.7312500000000001 0.4619140625 0.21250000000000002 0.099609375
2 0.6039062500000001 0.45703125 0.051562500000000004 0.05859375
2 0.56171875 0.4658203125 0.045312500000000006 0.044921875
2 0.53125 0.4775390625 0.021875000000000002 0.021484375
2 0.1046875 0.5400390625 0.209375 0.412109375
2 0.22265625 0.4990234375 0.17343750000000002 0.197265625
2 0.31171875000000004 0.4736328125 0.0546875 0.052734375
2 0.34218750000000003 0.470703125 0.034375 0.05078125
2 0.36328125 0.4755859375 0.0234375 0.037109375
2 0.421875 0.4833984375 0.025 0.017578125
2 0.47890625000000003 0.478515625 0.029687500000000002 0.0234375
0 0.7078125000000001 0.5029296875 0.0625 0.189453125
8 0.7625000000000001 0.513671875 0.028125 0.09375
