9 0.6257812500000001 0.458984375 0.0234375 0.03515625
9 0.6492187500000001 0.4580078125 0.0234375 0.029296875
9 0.6507812500000001 0.4794921875 0.0234375 0.009765625
9 0.79609375 0.408203125 0.0234375 0.0390625
9 0.7984375 0.4501953125 0.034375 0.041015625
9 0.7984375 0.4833984375 0.03125 0.021484375
9 0.8546875 0.458984375 0.034375 0.08203125
9 0.8562500000000001 0.4013671875 0.034375 0.021484375
2 0.0546875 0.5380859375 0.05625 0.025390625
2 0.09843750000000001 0.53515625 0.034375 0.0234375
2 0.146875 0.5361328125 0.043750000000000004 0.021484375
2 0.36562500000000003 0.53125 0.028125 0.01953125
2 0.25625000000000003 0.5322265625 0.05625 0.029296875
2 0.5085937500000001 0.599609375 0.1640625 0.16796875
2 0.20390625 0.5263671875 0.035937500000000004 0.021484375
