9 0.5359375000000001 0.5009765625 0.00625 0.009765625
9 0.4265625 0.474609375 0.009375000000000001 0.01171875
0 0.45859375 0.509765625 0.004687500000000001 0.015625
0 0.45 0.509765625 0.00625 0.01953125
0 0.44375000000000003 0.5107421875 0.00625 0.021484375
2 0.50625 0.5185546875 0.025 0.025390625
2 0.47734375 0.5126953125 0.0234375 0.029296875
2 0.39296875000000003 0.5126953125 0.0421875 0.033203125
2 0.359375 0.51171875 0.08750000000000001 0.0390625
2 0.2171875 0.50390625 0.046875 0.04296875
2 0.08359375000000001 0.5419921875 0.16718750000000002 0.115234375
