9 0.6507812500000001 0.4404296875 0.004687500000000001 0.017578125
9 0.6273437500000001 0.443359375 0.0078125 0.00390625
9 0.6273437500000001 0.435546875 0.0078125 0.01171875
0 0.49921875000000004 0.470703125 0.010937500000000001 0.0390625
2 0.025781250000000002 0.4697265625 0.051562500000000004 0.041015625
2 0.08984375 0.46875 0.1015625 0.0546875
2 0.39765625000000004 0.5244140625 0.1328125 0.123046875
2 0.6546875000000001 0.4619140625 0.05625 0.037109375
2 0.6937500000000001 0.4677734375 0.034375 0.021484375
2 0.83203125 0.4560546875 0.0328125 0.017578125
2 0.859375 0.4560546875 0.015625 0.017578125
2 0.7703125000000001 0.44921875 0.015625 0.01171875
2 0.76171875 0.4609375 0.0328125 0.015625
