4 0.55 0.4443359375 0.040625 0.056640625
7 0.3875 0.427734375 0.00625 0.01953125
7 0.46796875000000004 0.390625 0.004687500000000001 0.01171875
7 0.26406250000000003 0.427734375 0.00625 0.0234375
7 0.58515625 0.3818359375 0.004687500000000001 0.013671875
9 0.40078125000000003 0.4375 0.0140625 0.01953125
9 0.39453125 0.4521484375 0.0203125 0.013671875
9 0.43671875000000004 0.4248046875 0.0140625 0.013671875
9 0.15625 0.435546875 0.015625 0.01171875
9 0.8125 0.3994140625 0.040625 0.021484375
0 0.8460937500000001 0.4765625 0.0234375 0.08203125
0 0.81796875 0.484375 0.029687500000000002 0.09765625
0 0.73828125 0.474609375 0.0203125 0.05859375
0 0.62890625 0.4423828125 0.0078125 0.013671875
0 0.62109375 0.4501953125 0.0078125 0.025390625
0 0.61875 0.4443359375 0.00625 0.021484375
1 0.7585937500000001 0.505859375 0.0421875 0.0546875
1 0.7093750000000001 0.50390625 0.046875 0.046875
3 0.03515625 0.6767578125 0.0703125 0.216796875
3 0.4421875 0.705078125 0.16562500000000002 0.38671875
3 0.97578125 0.4853515625 0.045312500000000006 0.080078125
3 0.9515625000000001 0.48828125 0.05625 0.0703125
3 0.9125000000000001 0.490234375 0.05 0.0625
2 0.9281250000000001 0.6923828125 0.140625 0.306640625
2 0.7039062500000001 0.4658203125 0.029687500000000002 0.033203125
2 0.68125 0.46484375 0.021875000000000002 0.02734375
2 0.634375 0.458984375 0.025 0.01953125
2 0.64765625 0.4560546875 0.0203125 0.021484375
2 0.66171875 0.4541015625 0.0171875 0.021484375
2 0.52890625 0.466796875 0.029687500000000002 0.02734375
2 0.503125 0.462890625 0.028125 0.02734375
2 0.3671875 0.458984375 0.025 0.015625
2 0.3296875 0.46875 0.043750000000000004 0.03125
2 0.26171875 0.46875 0.060937500000000006 0.04296875
2 0.2234375 0.4755859375 0.034375 0.033203125
2 0.19296875000000002 0.4765625 0.026562500000000003 0.03515625
2 0.15859375 0.4775390625 0.051562500000000004 0.037109375
2 0.12109375 0.482421875 0.045312500000000006 0.03125
2 0.07578125000000001 0.484375 0.0421875 0.03515625
2 0.043750000000000004 0.486328125 0.03125 0.03515625
2 0.015625 0.490234375 0.028125 0.03515625
2 0.48750000000000004 0.4521484375 0.0125 0.013671875
0 0.028125 0.6474609375 0.05625 0.201171875
0 0.02421875 0.6611328125 0.0484375 0.185546875
0 0.44921875 0.658203125 0.1796875 0.40234375
