7 0.9828125000000001 0.40234375 0.021875000000000002 0.0625
7 0.98046875 0.5439453125 0.010937500000000001 0.033203125
7 0.25859375 0.509765625 0.0078125 0.02734375
7 0.2546875 0.3798828125 0.018750000000000003 0.056640625
7 0.275 0.435546875 0.0125 0.0234375
0 0.2109375 0.61328125 0.018750000000000003 0.0625
0 0.30078125 0.5908203125 0.010937500000000001 0.033203125
1 0.0171875 0.6201171875 0.034375 0.037109375
1 0.24375000000000002 0.59765625 0.018750000000000003 0.01953125
1 0.26640625 0.59765625 0.0140625 0.01953125
2 0.8859375 0.5830078125 0.16562500000000002 0.083984375
2 0.8609375 0.6474609375 0.19062500000000002 0.142578125
2 0.7546875000000001 0.58984375 0.096875 0.06640625
2 0.6781250000000001 0.59765625 0.07187500000000001 0.08203125
2 0.6546875000000001 0.6171875 0.10625000000000001 0.1015625
2 0.51328125 0.5712890625 0.0859375 0.115234375
2 0.43671875000000004 0.638671875 0.1390625 0.14453125
2 0.36640625000000004 0.58984375 0.035937500000000004 0.04296875
2 0.33046875000000003 0.5908203125 0.051562500000000004 0.048828125
0 0.015625 0.5927734375 0.021875000000000002 0.056640625
0 0.246875 0.5859375 0.0125 0.03125
0 0.26484375 0.58984375 0.010937500000000001 0.03125
