7 0.5546875 0.330078125 0.009375000000000001 0.03515625
7 0.58984375 0.3330078125 0.010937500000000001 0.037109375
7 0.59140625 0.3837890625 0.0140625 0.013671875
7 0.4265625 0.369140625 0.009375000000000001 0.02734375
7 0.22265625 0.349609375 0.0078125 0.02734375
7 0.9593750000000001 0.2978515625 0.040625 0.056640625
7 0.96484375 0.1318359375 0.0390625 0.103515625
9 0.2734375 0.3720703125 0.015625 0.021484375
9 0.27187500000000003 0.4345703125 0.0125 0.025390625
9 0.109375 0.4326171875 0.018750000000000003 0.029296875
0 0.1375 0.4501953125 0.021875000000000002 0.080078125
0 0.16484375 0.44921875 0.0234375 0.078125
1 0.403125 0.46875 0.015625 0.03515625
0 0.353125 0.4482421875 0.0125 0.056640625
0 0.33984375 0.4287109375 0.0171875 0.025390625
1 0.43828125 0.4619140625 0.035937500000000004 0.044921875
2 0.93125 0.4716796875 0.134375 0.087890625
2 0.54140625 0.470703125 0.21406250000000002 0.08984375
