9 0.98046875 0.1337890625 0.035937500000000004 0.134765625
9 0.98984375 0.216796875 0.0171875 0.03125
0 0.6335937500000001 0.482421875 0.0234375 0.078125
0 0.66796875 0.4814453125 0.0203125 0.087890625
1 0.31171875000000004 0.494140625 0.029687500000000002 0.0390625
1 0.6421875 0.4912109375 0.028125 0.048828125
1 0.6664062500000001 0.498046875 0.051562500000000004 0.046875
2 0.03125 0.4599609375 0.0625 0.076171875
2 0.10312500000000001 0.46484375 0.1 0.0703125
2 0.19062500000000002 0.4677734375 0.07187500000000001 0.072265625
2 0.7937500000000001 0.48046875 0.07187500000000001 0.07421875
2 0.8367187500000001 0.4970703125 0.1078125 0.087890625
