9 0.51171875 0.5048828125 0.010937500000000001 0.021484375
9 0.51171875 0.5263671875 0.0140625 0.021484375
9 0.87109375 0.451171875 0.035937500000000004 0.046875
9 0.82734375 0.44140625 0.029687500000000002 0.03125
9 0.8328125000000001 0.47265625 0.028125 0.03125
9 0.83515625 0.5048828125 0.029687500000000002 0.033203125
0 0.1125 0.6220703125 0.05 0.072265625
0 0.36328125 0.59375 0.0234375 0.0703125
0 0.5398437500000001 0.5673828125 0.0203125 0.041015625
0 0.5796875 0.5615234375 0.015625 0.041015625
0 0.5750000000000001 0.5771484375 0.018750000000000003 0.048828125
0 0.59375 0.5771484375 0.021875000000000002 0.056640625
0 0.8765625 0.578125 0.015625 0.046875
0 0.88828125 0.58203125 0.0171875 0.04296875
0 0.790625 0.564453125 0.009375000000000001 0.02734375
0 0.9343750000000001 0.552734375 0.009375000000000001 0.0546875
1 0.06875 0.6513671875 0.07500000000000001 0.107421875
2 0.50546875 0.599609375 0.08281250000000001 0.07421875
2 0.45390625 0.63671875 0.15156250000000002 0.1171875
2 0.76171875 0.552734375 0.0140625 0.015625
2 0.77109375 0.5517578125 0.010937500000000001 0.013671875
2 0.7828125 0.5498046875 0.0125 0.013671875
0 0.0734375 0.61328125 0.043750000000000004 0.12109375
