7 0.16796875 0.1005859375 0.0390625 0.146484375
7 0.36562500000000003 0.2626953125 0.015625 0.044921875
7 0.30859375 0.322265625 0.0078125 0.01171875
7 0.55234375 0.33984375 0.0078125 0.01953125
7 0.74140625 0.359375 0.004687500000000001 0.01953125
7 0.2515625 0.302734375 0.009375000000000001 0.0078125
7 0.2328125 0.21484375 0.025 0.046875
7 0.56015625 0.33984375 0.0078125 0.01953125
9 0.1203125 0.1494140625 0.043750000000000004 0.052734375
0 0.27421875 0.4287109375 0.0578125 0.220703125
0 0.1765625 0.412109375 0.07500000000000001 0.21875
0 0.30546875 0.3955078125 0.0171875 0.107421875
0 0.21328125 0.4052734375 0.035937500000000004 0.173828125
0 0.23828125 0.412109375 0.035937500000000004 0.16796875
0 0.11875000000000001 0.4111328125 0.040625 0.173828125
0 0.46953125 0.3916015625 0.0140625 0.060546875
0 0.45078125 0.37890625 0.010937500000000001 0.03125
0 0.9242187500000001 0.421875 0.010937500000000001 0.03125
0 0.7835937500000001 0.416015625 0.010937500000000001 0.046875
0 0.77734375 0.416015625 0.010937500000000001 0.04296875
0 0.76875 0.4150390625 0.009375000000000001 0.041015625
0 0.7585937500000001 0.416015625 0.010937500000000001 0.04296875
0 0.65234375 0.396484375 0.0078125 0.02734375
0 0.6570312500000001 0.3984375 0.0078125 0.02734375
0 0.56875 0.400390625 0.018750000000000003 0.0625
0 0.59140625 0.3994140625 0.0171875 0.060546875
0 0.6078125000000001 0.4052734375 0.0125 0.052734375
0 0.62265625 0.40625 0.0140625 0.0546875
1 0.07734375 0.7734375 0.1546875 0.44140625
6 0.603125 0.365234375 0.040625 0.046875
2 0.40937500000000004 0.380859375 0.040625 0.0390625
2 0.95625 0.4443359375 0.084375 0.072265625
2 0.7375 0.412109375 0.05 0.04296875
2 0.7046875 0.404296875 0.034375 0.0390625
2 0.67578125 0.3974609375 0.029687500000000002 0.033203125
2 0.52890625 0.3896484375 0.035937500000000004 0.037109375
0 0.0921875 0.552734375 0.184375 0.49609375
