1 0.47187500000000004 0.4765625 0.018750000000000003 0.04296875
1 0.4234375 0.4736328125 0.021875000000000002 0.044921875
2 0.57578125 0.4853515625 0.08281250000000001 0.095703125
2 0.540625 0.4716796875 0.05625 0.083984375
2 0.54140625 0.4755859375 0.045312500000000006 0.080078125
2 0.50546875 0.462890625 0.029687500000000002 0.04296875
2 0.49375 0.458984375 0.021875000000000002 0.0390625
2 0.48984375 0.4462890625 0.026562500000000003 0.033203125
2 0.45937500000000003 0.443359375 0.015625 0.01953125
2 0.44921875 0.439453125 0.0140625 0.01953125
2 0.44062500000000004 0.4365234375 0.009375000000000001 0.013671875
2 0.4 0.4365234375 0.009375000000000001 0.009765625
2 0.38984375000000004 0.435546875 0.010937500000000001 0.01171875
2 0.37812500000000004 0.4365234375 0.0125 0.021484375
2 0.37031250000000004 0.4423828125 0.0125 0.029296875
2 0.36328125 0.443359375 0.0140625 0.03125
2 0.34921875 0.4462890625 0.026562500000000003 0.033203125
2 0.34218750000000003 0.4521484375 0.03125 0.037109375
2 0.32890625 0.4599609375 0.029687500000000002 0.044921875
2 0.29765625 0.4677734375 0.0578125 0.056640625
0 0.47187500000000004 0.4580078125 0.018750000000000003 0.060546875
0 0.42265625 0.4580078125 0.0234375 0.068359375
9 0.10859375 0.3359375 0.029687500000000002 0.03515625
