0 0.8421875000000001 0.4560546875 0.018750000000000003 0.048828125
0 0.7171875000000001 0.4453125 0.00625 0.01953125
0 0.7359375 0.44921875 0.00625 0.0234375
2 0.52109375 0.4580078125 0.029687500000000002 0.025390625
2 0.56640625 0.439453125 0.0140625 0.01171875
2 0.58984375 0.4375 0.010937500000000001 0.01171875
2 0.609375 0.4287109375 0.009375000000000001 0.013671875
2 0.58515625 0.42578125 0.0078125 0.0078125
2 0.5945312500000001 0.4287109375 0.0078125 0.009765625
2 0.6171875 0.423828125 0.00625 0.0078125
7 0.453125 0.40625 0.00625 0.01953125
7 0.6734375 0.404296875 0.00625 0.01953125
0 0.6179687500000001 0.435546875 0.004687500000000001 0.01171875
8 0.47265625 0.470703125 0.0078125 0.01953125
0 0.32734375000000004 0.4619140625 0.010937500000000001 0.037109375
0 0.34218750000000003 0.4638671875 0.00625 0.025390625
0 0.38906250000000003 0.4677734375 0.009375000000000001 0.025390625
