0 0.54609375 0.4775390625 0.0171875 0.052734375
0 0.39453125 0.4873046875 0.0140625 0.048828125
2 0.06406250000000001 0.560546875 0.12812500000000002 0.328125
2 0.5640625 0.4755859375 0.028125 0.033203125
2 0.5875 0.470703125 0.018750000000000003 0.01953125
2 0.63203125 0.4755859375 0.0171875 0.017578125
2 0.40859375000000003 0.4697265625 0.029687500000000002 0.029296875
2 0.2328125 0.4873046875 0.09375 0.060546875
2 0.28750000000000003 0.4775390625 0.05625 0.041015625
2 0.1703125 0.4794921875 0.037500000000000006 0.056640625
15 0.5484375 0.49609375 0.043750000000000004 0.0390625
