6 0.42265625 0.4560546875 0.026562500000000003 0.033203125
7 0.4859375 0.4248046875 0.00625 0.013671875
7 0.49843750000000003 0.4169921875 0.009375000000000001 0.021484375
7 0.43515625 0.3837890625 0.0078125 0.017578125
7 0.3953125 0.380859375 0.00625 0.01953125
7 0.2921875 0.3740234375 0.009375000000000001 0.021484375
7 0.21250000000000002 0.4208984375 0.009375000000000001 0.021484375
7 0.415625 0.435546875 0.003125 0.0078125
7 0.44062500000000004 0.4345703125 0.003125 0.005859375
7 0.17109375000000002 0.4248046875 0.0078125 0.021484375
9 0.27265625 0.4296875 0.0078125 0.015625
9 0.4890625 0.4013671875 0.021875000000000002 0.005859375
9 0.21250000000000002 0.388671875 0.025 0.0078125
9 0.45156250000000003 0.435546875 0.003125 0.00390625
9 0.48359375000000004 0.458984375 0.0078125 0.01171875
9 0.58359375 0.384765625 0.010937500000000001 0.01953125
0 0.8367187500000001 0.4580078125 0.0078125 0.029296875
0 0.7984375 0.4580078125 0.00625 0.025390625
0 0.8070312500000001 0.4580078125 0.0078125 0.025390625
0 0.6453125000000001 0.4609375 0.0125 0.0703125
0 0.65 0.4677734375 0.0125 0.060546875
0 0.66015625 0.466796875 0.0140625 0.0546875
0 0.19843750000000002 0.4697265625 0.015625 0.029296875
2 0.40859375000000003 0.4580078125 0.004687500000000001 0.013671875
