7 0.7609375 0.4521484375 0.009375000000000001 0.013671875
7 0.659375 0.4736328125 0.00625 0.009765625
7 0.6046875 0.4384765625 0.009375000000000001 0.029296875
7 0.30625 0.431640625 0.009375000000000001 0.02734375
0 0.8695312500000001 0.49609375 0.0234375 0.046875
0 0.721875 0.5068359375 0.015625 0.060546875
0 0.69140625 0.505859375 0.0171875 0.0625
0 0.6734375 0.505859375 0.0125 0.046875
0 0.634375 0.505859375 0.015625 0.05078125
0 0.6585937500000001 0.5048828125 0.0171875 0.048828125
0 0.6117187500000001 0.4951171875 0.0078125 0.017578125
0 0.93515625 0.498046875 0.0140625 0.046875
0 0.27109375 0.48046875 0.0078125 0.01953125
0 0.26015625000000003 0.4951171875 0.0171875 0.048828125
0 0.24140625000000002 0.4990234375 0.0203125 0.060546875
0 0.21015625000000002 0.4921875 0.0140625 0.05859375
0 0.34921875 0.490234375 0.0078125 0.01953125
1 0.5796875 0.533203125 0.025 0.046875
2 0.5453125 0.4931640625 0.015625 0.009765625
2 0.49453125000000003 0.541015625 0.1171875 0.11328125
2 0.38671875 0.515625 0.0734375 0.0703125
2 0.42812500000000003 0.4912109375 0.025 0.017578125
2 0.453125 0.4892578125 0.015625 0.013671875
2 0.040625 0.5 0.08125 0.046875
2 0.03359375 0.6357421875 0.0671875 0.248046875
0 0.58046875 0.5146484375 0.0234375 0.076171875
