9 0.85859375 0.0595703125 0.20468750000000002 0.052734375
9 0.8601562500000001 0.107421875 0.2015625 0.05859375
9 0.8609375 0.189453125 0.203125 0.1171875
9 0.9796875 0.1318359375 0.037500000000000006 0.044921875
9 0.98046875 0.1796875 0.035937500000000004 0.05078125
9 0.9796875 0.2265625 0.037500000000000006 0.04296875
9 0.56953125 0.1708984375 0.3796875 0.154296875
9 0.5710937500000001 0.4306640625 0.0421875 0.017578125
9 0.60703125 0.439453125 0.026562500000000003 0.01953125
6 0.6234375000000001 0.4775390625 0.05 0.064453125
3 0.9460937500000001 0.55078125 0.060937500000000006 0.08203125
2 0.26015625000000003 0.49609375 0.0390625 0.04296875
2 0.97421875 0.625 0.0484375 0.1171875
2 0.83125 0.5341796875 0.07500000000000001 0.068359375
2 0.7328125000000001 0.5732421875 0.184375 0.173828125
2 0.58828125 0.5283203125 0.0671875 0.068359375
2 0.5640625 0.5029296875 0.034375 0.037109375
2 0.50703125 0.48828125 0.0328125 0.04296875
2 0.47500000000000003 0.5244140625 0.06875 0.068359375
2 0.55234375 0.4873046875 0.026562500000000003 0.029296875
2 0.56171875 0.4765625 0.0203125 0.01953125
2 0.6625000000000001 0.5068359375 0.0625 0.064453125
2 0.59296875 0.48046875 0.0140625 0.02734375
2 0.5984375000000001 0.486328125 0.009375000000000001 0.0234375
2 0.5765625 0.478515625 0.015625 0.01953125
2 0.53125 0.4775390625 0.018750000000000003 0.025390625
0 0.94453125 0.5439453125 0.0484375 0.095703125
