9 0.5375 0.3876953125 0.00625 0.009765625
9 0.7078125000000001 0.3544921875 0.00625 0.013671875
9 0.70859375 0.37109375 0.0078125 0.015625
0 0.17343750000000002 0.45703125 0.0125 0.0390625
1 0.49921875000000004 0.4638671875 0.0171875 0.041015625
6 0.28750000000000003 0.44140625 0.034375 0.04296875
2 0.2234375 0.45703125 0.046875 0.0390625
2 0.24765625000000002 0.4501953125 0.029687500000000002 0.041015625
2 0.27265625 0.455078125 0.0203125 0.0234375
2 0.34921875 0.4482421875 0.0171875 0.017578125
2 0.3765625 0.4453125 0.015625 0.015625
2 0.43359375 0.4423828125 0.0171875 0.017578125
2 0.94140625 0.427734375 0.11406250000000001 0.078125
0 0.5 0.4462890625 0.015625 0.060546875
