7 0.6179687500000001 0.40234375 0.0078125 0.0234375
9 0.7992187500000001 0.37109375 0.0671875 0.0859375
9 0.8210937500000001 0.443359375 0.045312500000000006 0.0234375
9 0.62265625 0.4619140625 0.0078125 0.013671875
9 0.45937500000000003 0.486328125 0.00625 0.0078125
2 0.7429687500000001 0.486328125 0.0140625 0.01953125
2 0.7140625 0.4873046875 0.0125 0.013671875
2 0.62890625 0.501953125 0.0421875 0.03125
2 0.49531250000000004 0.498046875 0.03125 0.01953125
2 0.67734375 0.4716796875 0.010937500000000001 0.009765625
