7 0.21328125 0.3525390625 0.026562500000000003 0.076171875
9 0.21796875000000002 0.4248046875 0.0421875 0.052734375
9 0.9773437500000001 0.3759765625 0.0421875 0.048828125
9 0.9765625 0.42578125 0.043750000000000004 0.05078125
9 0.9765625 0.478515625 0.043750000000000004 0.0546875
0 0.013281250000000001 0.611328125 0.026562500000000003 0.13671875
0 0.91796875 0.513671875 0.0171875 0.0390625
2 0.525 0.646484375 0.2 0.1953125
2 0.50546875 0.5400390625 0.0765625 0.021484375
2 0.5328125 0.52734375 0.05 0.03125
2 0.5609375 0.5234375 0.018750000000000003 0.0234375
