4 0.3828125 0.4208984375 0.03125 0.044921875
7 0.40546875000000004 0.30859375 0.010937500000000001 0.03125
7 0.46328125000000003 0.330078125 0.0078125 0.0234375
7 0.45156250000000003 0.3818359375 0.003125 0.009765625
7 0.48750000000000004 0.3740234375 0.003125 0.009765625
7 0.49531250000000004 0.380859375 0.003125 0.01171875
7 0.52890625 0.37890625 0.004687500000000001 0.01953125
7 0.47500000000000003 0.3955078125 0.003125 0.009765625
9 0.47578125000000004 0.3291015625 0.0078125 0.009765625
0 0.10390625 0.50390625 0.1015625 0.21484375
0 0.09921875000000001 0.494140625 0.0890625 0.23046875
2 0.46640625 0.4423828125 0.0484375 0.056640625
2 0.42812500000000003 0.43359375 0.018750000000000003 0.0234375
