7 0.153125 0.4775390625 0.0125 0.041015625
7 0.10546875 0.45703125 0.0171875 0.05078125
7 0.08125 0.4560546875 0.015625 0.052734375
9 0.96015625 0.41796875 0.0765625 0.0546875
9 0.95859375 0.37890625 0.0421875 0.0234375
9 0.48828125 0.486328125 0.045312500000000006 0.01953125
9 0.46640625 0.5068359375 0.0234375 0.017578125
9 0.5164062500000001 0.5146484375 0.010937500000000001 0.017578125
0 0.29296875 0.5576171875 0.010937500000000001 0.033203125
0 0.2890625 0.5537109375 0.015625 0.041015625
0 0.40156250000000004 0.576171875 0.018750000000000003 0.06640625
0 0.375 0.568359375 0.021875000000000002 0.078125
0 0.42734375 0.546875 0.0078125 0.03125
0 0.45937500000000003 0.5439453125 0.00625 0.021484375
0 0.47265625 0.5439453125 0.0078125 0.025390625
0 0.5265625 0.544921875 0.00625 0.0234375
0 0.5437500000000001 0.544921875 0.009375000000000001 0.02734375
0 0.56953125 0.546875 0.0078125 0.0234375
0 0.45234375000000004 0.5537109375 0.010937500000000001 0.021484375
2 0.94140625 0.5556640625 0.07968750000000001 0.060546875
2 0.8367187500000001 0.5556640625 0.1421875 0.119140625
2 0.74140625 0.5439453125 0.0578125 0.029296875
2 0.6984375 0.5654296875 0.13125 0.060546875
2 0.2015625 0.5595703125 0.028125 0.029296875
2 0.1625 0.5615234375 0.05 0.033203125
2 0.115625 0.5654296875 0.040625 0.033203125
2 0.049218750000000006 0.5712890625 0.06406250000000001 0.033203125
