7 0.8382812500000001 0.375 0.0078125 0.04296875
7 0.7742187500000001 0.419921875 0.010937500000000001 0.01953125
7 0.73828125 0.392578125 0.010937500000000001 0.03125
7 0.74140625 0.4326171875 0.0078125 0.013671875
7 0.65 0.396484375 0.009375000000000001 0.03515625
7 0.64375 0.4296875 0.009375000000000001 0.01171875
7 0.47968750000000004 0.423828125 0.003125 0.01171875
7 0.36015625 0.376953125 0.010937500000000001 0.03125
7 0.23515625 0.345703125 0.010937500000000001 0.04296875
7 0.22968750000000002 0.4013671875 0.0125 0.021484375
7 0.35468750000000004 0.4130859375 0.009375000000000001 0.009765625
9 0.78828125 0.416015625 0.010937500000000001 0.01171875
9 0.78125 0.4619140625 0.0125 0.021484375
9 0.6546875000000001 0.41796875 0.025 0.0078125
9 0.00703125 0.3134765625 0.0140625 0.052734375
9 0.28125 0.380859375 0.025 0.01171875
0 0.4078125 0.4638671875 0.009375000000000001 0.029296875
2 0.75546875 0.4892578125 0.1171875 0.048828125
2 0.71015625 0.4794921875 0.11406250000000001 0.060546875
2 0.59765625 0.478515625 0.1046875 0.109375
2 0.45703125 0.4833984375 0.0765625 0.083984375
2 0.49296875 0.4619140625 0.0140625 0.021484375
2 0.30312500000000003 0.466796875 0.125 0.0625
2 0.11406250000000001 0.5244140625 0.22812500000000002 0.287109375
