7 0.05078125 0.3984375 0.010937500000000001 0.03515625
7 0.022656250000000003 0.4345703125 0.0171875 0.021484375
7 0.259375 0.4111328125 0.009375000000000001 0.029296875
7 0.628125 0.41796875 0.009375000000000001 0.03125
9 0.259375 0.4423828125 0.015625 0.033203125
9 0.6265625 0.453125 0.018750000000000003 0.03125
0 0.8328125000000001 0.521484375 0.021875000000000002 0.09765625
0 0.80234375 0.5224609375 0.026562500000000003 0.095703125
0 0.7875000000000001 0.5078125 0.015625 0.078125
0 0.7671875 0.5087890625 0.018750000000000003 0.068359375
0 0.60703125 0.474609375 0.0078125 0.01953125
0 0.65 0.505859375 0.0125 0.0703125
0 0.6625000000000001 0.482421875 0.0125 0.02734375
0 0.7203125 0.5078125 0.018750000000000003 0.0703125
0 0.6843750000000001 0.50390625 0.018750000000000003 0.0703125
0 0.7453125 0.5126953125 0.015625 0.064453125
0 0.73203125 0.509765625 0.0140625 0.06640625
0 0.69921875 0.5068359375 0.0171875 0.060546875
0 0.7578125 0.505859375 0.015625 0.0703125
0 0.32890625 0.474609375 0.0140625 0.015625
0 0.38359375 0.474609375 0.0078125 0.0234375
1 0.40078125000000003 0.5048828125 0.010937500000000001 0.025390625
1 0.5945312500000001 0.5478515625 0.026562500000000003 0.060546875
2 0.140625 0.552734375 0.253125 0.22265625
2 0.49843750000000003 0.4716796875 0.015625 0.013671875
2 0.48125 0.4755859375 0.021875000000000002 0.021484375
2 0.48046875 0.556640625 0.15156250000000002 0.140625
2 0.5265625 0.4677734375 0.009375000000000001 0.009765625
0 0.40078125000000003 0.4931640625 0.010937500000000001 0.041015625
0 0.59765625 0.5224609375 0.0328125 0.083984375
