7 0.11093750000000001 0.345703125 0.018750000000000003 0.05859375
7 0.109375 0.4169921875 0.021875000000000002 0.025390625
7 0.7984375 0.1826171875 0.018750000000000003 0.060546875
9 0.8835937500000001 0.421875 0.0203125 0.0234375
9 0.84296875 0.4521484375 0.0171875 0.029296875
9 0.47734375 0.478515625 0.010937500000000001 0.01171875
9 0.69296875 0.47265625 0.010937500000000001 0.01171875
9 0.66015625 0.4658203125 0.0234375 0.005859375
9 0.11953125 0.388671875 0.0484375 0.0234375
9 0.33125000000000004 0.408203125 0.015625 0.01953125
0 0.58125 0.4814453125 0.00625 0.013671875
0 0.07890625000000001 0.5087890625 0.0390625 0.107421875
0 0.20703125 0.470703125 0.0171875 0.0390625
0 0.215625 0.484375 0.015625 0.05078125
0 0.22421875000000002 0.4765625 0.0140625 0.0546875
0 0.23828125 0.4775390625 0.0140625 0.048828125
0 0.24921875000000002 0.5146484375 0.0546875 0.119140625
0 0.26484375 0.5205078125 0.026562500000000003 0.095703125
0 0.28828125 0.5126953125 0.035937500000000004 0.099609375
2 0.5476562500000001 0.51171875 0.0171875 0.01953125
