4 0.47500000000000003 0.55078125 0.009375000000000001 0.015625
0 0.5710937500000001 0.5673828125 0.0078125 0.025390625
0 0.5859375 0.56640625 0.00625 0.02734375
0 0.7109375 0.5791015625 0.015625 0.033203125
0 0.67890625 0.5859375 0.0171875 0.05859375
0 0.73203125 0.58984375 0.010937500000000001 0.04296875
0 0.5234375 0.5556640625 0.00625 0.017578125
3 0.47187500000000004 0.59765625 0.015625 0.03125
2 0.134375 0.7529296875 0.26875 0.306640625
2 0.38984375000000004 0.599609375 0.051562500000000004 0.046875
2 0.42812500000000003 0.5869140625 0.028125 0.029296875
2 0.43984375000000003 0.5703125 0.0171875 0.015625
2 0.453125 0.5859375 0.03125 0.03515625
2 0.46953125 0.55859375 0.010937500000000001 0.01171875
2 0.4859375 0.556640625 0.009375000000000001 0.01171875
2 0.47968750000000004 0.5615234375 0.0125 0.013671875
2 0.4734375 0.5703125 0.015625 0.015625
2 0.49921875000000004 0.5576171875 0.0078125 0.009765625
0 0.47187500000000004 0.5859375 0.015625 0.03125
