4 0.84296875 0.4091796875 0.31093750000000003 0.126953125
4 0.51875 0.4482421875 0.065625 0.083984375
4 0.43515625 0.4521484375 0.1015625 0.037109375
0 0.6351562500000001 0.4453125 0.010937500000000001 0.03125
0 0.6296875000000001 0.451171875 0.0125 0.0390625
0 0.62421875 0.453125 0.0140625 0.0390625
0 0.6156250000000001 0.4501953125 0.009375000000000001 0.044921875
0 0.6062500000000001 0.4521484375 0.0125 0.044921875
0 0.59140625 0.458984375 0.010937500000000001 0.04296875
0 0.58125 0.458984375 0.009375000000000001 0.04296875
0 0.5734375 0.4580078125 0.009375000000000001 0.044921875
0 0.5554687500000001 0.458984375 0.0140625 0.04296875
0 0.5476562500000001 0.4580078125 0.010937500000000001 0.033203125
0 0.16953125000000002 0.486328125 0.0140625 0.046875
0 0.11406250000000001 0.4951171875 0.015625 0.056640625
0 0.12890625 0.490234375 0.0140625 0.02734375
2 0.9515625000000001 0.4873046875 0.09375 0.111328125
2 0.9109375000000001 0.4501953125 0.17500000000000002 0.134765625
2 0.8500000000000001 0.4453125 0.14375000000000002 0.10546875
2 0.7703125000000001 0.4453125 0.11875000000000001 0.0859375
