4 0.53046875 0.5009765625 0.045312500000000006 0.017578125
0 0.046875 0.4990234375 0.025 0.115234375
0 0.065625 0.4990234375 0.03125 0.119140625
0 0.09140625000000001 0.5009765625 0.026562500000000003 0.123046875
0 0.23359375000000002 0.4931640625 0.0171875 0.064453125
0 0.2609375 0.4951171875 0.015625 0.056640625
1 0.4765625 0.5048828125 0.0125 0.013671875
1 0.50234375 0.505859375 0.010937500000000001 0.015625
1 0.7664062500000001 0.5693359375 0.0578125 0.130859375
1 0.8343750000000001 0.568359375 0.07500000000000001 0.13671875
2 0.40625 0.4970703125 0.046875 0.048828125
2 0.43593750000000003 0.501953125 0.021875000000000002 0.03515625
2 0.446875 0.498046875 0.021875000000000002 0.03125
2 0.4625 0.4990234375 0.009375000000000001 0.025390625
2 0.5906250000000001 0.5087890625 0.034375 0.037109375
0 0.47734375 0.49609375 0.010937500000000001 0.03125
0 0.5015625 0.49609375 0.009375000000000001 0.03125
8 0.9125000000000001 0.68359375 0.065625 0.140625
2 0.95234375 0.5302734375 0.0921875 0.083984375
1 0.278125 0.509765625 0.015625 0.0390625
1 0.3046875 0.5029296875 0.025 0.052734375
