7 0.35625 0.43359375 0.00625 0.0234375
7 0.6015625 0.439453125 0.00625 0.01953125
0 0.078125 0.4892578125 0.018750000000000003 0.033203125
0 0.1796875 0.48828125 0.025 0.03125
0 0.7984375 0.4951171875 0.028125 0.029296875
1 0.58359375 0.5302734375 0.0203125 0.037109375
2 0.509375 0.482421875 0.015625 0.015625
2 0.49531250000000004 0.5400390625 0.1125 0.107421875
2 0.52734375 0.47265625 0.0078125 0.01171875
0 0.5828125000000001 0.5126953125 0.018750000000000003 0.060546875
8 0.38125000000000003 0.509765625 0.00625 0.0234375
