7 0.571875 0.4541015625 0.003125 0.005859375
7 0.53046875 0.408203125 0.004687500000000001 0.0078125
7 0.46953125 0.443359375 0.004687500000000001 0.0078125
7 0.52578125 0.4267578125 0.004687500000000001 0.009765625
0 0.6117187500000001 0.4765625 0.0078125 0.01171875
0 0.584375 0.4794921875 0.00625 0.017578125
0 0.54921875 0.4775390625 0.004687500000000001 0.013671875
0 0.5375 0.4775390625 0.00625 0.013671875
0 0.39687500000000003 0.4755859375 0.00625 0.017578125
1 0.6578125 0.5673828125 0.034375 0.087890625
2 0.48125 0.478515625 0.015625 0.015625
2 0.46718750000000003 0.482421875 0.0125 0.01953125
2 0.45859375 0.4833984375 0.0171875 0.021484375
2 0.44921875 0.484375 0.0140625 0.0234375
2 0.43046875 0.484375 0.026562500000000003 0.02734375
2 0.3796875 0.490234375 0.028125 0.03515625
2 0.35390625000000003 0.4912109375 0.0421875 0.048828125
2 0.33515625000000004 0.4951171875 0.035937500000000004 0.048828125
2 0.31484375000000003 0.4970703125 0.029687500000000002 0.048828125
2 0.27578125000000003 0.5 0.0671875 0.05859375
2 0.22421875000000002 0.5107421875 0.0703125 0.072265625
2 0.14765625000000002 0.5185546875 0.1171875 0.087890625
0 0.6578125 0.5361328125 0.034375 0.123046875
8 0.75703125 0.5576171875 0.0234375 0.056640625
