9 0.875 0.1552734375 0.09375 0.115234375
9 0.8796875000000001 0.240234375 0.084375 0.0546875
9 0.6203125 0.3671875 0.037500000000000006 0.01171875
9 0.58984375 0.4033203125 0.010937500000000001 0.017578125
9 0.21484375 0.4052734375 0.0171875 0.037109375
9 0.02734375 0.34375 0.0546875 0.109375
0 0.34375 0.4677734375 0.009375000000000001 0.029296875
2 0.9656250000000001 0.45703125 0.065625 0.08203125
2 0.7625000000000001 0.4609375 0.1 0.09375
2 0.66171875 0.474609375 0.21406250000000002 0.109375
2 0.4390625 0.4658203125 0.034375 0.033203125
2 0.31093750000000003 0.4697265625 0.037500000000000006 0.029296875
2 0.36015625 0.4658203125 0.0171875 0.017578125
9 0.35859375000000004 0.439453125 0.0140625 0.01171875
9 0.4765625 0.439453125 0.00625 0.01171875
2 0.39765625000000004 0.4609375 0.0203125 0.0234375
2 0.4078125 0.4599609375 0.009375000000000001 0.017578125
