0 0.5703125 0.4677734375 0.018750000000000003 0.041015625
0 0.5554687500000001 0.46875 0.010937500000000001 0.046875
0 0.55234375 0.4658203125 0.0078125 0.044921875
0 0.53046875 0.453125 0.004687500000000001 0.015625
0 0.52578125 0.4521484375 0.004687500000000001 0.013671875
0 0.49921875000000004 0.4521484375 0.004687500000000001 0.013671875
0 0.21484375 0.5078125 0.0484375 0.1875
2 0.9242187500000001 0.7314453125 0.1484375 0.298828125
2 0.846875 0.6005859375 0.30000000000000004 0.232421875
2 0.7156250000000001 0.546875 0.125 0.13671875
2 0.66953125 0.517578125 0.1171875 0.1171875
2 0.6429687500000001 0.4853515625 0.1015625 0.099609375
2 0.74765625 0.4619140625 0.07968750000000001 0.033203125
2 0.5953125 0.486328125 0.034375 0.05859375
2 0.58515625 0.48046875 0.035937500000000004 0.05078125
2 0.57421875 0.4658203125 0.029687500000000002 0.037109375
2 0.546875 0.4599609375 0.00625 0.021484375
2 0.540625 0.4560546875 0.00625 0.013671875
2 0.5171875 0.4521484375 0.009375000000000001 0.009765625
2 0.509375 0.451171875 0.00625 0.0078125
2 0.50546875 0.4521484375 0.0078125 0.009765625
2 0.49140625000000004 0.453125 0.010937500000000001 0.015625
2 0.48203125 0.4541015625 0.010937500000000001 0.017578125
2 0.47109375000000003 0.45703125 0.0203125 0.0234375
2 0.4421875 0.4619140625 0.034375 0.033203125
2 0.43203125000000003 0.4677734375 0.0234375 0.033203125
2 0.40625 0.46875 0.037500000000000006 0.04296875
2 0.3953125 0.4755859375 0.03125 0.048828125
2 0.371875 0.474609375 0.034375 0.0625
2 0.340625 0.48046875 0.065625 0.0859375
2 0.28203125 0.48828125 0.0890625 0.08984375
2 0.1046875 0.529296875 0.2 0.19140625
2 0.02421875 0.5791015625 0.0484375 0.166015625
