0 0.6804687500000001 0.4521484375 0.0078125 0.021484375
2 0.59921875 0.4443359375 0.026562500000000003 0.033203125
2 0.58359375 0.4287109375 0.0234375 0.025390625
2 0.5640625 0.427734375 0.015625 0.015625
2 0.5515625000000001 0.4248046875 0.0125 0.013671875
2 0.50390625 0.419921875 0.010937500000000001 0.01171875
2 0.46875 0.421875 0.015625 0.015625
2 0.41640625000000003 0.423828125 0.010937500000000001 0.01171875
2 0.40078125000000003 0.4228515625 0.0140625 0.013671875
2 0.14140625 0.462890625 0.060937500000000006 0.04296875
2 0.5296875 0.416015625 0.009375000000000001 0.0078125
