9 0.56796875 0.4365234375 0.0140625 0.025390625
9 0.56796875 0.453125 0.0140625 0.0078125
9 0.6140625000000001 0.4423828125 0.009375000000000001 0.025390625
9 0.5828125000000001 0.4365234375 0.00625 0.013671875
0 0.9390625 0.482421875 0.00625 0.015625
0 0.9554687500000001 0.48046875 0.004687500000000001 0.01171875
0 0.7453125 0.4765625 0.009375000000000001 0.0234375
0 0.55703125 0.484375 0.0140625 0.04296875
2 0.90234375 0.4873046875 0.035937500000000004 0.021484375
2 0.884375 0.484375 0.018750000000000003 0.015625
2 0.784375 0.4951171875 0.06875 0.033203125
2 0.82421875 0.49609375 0.035937500000000004 0.03125
2 0.7703125000000001 0.4775390625 0.037500000000000006 0.017578125
2 0.62421875 0.4912109375 0.11093750000000001 0.072265625
2 0.5 0.5126953125 0.134375 0.134765625
2 0.58515625 0.470703125 0.029687500000000002 0.0234375
2 0.7109375 0.4775390625 0.021875000000000002 0.021484375
2 0.69140625 0.4775390625 0.0328125 0.021484375
2 0.6625000000000001 0.4755859375 0.040625 0.021484375
0 0.8695312500000001 0.484375 0.0078125 0.015625
