0 0.5234375 0.44921875 0.009375000000000001 0.02734375
0 0.49765625 0.44140625 0.010937500000000001 0.03125
0 0.4390625 0.4482421875 0.0125 0.033203125
1 0.46718750000000003 0.455078125 0.0125 0.01953125
1 0.89375 0.5185546875 0.109375 0.068359375
2 0.90390625 0.763671875 0.18906250000000002 0.46875
2 0.7914062500000001 0.599609375 0.2109375 0.18359375
2 0.721875 0.541015625 0.12812500000000002 0.1015625
2 0.6625000000000001 0.52734375 0.08750000000000001 0.09375
2 0.6335937500000001 0.509765625 0.0703125 0.08203125
2 0.59140625 0.48046875 0.0484375 0.05078125
2 0.58046875 0.462890625 0.0421875 0.04296875
2 0.5593750000000001 0.4482421875 0.037500000000000006 0.041015625
2 0.53359375 0.44921875 0.0140625 0.0234375
2 0.50390625 0.4443359375 0.0234375 0.021484375
2 0.46796875000000004 0.435546875 0.0203125 0.01953125
2 0.45546875000000003 0.4404296875 0.0140625 0.025390625
2 0.44296875 0.44140625 0.026562500000000003 0.03125
2 0.42578125 0.4560546875 0.029687500000000002 0.037109375
2 0.41015625 0.4677734375 0.0234375 0.044921875
2 0.37343750000000003 0.46875 0.0625 0.0703125
2 0.1953125 0.5634765625 0.12812500000000002 0.142578125
2 0.0765625 0.6240234375 0.153125 0.287109375
2 0.046875 0.4638671875 0.09375 0.033203125
2 0.32343750000000004 0.447265625 0.053125000000000006 0.046875
0 0.46796875000000004 0.4462890625 0.0078125 0.029296875
1 0.4390625 0.4619140625 0.0125 0.021484375
15 0.49921875000000004 0.458984375 0.010937500000000001 0.00390625
