7 0.4734375 0.3115234375 0.0125 0.037109375
7 0.28359375000000003 0.2060546875 0.0203125 0.052734375
7 0.15078125 0.2109375 0.0203125 0.0625
0 0.6390625000000001 0.4638671875 0.015625 0.060546875
0 0.6843750000000001 0.466796875 0.015625 0.06640625
0 0.029687500000000002 0.4501953125 0.009375000000000001 0.021484375
0 0.065625 0.453125 0.00625 0.01953125
0 0.07421875 0.451171875 0.004687500000000001 0.015625
0 0.08984375 0.4677734375 0.010937500000000001 0.044921875
0 0.10234375000000001 0.4658203125 0.0140625 0.048828125
1 0.5593750000000001 0.4892578125 0.021875000000000002 0.044921875
1 0.79609375 0.5068359375 0.08281250000000001 0.130859375
2 0.034375 0.4794921875 0.06875 0.052734375
2 0.32265625000000003 0.4697265625 0.045312500000000006 0.041015625
2 0.44375000000000003 0.4775390625 0.12187500000000001 0.134765625
0 0.5593750000000001 0.4736328125 0.021875000000000002 0.068359375
7 0.15078125 0.388671875 0.0078125 0.02734375
7 0.15703125 0.42578125 0.0078125 0.01171875
