9 0.8828125 0.4013671875 0.040625 0.041015625
9 0.87890625 0.3486328125 0.0171875 0.033203125
9 0.87890625 0.3740234375 0.0171875 0.013671875
9 0.6507812500000001 0.4033203125 0.0171875 0.025390625
9 0.65 0.421875 0.018750000000000003 0.01171875
9 0.69140625 0.40625 0.0078125 0.0234375
9 0.39375000000000004 0.412109375 0.009375000000000001 0.01171875
9 0.7523437500000001 0.400390625 0.0171875 0.04296875
0 0.6218750000000001 0.4541015625 0.009375000000000001 0.017578125
0 0.6335937500000001 0.453125 0.0078125 0.015625
0 0.6625000000000001 0.455078125 0.00625 0.015625
0 0.64453125 0.453125 0.004687500000000001 0.01171875
0 0.71875 0.4599609375 0.009375000000000001 0.033203125
0 0.56953125 0.4716796875 0.0203125 0.044921875
0 0.49296875 0.451171875 0.0078125 0.02734375
0 0.42812500000000003 0.4453125 0.00625 0.01953125
0 0.46328125000000003 0.443359375 0.004687500000000001 0.01171875
0 0.35468750000000004 0.453125 0.009375000000000001 0.0390625
0 0.33906250000000004 0.451171875 0.0125 0.04296875
0 0.31328125 0.4697265625 0.0140625 0.060546875
0 0.08359375000000001 0.4794921875 0.035937500000000004 0.076171875
0 0.1171875 0.4765625 0.025 0.0703125
0 0.049218750000000006 0.451171875 0.0171875 0.03515625
1 0.44375000000000003 0.4560546875 0.009375000000000001 0.017578125
2 0.96640625 0.490234375 0.06406250000000001 0.0703125
2 0.92578125 0.4814453125 0.0546875 0.052734375
2 0.71875 0.529296875 0.12187500000000001 0.10546875
2 0.6546875000000001 0.5029296875 0.078125 0.080078125
2 0.6203125 0.4931640625 0.040625 0.064453125
2 0.52265625 0.5048828125 0.0921875 0.103515625
2 0.5632812500000001 0.4501953125 0.0203125 0.017578125
2 0.546875 0.44921875 0.0125 0.01171875
2 0.5359375000000001 0.4443359375 0.015625 0.017578125
2 0.52578125 0.443359375 0.0078125 0.01171875
2 0.51796875 0.4423828125 0.0078125 0.009765625
2 0.48203125 0.44140625 0.0078125 0.0078125
2 0.49531250000000004 0.4404296875 0.009375000000000001 0.009765625
2 0.035937500000000004 0.4873046875 0.07187500000000001 0.068359375
0 0.44375000000000003 0.4482421875 0.009375000000000001 0.021484375
