9 0.17421875 0.3837890625 0.0203125 0.013671875
9 0.1765625 0.35546875 0.034375 0.0390625
9 0.73359375 0.3671875 0.0171875 0.03125
9 0.54609375 0.3525390625 0.0203125 0.021484375
9 0.54453125 0.373046875 0.026562500000000003 0.015625
1 0.58515625 0.4970703125 0.026562500000000003 0.052734375
1 0.5164062500000001 0.4853515625 0.010937500000000001 0.048828125
2 0.13593750000000002 0.4921875 0.27187500000000003 0.22265625
2 0.4109375 0.466796875 0.14375000000000002 0.109375
2 0.846875 0.478515625 0.140625 0.078125
2 0.76875 0.4931640625 0.059375000000000004 0.033203125
2 0.7507812500000001 0.4814453125 0.051562500000000004 0.041015625
0 0.51171875 0.451171875 0.0234375 0.02734375
0 0.584375 0.470703125 0.03125 0.06640625
