7 0.27734375 0.390625 0.004687500000000001 0.015625
7 0.32265625000000003 0.3876953125 0.004687500000000001 0.017578125
7 0.36875 0.3984375 0.003125 0.01171875
7 0.34218750000000003 0.3984375 0.003125 0.01171875
7 0.41484375 0.4267578125 0.004687500000000001 0.013671875
9 0.8359375 0.3818359375 0.021875000000000002 0.052734375
9 0.67109375 0.412109375 0.0078125 0.0234375
9 0.5453125 0.357421875 0.037500000000000006 0.05859375
9 0.31328125 0.3876953125 0.0078125 0.009765625
9 0.41250000000000003 0.4091796875 0.00625 0.005859375
0 0.7390625000000001 0.4384765625 0.0125 0.029296875
0 0.72578125 0.435546875 0.0078125 0.03515625
0 0.58359375 0.45703125 0.0140625 0.046875
0 0.5671875000000001 0.453125 0.015625 0.0546875
2 0.41171875 0.4736328125 0.0546875 0.060546875
2 0.35781250000000003 0.453125 0.0125 0.015625
2 0.31562500000000004 0.4697265625 0.05 0.060546875
2 0.25390625 0.490234375 0.1078125 0.09375
2 0.18671875000000002 0.4765625 0.060937500000000006 0.05859375
2 0.15078125 0.4716796875 0.0203125 0.033203125
2 0.13359375 0.474609375 0.029687500000000002 0.03515625
2 0.11640625 0.478515625 0.029687500000000002 0.03515625
2 0.09765625 0.48046875 0.029687500000000002 0.03515625
2 0.06796875000000001 0.482421875 0.0484375 0.04296875
2 0.022656250000000003 0.482421875 0.045312500000000006 0.10546875
