9 0.7820312500000001 0.2119140625 0.0890625 0.115234375
0 0.9765625 0.5576171875 0.043750000000000004 0.384765625
0 0.96484375 0.546875 0.06406250000000001 0.3515625
0 0.0125 0.490234375 0.025 0.140625
0 0.171875 0.4892578125 0.03125 0.103515625
0 0.23593750000000002 0.4921875 0.018750000000000003 0.0703125
0 0.2171875 0.4912109375 0.021875000000000002 0.083984375
0 0.30390625000000004 0.48828125 0.0140625 0.046875
0 0.28828125 0.48828125 0.0140625 0.0546875
0 0.325 0.4873046875 0.015625 0.044921875
0 0.35000000000000003 0.4912109375 0.0125 0.037109375
2 0.86875 0.5732421875 0.209375 0.169921875
2 0.7625000000000001 0.5400390625 0.28750000000000003 0.154296875
2 0.665625 0.4931640625 0.15625 0.095703125
2 0.60078125 0.4814453125 0.1078125 0.087890625
2 0.53125 0.4951171875 0.034375 0.052734375
2 0.5203125000000001 0.4775390625 0.053125000000000006 0.048828125
2 0.43828125 0.494140625 0.029687500000000002 0.03125
2 0.45156250000000003 0.4853515625 0.018750000000000003 0.021484375
2 0.09375 0.4765625 0.05625 0.0390625
