0 0.234375 0.4853515625 0.018750000000000003 0.080078125
0 0.27890625 0.4560546875 0.0171875 0.048828125
0 0.30078125 0.4599609375 0.0140625 0.048828125
0 0.38906250000000003 0.4521484375 0.009375000000000001 0.033203125
0 0.40859375000000003 0.4462890625 0.004687500000000001 0.017578125
0 0.42734375 0.44140625 0.004687500000000001 0.01171875
0 0.49375 0.458984375 0.009375000000000001 0.02734375
0 0.9125000000000001 0.4716796875 0.009375000000000001 0.025390625
0 0.75 0.4677734375 0.0125 0.037109375
0 0.7585937500000001 0.4609375 0.0078125 0.02734375
0 0.62265625 0.4638671875 0.0078125 0.029296875
0 0.6296875000000001 0.4658203125 0.009375000000000001 0.029296875
0 0.63671875 0.462890625 0.0078125 0.02734375
0 0.66015625 0.45703125 0.0078125 0.01171875
0 0.6507812500000001 0.45703125 0.004687500000000001 0.01171875
1 0.42109375000000004 0.458984375 0.0078125 0.01953125
2 0.4734375 0.4423828125 0.0125 0.009765625
2 0.50234375 0.4453125 0.0078125 0.01171875
2 0.5109375 0.4443359375 0.009375000000000001 0.009765625
2 0.5234375 0.447265625 0.018750000000000003 0.01953125
2 0.5359375000000001 0.453125 0.015625 0.01953125
2 0.553125 0.4560546875 0.025 0.025390625
2 0.52578125 0.5234375 0.1078125 0.12109375
2 0.6546875000000001 0.521484375 0.07187500000000001 0.09375
2 0.7210937500000001 0.5458984375 0.1390625 0.123046875
2 0.8734375000000001 0.6181640625 0.25 0.197265625
0 0.42109375000000004 0.44921875 0.0078125 0.0234375
9 0.7429687500000001 0.400390625 0.0140625 0.03515625
9 0.675 0.3955078125 0.025 0.025390625
9 0.675 0.41796875 0.025 0.015625
