7 0.1328125 0.33203125 0.0125 0.0546875
7 0.46718750000000003 0.181640625 0.015625 0.05859375
7 0.6671875 0.3232421875 0.015625 0.056640625
0 0.9640625 0.48046875 0.028125 0.1015625
0 0.93125 0.4814453125 0.021875000000000002 0.095703125
0 0.890625 0.443359375 0.018750000000000003 0.03125
0 0.24140625000000002 0.447265625 0.0140625 0.0390625
0 0.0734375 0.45703125 0.025 0.04296875
0 0.06328125 0.505859375 0.035937500000000004 0.1015625
0 0.78828125 0.484375 0.026562500000000003 0.11328125
0 0.33671875 0.4443359375 0.0078125 0.037109375
1 0.19296875000000002 0.4755859375 0.0390625 0.041015625
1 0.16953125000000002 0.482421875 0.0390625 0.046875
1 0.73359375 0.48046875 0.0234375 0.05859375
1 0.6937500000000001 0.484375 0.021875000000000002 0.05078125
1 0.70703125 0.482421875 0.0234375 0.05078125
1 0.6195312500000001 0.4599609375 0.0171875 0.041015625
2 0.08281250000000001 0.4521484375 0.07500000000000001 0.037109375
2 0.57265625 0.4716796875 0.060937500000000006 0.064453125
2 0.54453125 0.455078125 0.035937500000000004 0.046875
2 0.52578125 0.4482421875 0.0234375 0.037109375
2 0.50390625 0.4345703125 0.026562500000000003 0.025390625
2 0.446875 0.4296875 0.0125 0.01171875
2 0.43359375 0.4306640625 0.0171875 0.017578125
9 0.79609375 0.3623046875 0.0421875 0.013671875
9 0.7921875 0.3486328125 0.015625 0.017578125
