0 0.96640625 0.587890625 0.06406250000000001 0.3984375
0 0.51171875 0.4765625 0.0203125 0.078125
0 0.49062500000000003 0.48046875 0.025 0.078125
2 0.340625 0.4541015625 0.053125000000000006 0.033203125
2 0.30859375 0.4833984375 0.1015625 0.080078125
2 0.21796875000000002 0.4599609375 0.09531250000000001 0.087890625
2 0.10312500000000001 0.4921875 0.20625000000000002 0.20703125
2 0.03515625 0.5693359375 0.0703125 0.173828125
2 0.65625 0.48046875 0.15937500000000002 0.12890625
2 0.7125 0.5068359375 0.10312500000000001 0.142578125
2 0.8453125 0.51171875 0.23750000000000002 0.203125
2 0.946875 0.5634765625 0.10312500000000001 0.232421875
2 0.41718750000000004 0.4833984375 0.12187500000000001 0.146484375
2 0.5171875 0.466796875 0.040625 0.05859375
