9 0.6898437500000001 0.404296875 0.010937500000000001 0.02734375
2 0.5140625 0.4599609375 0.009375000000000001 0.009765625
2 0.50234375 0.462890625 0.0078125 0.0078125
2 0.5875 0.486328125 0.05 0.05859375
2 0.6023437500000001 0.505859375 0.060937500000000006 0.078125
2 0.6671875 0.52734375 0.125 0.14453125
2 0.7312500000000001 0.578125 0.16562500000000002 0.17578125
2 0.8500000000000001 0.65625 0.296875 0.296875
2 0.40937500000000004 0.4912109375 0.03125 0.052734375
2 0.3953125 0.5 0.037500000000000006 0.0546875
2 0.35078125000000004 0.5126953125 0.0921875 0.080078125
2 0.1234375 0.55078125 0.246875 0.234375
2 0.013281250000000001 0.5712890625 0.026562500000000003 0.201171875
2 0.54609375 0.4677734375 0.0203125 0.021484375
