0 0.690625 0.466796875 0.018750000000000003 0.06640625
0 0.6703125000000001 0.4658203125 0.021875000000000002 0.072265625
0 0.67734375 0.4697265625 0.0140625 0.064453125
0 0.6453125000000001 0.4697265625 0.021875000000000002 0.064453125
0 0.58359375 0.443359375 0.010937500000000001 0.0234375
0 0.5437500000000001 0.443359375 0.009375000000000001 0.0234375
0 0.1875 0.4794921875 0.015625 0.056640625
0 0.16562500000000002 0.478515625 0.015625 0.05859375
2 0.915625 0.5009765625 0.16562500000000002 0.068359375
2 0.6203125 0.4619140625 0.059375000000000004 0.044921875
2 0.6765625000000001 0.4658203125 0.09062500000000001 0.052734375
2 0.56640625 0.478515625 0.1171875 0.0546875
2 0.3515625 0.513671875 0.115625 0.078125
2 0.3046875 0.4775390625 0.046875 0.048828125
2 0.234375 0.474609375 0.053125000000000006 0.06640625
2 0.42109375000000004 0.474609375 0.045312500000000006 0.04296875
1 0.9773437500000001 0.5634765625 0.0421875 0.080078125
9 0.8562500000000001 0.31640625 0.065625 0.09375
