9 0.37890625 0.400390625 0.0140625 0.0234375
9 0.4 0.4287109375 0.009375000000000001 0.013671875
9 0.553125 0.4267578125 0.009375000000000001 0.013671875
0 0.11171875 0.51953125 0.051562500000000004 0.16015625
0 0.5515625000000001 0.4658203125 0.015625 0.048828125
2 0.040625 0.453125 0.08125 0.06640625
2 0.18984375 0.513671875 0.3765625 0.1875
2 0.29921875000000003 0.4453125 0.1046875 0.05078125
2 0.86640625 0.4912109375 0.26406250000000003 0.162109375
2 0.7125 0.4814453125 0.140625 0.103515625
2 0.64609375 0.48046875 0.0390625 0.0859375
15 0.5328125 0.44921875 0.07500000000000001 0.046875
