9 0.19140625 0.3447265625 0.0234375 0.013671875
9 0.65390625 0.30859375 0.0171875 0.03125
0 0.5085937500000001 0.40234375 0.010937500000000001 0.0390625
0 0.21953125 0.419921875 0.0203125 0.05859375
2 0.0890625 0.453125 0.178125 0.16796875
2 0.33437500000000003 0.4072265625 0.03125 0.029296875
2 0.34687500000000004 0.3994140625 0.025 0.033203125
2 0.43828125 0.4248046875 0.0734375 0.080078125
2 0.9265625000000001 0.59375 0.14375000000000002 0.40625
2 0.39140625 0.3994140625 0.0171875 0.017578125
8 0.55859375 0.4287109375 0.010937500000000001 0.025390625
