7 0.7859375000000001 0.203125 0.021875000000000002 0.0703125
7 0.15625 0.3544921875 0.015625 0.052734375
7 0.153125 0.421875 0.018750000000000003 0.01953125
9 0.87421875 0.4189453125 0.0171875 0.025390625
9 0.8421875000000001 0.4482421875 0.025 0.033203125
9 0.1609375 0.39453125 0.028125 0.01171875
0 0.08984375 0.5009765625 0.029687500000000002 0.099609375
0 0.17109375000000002 0.5009765625 0.026562500000000003 0.103515625
0 0.19062500000000002 0.50390625 0.025 0.0859375
0 0.225 0.5087890625 0.025 0.091796875
0 0.23750000000000002 0.4794921875 0.0125 0.056640625
0 0.25625000000000003 0.48046875 0.0125 0.046875
0 0.26328125 0.4775390625 0.010937500000000001 0.048828125
0 0.6125 0.4833984375 0.00625 0.017578125
2 0.5484375 0.498046875 0.015625 0.015625
9 0.66328125 0.4638671875 0.0234375 0.005859375
9 0.696875 0.4716796875 0.009375000000000001 0.009765625
9 0.48515625 0.4765625 0.010937500000000001 0.01171875
