7 0.68671875 0.3515625 0.0140625 0.0390625
7 0.47578125000000004 0.2158203125 0.0140625 0.048828125
7 0.36640625000000004 0.412109375 0.004687500000000001 0.01171875
7 0.40390625 0.404296875 0.004687500000000001 0.0078125
7 0.43515625 0.404296875 0.004687500000000001 0.01171875
7 0.46484375 0.4033203125 0.004687500000000001 0.009765625
7 0.42812500000000003 0.421875 0.003125 0.0078125
7 0.44062500000000004 0.4248046875 0.003125 0.005859375
7 0.45625000000000004 0.42578125 0.003125 0.0078125
7 0.43593750000000003 0.4248046875 0.003125 0.005859375
7 0.696875 0.3974609375 0.021875000000000002 0.025390625
7 0.9796875 0.1630859375 0.037500000000000006 0.150390625
9 0.37734375000000003 0.4091796875 0.0078125 0.009765625
9 0.41484375 0.4033203125 0.0078125 0.009765625
9 0.4265625 0.4033203125 0.00625 0.009765625
9 0.45546875000000003 0.404296875 0.0078125 0.01171875
9 0.70078125 0.376953125 0.029687500000000002 0.01171875
0 0.7203125 0.462890625 0.025 0.0703125
0 0.7312500000000001 0.4482421875 0.015625 0.060546875
2 0.9593750000000001 0.4296875 0.053125000000000006 0.0390625
2 0.81015625 0.4462890625 0.0390625 0.044921875
2 0.690625 0.458984375 0.043750000000000004 0.04296875
2 0.4578125 0.470703125 0.05 0.0546875
2 0.53515625 0.4677734375 0.0390625 0.041015625
2 0.51328125 0.4716796875 0.0171875 0.025390625
2 0.43046875 0.46484375 0.0171875 0.0234375
2 0.40468750000000003 0.4619140625 0.009375000000000001 0.013671875
2 0.39140625 0.4609375 0.0140625 0.015625
2 0.37343750000000003 0.46484375 0.018750000000000003 0.01953125
2 0.3453125 0.4697265625 0.034375 0.033203125
2 0.31171875000000004 0.4716796875 0.0328125 0.029296875
2 0.2625 0.474609375 0.015625 0.03515625
2 0.275 0.4755859375 0.0125 0.029296875
2 0.22890625 0.484375 0.060937500000000006 0.05859375
2 0.13359375 0.49609375 0.0578125 0.046875
15 0.41796875 0.455078125 0.0171875 0.0234375
