7 0.9476562500000001 0.3544921875 0.0203125 0.033203125
7 0.65234375 0.3095703125 0.0171875 0.060546875
7 0.64765625 0.3759765625 0.0203125 0.021484375
7 0.4375 0.390625 0.00625 0.01953125
7 0.49921875000000004 0.416015625 0.004687500000000001 0.015625
7 0.27890625 0.4150390625 0.004687500000000001 0.021484375
9 0.978125 0.2978515625 0.034375 0.044921875
9 0.6507812500000001 0.3515625 0.045312500000000006 0.01953125
9 0.41328125000000004 0.4052734375 0.0078125 0.009765625
0 0.9031250000000001 0.46484375 0.037500000000000006 0.14453125
0 0.8757812500000001 0.4736328125 0.0328125 0.134765625
0 0.8578125000000001 0.4697265625 0.03125 0.138671875
0 0.7835937500000001 0.4736328125 0.026562500000000003 0.123046875
0 0.77109375 0.4814453125 0.026562500000000003 0.134765625
0 0.7429687500000001 0.4736328125 0.026562500000000003 0.119140625
0 0.70859375 0.4599609375 0.0234375 0.083984375
0 0.6726562500000001 0.4375 0.029687500000000002 0.0390625
0 0.55859375 0.486328125 0.0484375 0.12890625
0 0.5320312500000001 0.48046875 0.0421875 0.125
0 0.48984375 0.462890625 0.010937500000000001 0.03125
0 0.004687500000000001 0.46484375 0.009375000000000001 0.0546875
0 0.010937500000000001 0.4638671875 0.0125 0.056640625
0 0.0203125 0.46484375 0.015625 0.05859375
1 0.0171875 0.4853515625 0.034375 0.044921875
1 0.0234375 0.482421875 0.046875 0.04296875
2 0.41250000000000003 0.4658203125 0.03125 0.033203125
2 0.39609375 0.462890625 0.0078125 0.015625
2 0.38593750000000004 0.462890625 0.0125 0.0234375
2 0.37343750000000003 0.4658203125 0.021875000000000002 0.025390625
2 0.28984375 0.4716796875 0.026562500000000003 0.056640625
2 0.25546875 0.4736328125 0.0484375 0.064453125
2 0.19140625 0.4794921875 0.09531250000000001 0.083984375
