7 0.4296875 0.400390625 0.00625 0.015625
7 0.4234375 0.38671875 0.009375000000000001 0.01953125
9 0.84765625 0.3125 0.0234375 0.046875
9 0.7734375 0.3330078125 0.018750000000000003 0.041015625
0 0.3296875 0.4638671875 0.0125 0.033203125
0 0.7125 0.46875 0.021875000000000002 0.078125
0 0.7453125 0.4609375 0.025 0.08984375
1 0.36953125000000003 0.4775390625 0.010937500000000001 0.029296875
1 0.38125000000000003 0.47265625 0.009375000000000001 0.01953125
1 0.27109375 0.498046875 0.0234375 0.05078125
1 0.08671875000000001 0.49609375 0.026562500000000003 0.07421875
1 0.060937500000000006 0.5107421875 0.046875 0.087890625
1 0.19843750000000002 0.484375 0.03125 0.0703125
1 0.1765625 0.490234375 0.025 0.05859375
1 0.115625 0.5048828125 0.028125 0.080078125
1 0.29140625000000003 0.48046875 0.010937500000000001 0.0390625
1 0.022656250000000003 0.5185546875 0.045312500000000006 0.095703125
1 0.21796875000000002 0.4921875 0.0171875 0.046875
2 0.59921875 0.4912109375 0.1171875 0.111328125
2 0.5390625 0.482421875 0.059375000000000004 0.08203125
2 0.51015625 0.4755859375 0.0390625 0.060546875
2 0.4921875 0.470703125 0.034375 0.04296875
2 0.43203125000000003 0.4697265625 0.0484375 0.044921875
0 0.24296875 0.46484375 0.0140625 0.04296875
0 0.36953125000000003 0.46484375 0.010937500000000001 0.04296875
0 0.38125000000000003 0.458984375 0.009375000000000001 0.0234375
0 0.2703125 0.474609375 0.025 0.07421875
