7 0.32421875 0.357421875 0.010937500000000001 0.03515625
7 0.45859375 0.271484375 0.010937500000000001 0.0390625
7 0.584375 0.36328125 0.009375000000000001 0.03515625
7 0.6921875000000001 0.25 0.021875000000000002 0.0859375
7 0.8171875000000001 0.4150390625 0.015625 0.017578125
7 0.8132812500000001 0.3662109375 0.010937500000000001 0.037109375
7 0.8500000000000001 0.3671875 0.0125 0.03515625
7 0.6820312500000001 0.265625 0.035937500000000004 0.09765625
7 0.08515625 0.2470703125 0.029687500000000002 0.115234375
0 0.7273437500000001 0.46875 0.0140625 0.046875
0 0.60703125 0.4580078125 0.0203125 0.056640625
0 0.63671875 0.4580078125 0.0171875 0.060546875
0 0.6468750000000001 0.4580078125 0.015625 0.064453125
0 0.6570312500000001 0.4580078125 0.0140625 0.056640625
0 0.665625 0.44921875 0.009375000000000001 0.05078125
0 0.4296875 0.455078125 0.0125 0.0390625
0 0.47187500000000004 0.4453125 0.00625 0.015625
0 0.4609375 0.4443359375 0.00625 0.017578125
0 0.35859375000000004 0.451171875 0.0140625 0.046875
0 0.3375 0.4453125 0.0125 0.0390625
0 0.3328125 0.4482421875 0.009375000000000001 0.041015625
1 0.7125 0.53125 0.043750000000000004 0.11328125
1 0.8070312500000001 0.5576171875 0.0765625 0.185546875
1 0.8484375000000001 0.5732421875 0.08750000000000001 0.181640625
1 0.946875 0.5732421875 0.07187500000000001 0.162109375
1 0.97578125 0.662109375 0.045312500000000006 0.2734375
1 0.43828125 0.46875 0.0203125 0.02734375
1 0.22265625 0.4560546875 0.035937500000000004 0.033203125
1 0.2078125 0.45703125 0.037500000000000006 0.03515625
2 0.5265625 0.453125 0.021875000000000002 0.0234375
0 0.43984375000000003 0.455078125 0.0140625 0.0390625
8 0.5554687500000001 0.47265625 0.0078125 0.0234375
7 0.36875 0.0400390625 0.043750000000000004 0.080078125
