9 0.45937500000000003 0.408203125 0.009375000000000001 0.01171875
9 0.6039062500000001 0.4013671875 0.010937500000000001 0.017578125
0 0.65546875 0.4501953125 0.0140625 0.025390625
0 0.5875 0.44140625 0.00625 0.0234375
0 0.53828125 0.4384765625 0.004687500000000001 0.009765625
0 0.48515625 0.453125 0.010937500000000001 0.04296875
0 0.4609375 0.4521484375 0.0125 0.037109375
0 0.47187500000000004 0.4521484375 0.0125 0.041015625
0 0.6359375 0.5556640625 0.046875 0.158203125
0 0.509375 0.4375 0.003125 0.01171875
1 0.1265625 0.650390625 0.084375 0.16015625
1 0.53828125 0.6015625 0.0390625 0.1015625
2 0.21484375 0.533203125 0.13593750000000002 0.1328125
2 0.28828125 0.5048828125 0.0890625 0.115234375
2 0.34218750000000003 0.4990234375 0.046875 0.076171875
2 0.35234375 0.48046875 0.0703125 0.08203125
2 0.3984375 0.4775390625 0.037500000000000006 0.064453125
2 0.415625 0.474609375 0.025 0.05078125
2 0.43046875 0.462890625 0.0328125 0.0390625
2 0.446875 0.4580078125 0.021875000000000002 0.033203125
2 0.8140625 0.580078125 0.253125 0.23828125
2 0.9734375000000001 0.5517578125 0.05 0.142578125
2 0.953125 0.4951171875 0.09062500000000001 0.119140625
2 0.8500000000000001 0.4638671875 0.12812500000000002 0.048828125
2 0.71484375 0.466796875 0.0546875 0.046875
2 0.7234375000000001 0.470703125 0.040625 0.046875
2 0.55859375 0.4755859375 0.0578125 0.060546875
2 0.6039062500000001 0.470703125 0.0390625 0.046875
2 0.6390625000000001 0.4951171875 0.084375 0.072265625
2 0.5609375 0.439453125 0.021875000000000002 0.015625
2 0.546875 0.4375 0.009375000000000001 0.01171875
2 0.55 0.4384765625 0.00625 0.013671875
2 0.4734375 0.44921875 0.018750000000000003 0.0234375
2 0.49453125000000003 0.4423828125 0.010937500000000001 0.013671875
2 0.5046875000000001 0.4375 0.009375000000000001 0.01171875
2 0.49921875000000004 0.4404296875 0.0140625 0.013671875
2 0.6578125 0.44921875 0.03125 0.02734375
0 0.13046875 0.58984375 0.08281250000000001 0.171875
0 0.5398437500000001 0.5458984375 0.0703125 0.181640625
