4 0.50625 0.4013671875 0.03125 0.041015625
7 0.1375 0.0556640625 0.065625 0.111328125
7 0.16953125000000002 0.1435546875 0.035937500000000004 0.130859375
7 0.28125 0.14453125 0.040625 0.12890625
7 0.21250000000000002 0.294921875 0.021875000000000002 0.046875
9 0.1265625 0.1435546875 0.05 0.064453125
9 0.27578125000000003 0.234375 0.035937500000000004 0.046875
0 0.44453125000000004 0.408203125 0.010937500000000001 0.0390625
0 0.43359375 0.4072265625 0.010937500000000001 0.041015625
0 0.29531250000000003 0.478515625 0.08125 0.2421875
0 0.23593750000000002 0.4677734375 0.05 0.240234375
0 0.19687500000000002 0.45703125 0.09375 0.27734375
0 0.1171875 0.4384765625 0.046875 0.181640625
0 0.049218750000000006 0.4228515625 0.051562500000000004 0.212890625
0 0.0203125 0.388671875 0.040625 0.13671875
0 0.7992187500000001 0.4658203125 0.0171875 0.076171875
0 0.70078125 0.53515625 0.0703125 0.22265625
0 0.6960937500000001 0.4453125 0.0421875 0.09765625
3 0.58125 0.703125 0.19687500000000002 0.4609375
0 0.5609375 0.619140625 0.209375 0.50390625
15 0.8695312500000001 0.423828125 0.15781250000000002 0.09765625
