4 0.45390625 0.4267578125 0.0171875 0.021484375
7 0.24531250000000002 0.404296875 0.009375000000000001 0.01171875
7 0.5765625 0.3828125 0.0125 0.015625
9 0.078125 0.4306640625 0.034375 0.013671875
9 0.0765625 0.4443359375 0.009375000000000001 0.013671875
9 0.24765625000000002 0.4287109375 0.0234375 0.021484375
9 0.57734375 0.4169921875 0.0234375 0.037109375
9 0.80390625 0.2880859375 0.0578125 0.103515625
9 0.8054687500000001 0.349609375 0.0234375 0.01953125
9 0.80625 0.3681640625 0.015625 0.013671875
9 0.540625 0.4296875 0.00625 0.01171875
0 0.060937500000000006 0.5361328125 0.037500000000000006 0.083984375
0 0.10859375 0.48828125 0.010937500000000001 0.03515625
0 0.11953125 0.48828125 0.0140625 0.0390625
0 0.18281250000000002 0.49609375 0.0125 0.0546875
0 0.2 0.4951171875 0.015625 0.052734375
0 0.225 0.48828125 0.009375000000000001 0.046875
0 0.36015625 0.494140625 0.029687500000000002 0.05859375
0 0.53515625 0.45703125 0.010937500000000001 0.02734375
0 0.55234375 0.4619140625 0.010937500000000001 0.029296875
0 0.56953125 0.4638671875 0.0078125 0.037109375
0 0.5578125 0.443359375 0.00625 0.01953125
0 0.5945312500000001 0.4873046875 0.010937500000000001 0.044921875
0 0.60546875 0.4716796875 0.010937500000000001 0.037109375
0 0.5828125000000001 0.4541015625 0.00625 0.025390625
0 0.5890625 0.4697265625 0.015625 0.033203125
0 0.5984375000000001 0.4443359375 0.00625 0.021484375
0 0.6062500000000001 0.44140625 0.00625 0.01953125
0 0.6328125 0.4599609375 0.009375000000000001 0.033203125
0 0.61640625 0.498046875 0.0140625 0.046875
0 0.6484375 0.486328125 0.0125 0.046875
0 0.6375000000000001 0.4951171875 0.015625 0.048828125
0 0.6195312500000001 0.4658203125 0.010937500000000001 0.029296875
0 0.675 0.498046875 0.015625 0.05859375
0 0.6609375000000001 0.4921875 0.0125 0.0546875
0 0.6984375 0.5087890625 0.021875000000000002 0.064453125
0 0.71484375 0.513671875 0.0203125 0.078125
0 0.7359375 0.51953125 0.021875000000000002 0.0859375
0 0.75546875 0.5146484375 0.0234375 0.091796875
0 0.7734375 0.5244140625 0.021875000000000002 0.095703125
0 0.7375 0.4619140625 0.015625 0.033203125
0 0.759375 0.462890625 0.0125 0.0390625
0 0.78671875 0.513671875 0.0203125 0.0859375
0 0.80625 0.513671875 0.034375 0.109375
0 0.8296875 0.513671875 0.021875000000000002 0.09765625
0 0.875 0.5244140625 0.03125 0.126953125
0 0.90234375 0.5166015625 0.0328125 0.126953125
0 0.9296875 0.5234375 0.040625 0.14453125
0 0.9671875000000001 0.5234375 0.037500000000000006 0.14453125
0 0.815625 0.45703125 0.0125 0.04296875
0 0.703125 0.46484375 0.0125 0.02734375
0 0.7429687500000001 0.4306640625 0.0078125 0.021484375
0 0.7289062500000001 0.4306640625 0.0078125 0.025390625
0 0.71875 0.4326171875 0.009375000000000001 0.025390625
0 0.69921875 0.4384765625 0.010937500000000001 0.033203125
0 0.6875 0.47265625 0.0125 0.04296875
0 0.88671875 0.447265625 0.010937500000000001 0.03515625
0 0.83515625 0.447265625 0.010937500000000001 0.0390625
0 0.7515625 0.44140625 0.0125 0.03515625
0 0.7210937500000001 0.462890625 0.010937500000000001 0.02734375
0 0.9007812500000001 0.4423828125 0.0140625 0.025390625
2 0.06015625 0.5146484375 0.1203125 0.087890625
2 0.30625 0.49609375 0.046875 0.05078125
2 0.3328125 0.490234375 0.021875000000000002 0.0390625
2 0.38515625000000003 0.46875 0.035937500000000004 0.03515625
2 0.34296875000000004 0.4599609375 0.0328125 0.021484375
2 0.49921875000000004 0.5498046875 0.1609375 0.158203125
2 0.40390625 0.5390625 0.0734375 0.109375
2 0.44765625000000003 0.4716796875 0.07968750000000001 0.033203125
2 0.40703125 0.453125 0.0203125 0.02734375
2 0.4140625 0.4384765625 0.015625 0.017578125
2 0.43828125 0.4384765625 0.0140625 0.013671875
2 0.4375 0.427734375 0.009375000000000001 0.0078125
2 0.43046875 0.42578125 0.0078125 0.0078125
2 0.4734375 0.4501953125 0.021875000000000002 0.013671875
2 0.38906250000000003 0.4453125 0.018750000000000003 0.015625
2 0.41718750000000004 0.42578125 0.0125 0.01171875
2 0.40625 0.4287109375 0.0125 0.013671875
2 0.46406250000000004 0.4443359375 0.015625 0.017578125
2 0.5015625 0.46484375 0.034375 0.01953125
2 0.4390625 0.451171875 0.018750000000000003 0.0078125
8 0.62890625 0.5283203125 0.0140625 0.037109375
