4 0.584375 0.4384765625 0.078125 0.134765625
7 0.31171875000000004 0.416015625 0.0078125 0.01953125
9 0.8406250000000001 0.3134765625 0.05625 0.033203125
9 0.27421875 0.3662109375 0.0234375 0.025390625
9 0.046875 0.33203125 0.015625 0.03515625
9 0.29921875000000003 0.4306640625 0.0078125 0.013671875
1 0.7835937500000001 0.5849609375 0.09531250000000001 0.185546875
2 0.9609375 0.552734375 0.07500000000000001 0.20703125
2 0.8773437500000001 0.5107421875 0.11406250000000001 0.146484375
2 0.70859375 0.48046875 0.1046875 0.13671875
2 0.09062500000000001 0.548828125 0.18125000000000002 0.44921875
2 0.18671875000000002 0.5 0.09843750000000001 0.08984375
2 0.24453125 0.4951171875 0.0671875 0.068359375
2 0.28203125 0.4873046875 0.0578125 0.060546875
2 0.3125 0.482421875 0.040625 0.05078125
2 0.45859375 0.5068359375 0.2390625 0.283203125
0 0.78515625 0.5166015625 0.0921875 0.279296875
9 0.821875 0.359375 0.018750000000000003 0.03515625
