4 0.89765625 0.462890625 0.2015625 0.09765625
7 0.22031250000000002 0.3056640625 0.018750000000000003 0.095703125
7 0.21171875 0.3974609375 0.0171875 0.025390625
7 0.63984375 0.14453125 0.0140625 0.0390625
7 0.6203125 0.14453125 0.015625 0.0390625
7 0.62890625 0.111328125 0.0171875 0.0234375
7 0.790625 0.146484375 0.0125 0.05859375
9 0.5296875 0.4404296875 0.009375000000000001 0.017578125
9 0.7015625000000001 0.12890625 0.040625 0.0625
9 0.87890625 0.2236328125 0.1078125 0.021484375
9 0.978125 0.443359375 0.009375000000000001 0.01953125
9 0.9375 0.45703125 0.0125 0.0234375
9 0.85546875 0.41015625 0.010937500000000001 0.02734375
6 0.6765625000000001 0.462890625 0.046875 0.0703125
2 0.6015625 0.48828125 0.078125 0.08984375
9 0.465625 0.4453125 0.0125 0.01171875
9 0.5296875 0.4580078125 0.00625 0.013671875
