7 0.22578125000000002 0.08203125 0.0171875 0.0703125
7 0.7546875000000001 0.2685546875 0.015625 0.052734375
7 0.7585937500000001 0.337890625 0.0234375 0.02734375
7 0.9703125 0.220703125 0.025 0.0625
7 0.9812500000000001 0.2802734375 0.028125 0.037109375
7 0.37031250000000004 0.3974609375 0.00625 0.017578125
0 0.859375 0.4423828125 0.046875 0.123046875
0 0.40859375000000003 0.447265625 0.0078125 0.0234375
0 0.36875 0.453125 0.009375000000000001 0.03515625
2 0.47265625 0.4482421875 0.0171875 0.025390625
2 0.3984375 0.4404296875 0.009375000000000001 0.009765625
2 0.38515625000000003 0.4423828125 0.010937500000000001 0.013671875
2 0.36484375 0.4521484375 0.026562500000000003 0.021484375
2 0.3328125 0.4580078125 0.0125 0.017578125
2 0.31953125000000004 0.4580078125 0.0203125 0.025390625
2 0.30390625000000004 0.4609375 0.0234375 0.0234375
2 0.2765625 0.4658203125 0.03125 0.029296875
2 0.253125 0.470703125 0.018750000000000003 0.03125
2 0.16875 0.4814453125 0.05625 0.048828125
2 0.2171875 0.4716796875 0.0625 0.044921875
2 0.08281250000000001 0.54296875 0.16562500000000002 0.31640625
