0 0.23593750000000002 0.525390625 0.043750000000000004 0.14453125
0 0.534375 0.4609375 0.0125 0.04296875
0 0.6000000000000001 0.46484375 0.018750000000000003 0.05078125
1 0.521875 0.486328125 0.015625 0.04296875
1 0.6429687500000001 0.474609375 0.026562500000000003 0.03125
2 0.02109375 0.6279296875 0.0421875 0.158203125
2 0.08671875000000001 0.5751953125 0.17343750000000002 0.189453125
2 0.18281250000000002 0.5419921875 0.09375 0.130859375
2 0.26484375 0.5224609375 0.0484375 0.087890625
2 0.3453125 0.4814453125 0.0625 0.060546875
2 0.47968750000000004 0.4443359375 0.015625 0.017578125
2 0.6937500000000001 0.46484375 0.07500000000000001 0.04296875
2 0.84375 0.4921875 0.140625 0.08984375
2 0.8226562500000001 0.4560546875 0.1921875 0.111328125
2 0.94921875 0.4970703125 0.09843750000000001 0.150390625
0 0.521875 0.4716796875 0.015625 0.052734375
0 0.6429687500000001 0.4638671875 0.0203125 0.041015625
12 0.23515625 0.5927734375 0.0234375 0.013671875
