7 0.82421875 0.4521484375 0.0171875 0.056640625
7 0.0484375 0.5224609375 0.009375000000000001 0.013671875
9 0.11406250000000001 0.4423828125 0.034375 0.013671875
9 0.115625 0.4619140625 0.037500000000000006 0.013671875
9 0.1203125 0.478515625 0.046875 0.015625
9 0.09531250000000001 0.494140625 0.040625 0.01171875
9 0.09296875 0.5107421875 0.0484375 0.013671875
9 0.1484375 0.4755859375 0.0125 0.021484375
9 0.14765625000000002 0.4970703125 0.0140625 0.021484375
9 0.1484375 0.517578125 0.015625 0.01953125
9 0.051562500000000004 0.4921875 0.028125 0.01171875
9 0.05234375 0.5029296875 0.0234375 0.009765625
0 0.8382812500000001 0.6083984375 0.0234375 0.107421875
0 0.8304687500000001 0.599609375 0.0203125 0.1015625
0 0.78515625 0.578125 0.010937500000000001 0.046875
0 0.7515625 0.576171875 0.0125 0.05078125
0 0.7234375000000001 0.583984375 0.0125 0.05078125
0 0.69296875 0.564453125 0.0140625 0.0234375
0 0.70625 0.572265625 0.0125 0.02734375
0 0.6531250000000001 0.560546875 0.018750000000000003 0.0234375
0 0.640625 0.5625 0.009375000000000001 0.015625
0 0.59765625 0.5712890625 0.0140625 0.048828125
0 0.58046875 0.568359375 0.0140625 0.04296875
0 0.88828125 0.5888671875 0.0171875 0.041015625
6 0.30859375 0.53515625 0.0703125 0.046875
2 0.1875 0.6513671875 0.21875 0.197265625
2 0.28203125 0.6083984375 0.0765625 0.107421875
2 0.33046875000000003 0.5869140625 0.0671875 0.076171875
2 0.6671875 0.6376953125 0.15000000000000002 0.134765625
2 0.46796875000000004 0.740234375 0.34218750000000003 0.37109375
2 0.4 0.5419921875 0.040625 0.029296875
