7 0.09140625000000001 0.3759765625 0.010937500000000001 0.041015625
7 0.40859375000000003 0.4521484375 0.004687500000000001 0.017578125
7 0.55859375 0.4580078125 0.004687500000000001 0.013671875
7 0.6781250000000001 0.3818359375 0.009375000000000001 0.041015625
9 0.10234375000000001 0.4287109375 0.0203125 0.044921875
9 0.671875 0.4375 0.025 0.046875
0 0.22265625 0.4873046875 0.0171875 0.033203125
0 0.265625 0.484375 0.00625 0.0234375
0 0.2828125 0.484375 0.0125 0.015625
0 0.3484375 0.4912109375 0.00625 0.025390625
0 0.359375 0.4912109375 0.009375000000000001 0.021484375
0 0.6984375 0.498046875 0.018750000000000003 0.046875
0 0.7390625000000001 0.494140625 0.025 0.03515625
0 0.77109375 0.494140625 0.0203125 0.03125
2 0.1609375 0.533203125 0.146875 0.1015625
2 0.509375 0.49609375 0.021875000000000002 0.01953125
2 0.51171875 0.482421875 0.010937500000000001 0.01171875
2 0.5007812500000001 0.4765625 0.010937500000000001 0.01171875
2 0.5296875 0.4873046875 0.0125 0.013671875
