7 0.02890625 0.2861328125 0.0203125 0.068359375
7 0.02421875 0.365234375 0.0234375 0.02734375
7 0.9890625000000001 0.3544921875 0.018750000000000003 0.033203125
7 0.978125 0.263671875 0.025 0.078125
7 0.7585937500000001 0.2939453125 0.0203125 0.064453125
7 0.7585937500000001 0.3701171875 0.0234375 0.025390625
9 0.034375 0.3388671875 0.040625 0.017578125
9 0.7523437500000001 0.345703125 0.045312500000000006 0.01953125
9 0.6796875 0.3798828125 0.0125 0.021484375
9 0.56953125 0.4189453125 0.010937500000000001 0.009765625
9 0.5703125 0.40625 0.0125 0.015625
0 0.6765625000000001 0.45703125 0.018750000000000003 0.06640625
2 0.30234375 0.4755859375 0.0859375 0.080078125
2 0.44453125000000004 0.4755859375 0.11406250000000001 0.087890625
2 0.6101562500000001 0.466796875 0.0765625 0.078125
2 0.571875 0.4560546875 0.053125000000000006 0.064453125
2 0.54296875 0.4619140625 0.0171875 0.041015625
2 0.534375 0.455078125 0.028125 0.0390625
2 0.5171875 0.4521484375 0.018750000000000003 0.029296875
2 0.5085937500000001 0.44921875 0.0171875 0.0234375
2 0.496875 0.4541015625 0.0125 0.017578125
