9 0.27578125000000003 0.4326171875 0.0140625 0.005859375
9 0.8171875000000001 0.302734375 0.05625 0.01953125
1 0.8250000000000001 0.5859375 0.07187500000000001 0.13671875
1 0.7171875000000001 0.5595703125 0.053125000000000006 0.126953125
1 0.6726562500000001 0.537109375 0.0421875 0.1015625
1 0.6203125 0.53125 0.015625 0.05859375
2 0.08203125 0.4970703125 0.1640625 0.177734375
2 0.40937500000000004 0.4853515625 0.018750000000000003 0.017578125
0 0.82578125 0.5302734375 0.0671875 0.169921875
0 0.7273437500000001 0.4951171875 0.0546875 0.173828125
0 0.675 0.5048828125 0.037500000000000006 0.119140625
0 0.6234375000000001 0.4970703125 0.034375 0.091796875
