7 0.5703125 0.4150390625 0.003125 0.009765625
9 0.23203125000000002 0.4404296875 0.0203125 0.025390625
9 0.23203125000000002 0.462890625 0.0171875 0.01953125
9 0.46718750000000003 0.36328125 0.025 0.02734375
9 0.46718750000000003 0.3916015625 0.021875000000000002 0.029296875
9 0.46953125 0.4208984375 0.0234375 0.029296875
9 0.6171875 0.404296875 0.0125 0.015625
9 0.49843750000000003 0.4189453125 0.00625 0.009765625
9 0.50390625 0.4169921875 0.004687500000000001 0.009765625
0 0.23984375000000002 0.482421875 0.0140625 0.05078125
2 0.60546875 0.5107421875 0.0859375 0.091796875
2 0.58203125 0.474609375 0.060937500000000006 0.06640625
2 0.55859375 0.4609375 0.0328125 0.04296875
2 0.51484375 0.4482421875 0.026562500000000003 0.025390625
