9 0.9343750000000001 0.265625 0.10312500000000001 0.13671875
0 0.253125 0.509765625 0.037500000000000006 0.1015625
0 0.41953125 0.5029296875 0.010937500000000001 0.033203125
0 0.64765625 0.505859375 0.004687500000000001 0.01171875
0 0.6414062500000001 0.50390625 0.004687500000000001 0.01171875
1 0.24296875 0.52734375 0.026562500000000003 0.06640625
2 0.48750000000000004 0.525390625 0.1 0.109375
2 0.8445312500000001 0.5927734375 0.30781250000000004 0.154296875
2 0.61328125 0.5224609375 0.0859375 0.033203125
2 0.5609375 0.505859375 0.05 0.03125
2 0.759375 0.5107421875 0.028125 0.017578125
2 0.09062500000000001 0.4873046875 0.053125000000000006 0.021484375
