7 0.06328125 0.4384765625 0.0203125 0.060546875
7 0.096875 0.4599609375 0.025 0.029296875
7 0.22421875000000002 0.470703125 0.004687500000000001 0.015625
7 0.1921875 0.46484375 0.00625 0.01953125
0 0.940625 0.5556640625 0.08125 0.220703125
0 0.5484375 0.5439453125 0.025 0.103515625
0 0.4 0.548828125 0.025 0.0859375
0 0.61640625 0.54296875 0.0203125 0.06640625
0 0.4859375 0.560546875 0.021875000000000002 0.0703125
0 0.46718750000000003 0.5546875 0.015625 0.0703125
0 0.5765625 0.544921875 0.021875000000000002 0.0625
0 0.65 0.5703125 0.028125 0.05078125
0 0.42421875000000003 0.5654296875 0.0140625 0.060546875
1 0.8171875000000001 0.568359375 0.08750000000000001 0.0625
