7 0.37343750000000003 0.4423828125 0.003125 0.013671875
7 0.37812500000000004 0.443359375 0.003125 0.01171875
9 0.59296875 0.4208984375 0.0171875 0.009765625
9 0.58828125 0.4345703125 0.004687500000000001 0.009765625
9 0.98359375 0.23046875 0.029687500000000002 0.0859375
9 0.1859375 0.4130859375 0.021875000000000002 0.025390625
1 0.5750000000000001 0.5087890625 0.028125 0.056640625
2 0.63046875 0.4931640625 0.07968750000000001 0.076171875
2 0.6140625000000001 0.482421875 0.0625 0.0703125
2 0.5710937500000001 0.4775390625 0.0421875 0.044921875
2 0.553125 0.466796875 0.021875000000000002 0.02734375
2 0.28750000000000003 0.5 0.034375 0.05859375
2 0.3359375 0.49609375 0.084375 0.08984375
2 0.2171875 0.5 0.096875 0.09765625
2 0.1234375 0.5234375 0.15937500000000002 0.125
2 0.4625 0.5087890625 0.178125 0.212890625
2 0.82734375 0.466796875 0.1078125 0.1015625
0 0.57578125 0.4853515625 0.029687500000000002 0.076171875
