9 0.66171875 0.3857421875 0.0203125 0.013671875
9 0.6609375000000001 0.400390625 0.018750000000000003 0.01171875
0 0.38125000000000003 0.3994140625 0.015625 0.044921875
0 0.35703125 0.3857421875 0.010937500000000001 0.029296875
0 0.33984375 0.3955078125 0.0140625 0.052734375
0 0.32109375 0.3984375 0.0140625 0.04296875
0 0.30312500000000003 0.396484375 0.0125 0.04296875
0 0.23125 0.392578125 0.0125 0.04296875
0 0.05390625 0.3486328125 0.010937500000000001 0.033203125
6 0.59375 0.3798828125 0.034375 0.037109375
2 0.7820312500000001 0.490234375 0.17343750000000002 0.14453125
2 0.6765625000000001 0.4541015625 0.08750000000000001 0.080078125
2 0.6421875 0.4365234375 0.040625 0.060546875
2 0.6257812500000001 0.41796875 0.035937500000000004 0.046875
2 0.55234375 0.4794921875 0.1546875 0.169921875
2 0.9007812500000001 0.4619140625 0.08281250000000001 0.068359375
2 0.9484375 0.4619140625 0.053125000000000006 0.052734375
2 0.49921875000000004 0.3984375 0.026562500000000003 0.04296875
