0 0.6507812500000001 0.4482421875 0.010937500000000001 0.025390625
0 0.6640625 0.4521484375 0.009375000000000001 0.025390625
0 0.375 0.4384765625 0.009375000000000001 0.013671875
0 0.421875 0.4501953125 0.00625 0.021484375
0 0.4453125 0.4501953125 0.00625 0.017578125
0 0.45 0.447265625 0.00625 0.01953125
2 0.08984375 0.6845703125 0.1796875 0.431640625
2 0.9437500000000001 0.673828125 0.109375 0.2109375
2 0.8765625 0.6015625 0.24375000000000002 0.19140625
2 0.8453125 0.4755859375 0.10312500000000001 0.037109375
2 0.76171875 0.55078125 0.1328125 0.1328125
2 0.6984375 0.529296875 0.078125 0.08984375
2 0.6429687500000001 0.4931640625 0.0703125 0.064453125
2 0.371875 0.4677734375 0.1125 0.052734375
2 0.48203125 0.453125 0.0390625 0.02734375
2 0.57421875 0.462890625 0.035937500000000004 0.03515625
2 0.55078125 0.4560546875 0.0234375 0.025390625
2 0.5421875 0.453125 0.018750000000000003 0.0234375
2 0.53046875 0.4462890625 0.0171875 0.017578125
2 0.52109375 0.443359375 0.010937500000000001 0.015625
2 0.51484375 0.443359375 0.004687500000000001 0.0078125
0 0.40078125000000003 0.4462890625 0.010937500000000001 0.025390625
