9 0.34609375000000003 0.39453125 0.004687500000000001 0.0078125
9 0.35625 0.3955078125 0.003125 0.005859375
9 0.35781250000000003 0.3857421875 0.003125 0.005859375
9 0.34453125 0.3828125 0.004687500000000001 0.0078125
0 0.23593750000000002 0.431640625 0.009375000000000001 0.02734375
0 0.22421875000000002 0.4326171875 0.010937500000000001 0.033203125
0 0.45703125 0.41796875 0.004687500000000001 0.015625
0 0.46718750000000003 0.419921875 0.00625 0.01953125
0 0.30078125 0.42578125 0.010937500000000001 0.03125
0 0.034375 0.4189453125 0.021875000000000002 0.095703125
1 0.753125 0.451171875 0.05625 0.109375
1 0.784375 0.4453125 0.065625 0.12109375
1 0.7250000000000001 0.455078125 0.046875 0.0859375
1 0.65 0.439453125 0.05 0.09375
1 0.69453125 0.4482421875 0.0421875 0.103515625
1 0.18906250000000002 0.4365234375 0.028125 0.064453125
1 0.21015625000000002 0.4345703125 0.0203125 0.068359375
1 0.54921875 0.4345703125 0.0140625 0.033203125
1 0.56015625 0.4345703125 0.0171875 0.041015625
1 0.58203125 0.4326171875 0.0203125 0.041015625
1 0.534375 0.4248046875 0.0125 0.033203125
2 0.35468750000000004 0.4248046875 0.03125 0.029296875
2 0.3765625 0.4248046875 0.021875000000000002 0.025390625
2 0.39609375 0.4228515625 0.0203125 0.025390625
2 0.4109375 0.4208984375 0.015625 0.021484375
