7 0.7796875000000001 0.365234375 0.0125 0.04296875
7 0.7679687500000001 0.4169921875 0.0140625 0.021484375
7 0.6109375 0.4208984375 0.00625 0.013671875
7 0.6101562500000001 0.43359375 0.004687500000000001 0.0078125
7 0.5242187500000001 0.4130859375 0.004687500000000001 0.009765625
7 0.5421875 0.4130859375 0.003125 0.009765625
7 0.5554687500000001 0.4130859375 0.004687500000000001 0.009765625
7 0.57421875 0.4169921875 0.004687500000000001 0.009765625
9 0.53671875 0.412109375 0.0078125 0.0078125
9 0.63828125 0.4267578125 0.010937500000000001 0.013671875
0 0.71875 0.4609375 0.009375000000000001 0.03125
0 0.7453125 0.46875 0.0125 0.05078125
0 0.6953125 0.4560546875 0.015625 0.025390625
1 0.21406250000000002 0.5029296875 0.028125 0.048828125
1 0.3140625 0.4833984375 0.053125000000000006 0.048828125
1 0.76953125 0.6005859375 0.0578125 0.111328125
2 0.48828125 0.4619140625 0.0328125 0.033203125
2 0.540625 0.462890625 0.034375 0.03515625
2 0.5609375 0.451171875 0.009375000000000001 0.01171875
0 0.7742187500000001 0.5634765625 0.0421875 0.146484375
