4 0.36328125 0.513671875 0.045312500000000006 0.0546875
7 0.56171875 0.30078125 0.0140625 0.046875
7 0.7328125000000001 0.435546875 0.0125 0.046875
7 0.7289062500000001 0.5380859375 0.0078125 0.025390625
7 0.4734375 0.423828125 0.00625 0.0234375
7 0.5171875 0.484375 0.00625 0.0234375
0 0.1015625 0.544921875 0.0125 0.0390625
0 0.11328125 0.5458984375 0.010937500000000001 0.037109375
0 0.140625 0.5341796875 0.009375000000000001 0.029296875
0 0.16484375 0.5322265625 0.0078125 0.021484375
0 0.17500000000000002 0.533203125 0.009375000000000001 0.02734375
0 0.39765625000000004 0.5244140625 0.004687500000000001 0.021484375
0 0.40390625 0.5234375 0.0078125 0.0234375
0 0.44921875 0.525390625 0.010937500000000001 0.015625
0 0.484375 0.5263671875 0.00625 0.033203125
0 0.50546875 0.5322265625 0.0078125 0.025390625
0 0.51328125 0.5341796875 0.0078125 0.025390625
0 0.5484375 0.53125 0.0125 0.02734375
0 0.46484375 0.51953125 0.0078125 0.02734375
0 0.74375 0.560546875 0.015625 0.08203125
0 0.790625 0.5712890625 0.03125 0.103515625
0 0.8078125 0.56640625 0.018750000000000003 0.09765625
0 0.8210937500000001 0.5625 0.0234375 0.09765625
0 0.87265625 0.5751953125 0.026562500000000003 0.099609375
0 0.9242187500000001 0.57421875 0.029687500000000002 0.11328125
0 0.94921875 0.572265625 0.026562500000000003 0.12109375
2 0.28515625 0.5205078125 0.0203125 0.017578125
2 0.30234375 0.5185546875 0.0140625 0.013671875
2 0.31640625 0.51953125 0.0140625 0.01171875
2 0.45156250000000003 0.5947265625 0.11875000000000001 0.126953125
2 0.6062500000000001 0.5888671875 0.109375 0.095703125
