7 0.59921875 0.326171875 0.0140625 0.0546875
7 0.5875 0.330078125 0.0125 0.05078125
7 0.84765625 0.267578125 0.0390625 0.0703125
7 0.8328125000000001 0.0859375 0.034375 0.140625
7 0.78828125 0.11328125 0.0421875 0.12890625
7 0.38593750000000004 0.1640625 0.015625 0.05859375
7 0.23046875 0.1494140625 0.0140625 0.056640625
7 0.48125 0.43359375 0.003125 0.0078125
7 0.46406250000000004 0.431640625 0.003125 0.0078125
9 0.8460937500000001 0.201171875 0.0328125 0.046875
9 0.6062500000000001 0.2353515625 0.07500000000000001 0.021484375
9 0.5476562500000001 0.4638671875 0.0234375 0.033203125
9 0.50625 0.4326171875 0.00625 0.009765625
9 0.41484375 0.439453125 0.0078125 0.00390625
0 0.8421875000000001 0.5556640625 0.12187500000000001 0.337890625
0 0.7375 0.45703125 0.00625 0.01953125
6 0.27265625 0.443359375 0.1015625 0.1015625
2 0.5234375 0.4658203125 0.021875000000000002 0.025390625
2 0.465625 0.4599609375 0.0125 0.017578125
2 0.11640625 0.4697265625 0.035937500000000004 0.025390625
2 0.478125 0.4619140625 0.0125 0.017578125
15 0.9296875 0.5927734375 0.1375 0.251953125
