7 0.38593750000000004 0.2197265625 0.015625 0.056640625
7 0.6546875000000001 0.3505859375 0.015625 0.056640625
7 0.6570312500000001 0.4140625 0.0171875 0.0234375
7 0.8382812500000001 0.306640625 0.0140625 0.05859375
9 0.43984375000000003 0.2119140625 0.0328125 0.041015625
9 0.6421875 0.2666015625 0.043750000000000004 0.025390625
0 0.69921875 0.509765625 0.026562500000000003 0.125
0 0.7742187500000001 0.5 0.0390625 0.11328125
0 0.84765625 0.498046875 0.029687500000000002 0.1484375
2 0.49062500000000003 0.4755859375 0.00625 0.005859375
2 0.49921875000000004 0.474609375 0.0078125 0.0078125
2 0.5046875000000001 0.478515625 0.009375000000000001 0.01171875
2 0.4734375 0.4794921875 0.009375000000000001 0.009765625
