0 0.30859375 0.51171875 0.026562500000000003 0.10546875
0 0.5085937500000001 0.4345703125 0.004687500000000001 0.017578125
0 0.51484375 0.431640625 0.004687500000000001 0.015625
0 0.60078125 0.5625 0.0671875 0.2265625
1 0.39453125 0.498046875 0.0234375 0.05078125
1 0.44921875 0.615234375 0.060937500000000006 0.14453125
2 0.07968750000000001 0.6103515625 0.15937500000000002 0.193359375
2 0.18515625000000002 0.5224609375 0.16718750000000002 0.154296875
2 0.27734375 0.5068359375 0.051562500000000004 0.099609375
2 0.32421875 0.49609375 0.0578125 0.078125
2 0.34140625 0.46484375 0.051562500000000004 0.0390625
2 0.36875 0.4765625 0.037500000000000006 0.0546875
2 0.41171875 0.4619140625 0.026562500000000003 0.037109375
2 0.4234375 0.4521484375 0.025 0.029296875
2 0.4375 0.4453125 0.018750000000000003 0.02734375
2 0.465625 0.44921875 0.021875000000000002 0.0234375
2 0.47890625000000003 0.439453125 0.0140625 0.015625
2 0.4859375 0.4375 0.015625 0.01953125
2 0.5015625 0.435546875 0.015625 0.015625
2 0.52265625 0.43359375 0.0140625 0.015625
2 0.5390625 0.4521484375 0.025 0.037109375
2 0.5632812500000001 0.4609375 0.0484375 0.0546875
2 0.5710937500000001 0.4755859375 0.0421875 0.052734375
2 0.634375 0.4501953125 0.09375 0.029296875
2 0.9500000000000001 0.83984375 0.096875 0.31640625
2 0.84921875 0.6494140625 0.2984375 0.333984375
2 0.7046875 0.5703125 0.13125 0.1484375
2 0.67578125 0.5107421875 0.1046875 0.091796875
2 0.7445312500000001 0.4501953125 0.0734375 0.033203125
2 0.7296875 0.4404296875 0.08125 0.033203125
2 0.659375 0.4345703125 0.03125 0.017578125
2 0.02734375 0.474609375 0.0546875 0.06640625
2 0.10625000000000001 0.4765625 0.059375000000000004 0.05078125
0 0.39453125 0.474609375 0.0234375 0.08203125
0 0.446875 0.552734375 0.07187500000000001 0.2109375
15 0.60078125 0.6826171875 0.0390625 0.029296875
