4 0.421875 0.4541015625 0.07500000000000001 0.041015625
4 0.5164062500000001 0.4453125 0.060937500000000006 0.078125
4 0.8453125 0.4208984375 0.30625 0.150390625
0 0.009375000000000001 0.5029296875 0.018750000000000003 0.083984375
0 0.029687500000000002 0.50390625 0.025 0.0859375
0 0.12890625 0.4912109375 0.0140625 0.029296875
0 0.11484375000000001 0.4951171875 0.0140625 0.056640625
0 0.16562500000000002 0.48828125 0.0125 0.05078125
0 0.3796875 0.4638671875 0.009375000000000001 0.025390625
0 0.37343750000000003 0.4638671875 0.00625 0.025390625
0 0.36562500000000003 0.4619140625 0.009375000000000001 0.021484375
0 0.5515625000000001 0.4609375 0.0125 0.04296875
0 0.55859375 0.45703125 0.0078125 0.0390625
0 0.59765625 0.46875 0.0203125 0.06640625
0 0.58046875 0.45703125 0.0140625 0.05078125
0 0.6062500000000001 0.4599609375 0.015625 0.064453125
0 0.6171875 0.4638671875 0.025 0.072265625
0 0.628125 0.4580078125 0.015625 0.060546875
0 0.6414062500000001 0.453125 0.010937500000000001 0.0390625
0 0.6484375 0.451171875 0.0125 0.046875
0 0.66953125 0.447265625 0.0140625 0.0546875
0 0.6890625 0.423828125 0.009375000000000001 0.0234375
0 0.74140625 0.4921875 0.045312500000000006 0.16015625
0 0.79296875 0.4814453125 0.0421875 0.166015625
0 0.8578125000000001 0.5029296875 0.07500000000000001 0.248046875
0 0.94296875 0.5078125 0.08281250000000001 0.2265625
2 0.46171875 0.4619140625 0.0765625 0.060546875
2 0.9812500000000001 0.490234375 0.034375 0.12109375
2 0.93671875 0.4482421875 0.1234375 0.142578125
8 0.340625 0.478515625 0.00625 0.01953125
