7 0.13203125000000002 0.3466796875 0.0234375 0.033203125
7 0.59296875 0.3212890625 0.0203125 0.025390625
9 0.90234375 0.3681640625 0.0078125 0.025390625
9 0.13046875 0.3916015625 0.029687500000000002 0.048828125
9 0.53671875 0.4072265625 0.0203125 0.005859375
9 0.59296875 0.369140625 0.029687500000000002 0.046875
0 0.8343750000000001 0.4619140625 0.034375 0.134765625
0 0.78125 0.4599609375 0.021875000000000002 0.111328125
0 0.7015625000000001 0.462890625 0.018750000000000003 0.0703125
0 0.6703125000000001 0.466796875 0.025 0.08203125
2 0.39140625 0.462890625 0.0234375 0.02734375
2 0.375 0.466796875 0.0125 0.01953125
2 0.36250000000000004 0.466796875 0.018750000000000003 0.0234375
2 0.34453125 0.46875 0.0203125 0.02734375
2 0.3203125 0.4736328125 0.040625 0.041015625
2 0.23984375000000002 0.509765625 0.1234375 0.11328125
2 0.40625 0.4638671875 0.009375000000000001 0.017578125
8 0.91015625 0.4541015625 0.010937500000000001 0.025390625
