9 0.12734375 0.376953125 0.0390625 0.046875
9 0.1265625 0.408203125 0.021875000000000002 0.01171875
0 0.5164062500000001 0.513671875 0.035937500000000004 0.125
0 0.25390625 0.466796875 0.0140625 0.03515625
0 0.42578125 0.4638671875 0.0078125 0.025390625
1 0.40937500000000004 0.55078125 0.040625 0.0859375
1 0.46328125000000003 0.4638671875 0.0078125 0.013671875
2 0.2546875 0.458984375 0.037500000000000006 0.0234375
2 0.30703125000000003 0.4521484375 0.0390625 0.025390625
2 0.284375 0.501953125 0.09375 0.08984375
2 0.33828125000000003 0.4970703125 0.029687500000000002 0.060546875
2 0.35234375 0.4912109375 0.0328125 0.052734375
2 0.36953125000000003 0.486328125 0.026562500000000003 0.04296875
2 0.37734375000000003 0.470703125 0.045312500000000006 0.0546875
2 0.42812500000000003 0.4619140625 0.021875000000000002 0.029296875
2 0.4390625 0.4560546875 0.018750000000000003 0.025390625
2 0.45 0.4541015625 0.00625 0.017578125
2 0.45703125 0.451171875 0.0078125 0.015625
2 0.47109375000000003 0.44921875 0.010937500000000001 0.015625
2 0.62421875 0.5263671875 0.09843750000000001 0.099609375
2 0.5703125 0.48828125 0.037500000000000006 0.078125
2 0.5554687500000001 0.4833984375 0.0390625 0.072265625
2 0.4921875 0.4541015625 0.028125 0.017578125
2 0.51875 0.4560546875 0.025 0.025390625
0 0.40937500000000004 0.5087890625 0.040625 0.123046875
0 0.46328125000000003 0.4541015625 0.0078125 0.025390625
15 0.51484375 0.5830078125 0.0171875 0.017578125
15 0.6062500000000001 0.484375 0.07187500000000001 0.1015625
