9 0.7289062500000001 0.4306640625 0.0140625 0.013671875
9 0.34609375000000003 0.435546875 0.004687500000000001 0.01171875
2 0.86640625 0.47265625 0.26406250000000003 0.30859375
2 0.7210937500000001 0.4453125 0.010937500000000001 0.01171875
2 0.70078125 0.4462890625 0.010937500000000001 0.009765625
2 0.690625 0.447265625 0.009375000000000001 0.015625
2 0.67578125 0.451171875 0.0234375 0.02734375
2 0.6664062500000001 0.4580078125 0.029687500000000002 0.033203125
2 0.6484375 0.4541015625 0.0125 0.017578125
2 0.63203125 0.455078125 0.0203125 0.0234375
2 0.6125 0.46875 0.040625 0.0390625
2 0.6000000000000001 0.4541015625 0.015625 0.021484375
2 0.5796875 0.455078125 0.021875000000000002 0.02734375
2 0.565625 0.458984375 0.025 0.02734375
2 0.49921875000000004 0.484375 0.1296875 0.13671875
2 0.36640625000000004 0.4599609375 0.0171875 0.009765625
2 0.27578125000000003 0.466796875 0.0484375 0.0234375
