7 0.6734375 0.33203125 0.028125 0.03515625
7 0.6726562500000001 0.23046875 0.0203125 0.07421875
7 0.6265625 0.2333984375 0.028125 0.083984375
9 0.53046875 0.4384765625 0.004687500000000001 0.013671875
9 0.30000000000000004 0.4541015625 0.0125 0.013671875
0 0.8875000000000001 0.4716796875 0.028125 0.111328125
0 0.75 0.4462890625 0.015625 0.029296875
0 0.7015625000000001 0.443359375 0.021875000000000002 0.03515625
0 0.20234375000000002 0.4677734375 0.0078125 0.029296875
0 0.19140625 0.4716796875 0.010937500000000001 0.041015625
2 0.42734375 0.4677734375 0.010937500000000001 0.013671875
