4 0.56796875 0.4091796875 0.0578125 0.083984375
7 0.7132812500000001 0.337890625 0.0140625 0.05078125
7 0.52734375 0.1904296875 0.0171875 0.052734375
9 0.6062500000000001 0.359375 0.015625 0.03515625
0 0.60546875 0.423828125 0.0078125 0.03515625
0 0.3984375 0.4228515625 0.003125 0.013671875
2 0.7640625000000001 0.4150390625 0.096875 0.048828125
2 0.8031250000000001 0.4267578125 0.028125 0.037109375
2 0.4625 0.423828125 0.028125 0.02734375
2 0.290625 0.431640625 0.021875000000000002 0.01953125
2 0.5203125000000001 0.4208984375 0.018750000000000003 0.017578125
