7 0.9304687500000001 0.1923828125 0.0203125 0.087890625
7 0.7429687500000001 0.1044921875 0.051562500000000004 0.166015625
7 0.7914062500000001 0.2578125 0.035937500000000004 0.0625
7 0.7507812500000001 0.271484375 0.0234375 0.05078125
7 0.45703125 0.3310546875 0.0140625 0.048828125
7 0.44140625 0.3359375 0.0078125 0.04296875
7 0.2703125 0.2099609375 0.015625 0.048828125
7 0.45937500000000003 0.3876953125 0.015625 0.017578125
7 0.8500000000000001 0.27734375 0.034375 0.04296875
9 0.79296875 0.1982421875 0.035937500000000004 0.048828125
9 0.44609375 0.2568359375 0.026562500000000003 0.021484375
9 0.46796875000000004 0.369140625 0.029687500000000002 0.01171875
0 0.78046875 0.4794921875 0.0390625 0.142578125
0 0.640625 0.470703125 0.025 0.10546875
0 0.85859375 0.4140625 0.0140625 0.03515625
6 0.26875 0.4423828125 0.03125 0.041015625
2 0.92109375 0.4423828125 0.1328125 0.056640625
2 0.67890625 0.4560546875 0.1203125 0.060546875
2 0.8148437500000001 0.431640625 0.0546875 0.04296875
2 0.55 0.447265625 0.028125 0.05859375
2 0.50625 0.447265625 0.03125 0.0390625
2 0.33984375 0.4521484375 0.0328125 0.037109375
2 0.3203125 0.4521484375 0.018750000000000003 0.033203125
2 0.3015625 0.4482421875 0.028125 0.029296875
2 0.253125 0.455078125 0.025 0.03515625
2 0.26796875000000003 0.4482421875 0.0203125 0.029296875
2 0.21875 0.4638671875 0.065625 0.064453125
2 0.10703125000000001 0.4775390625 0.1640625 0.154296875
