9 0.7015625000000001 0.4912109375 0.018750000000000003 0.017578125
9 0.6671875 0.388671875 0.018750000000000003 0.015625
9 0.6671875 0.3623046875 0.018750000000000003 0.029296875
9 0.534375 0.4384765625 0.0125 0.013671875
9 0.5203125000000001 0.4462890625 0.00625 0.005859375
9 0.603125 0.4453125 0.00625 0.0078125
9 0.1171875 0.373046875 0.03125 0.078125
9 0.1203125 0.4326171875 0.025 0.041015625
0 0.6140625000000001 0.4755859375 0.0125 0.033203125
0 0.59140625 0.474609375 0.010937500000000001 0.0390625
0 0.60078125 0.47265625 0.010937500000000001 0.03515625
0 0.58125 0.4765625 0.009375000000000001 0.02734375
0 0.5710937500000001 0.47265625 0.010937500000000001 0.03125
0 0.56171875 0.4775390625 0.010937500000000001 0.037109375
0 0.55234375 0.4755859375 0.010937500000000001 0.029296875
0 0.05625 0.4775390625 0.025 0.068359375
0 0.1 0.4814453125 0.0125 0.044921875
0 0.125 0.4833984375 0.0125 0.044921875
2 0.453125 0.4912109375 0.08125 0.080078125
2 0.37265625 0.474609375 0.0234375 0.0234375
2 0.28203125 0.486328125 0.0671875 0.0625
