0 0.95234375 0.43359375 0.0078125 0.03125
0 0.9375 0.4306640625 0.00625 0.025390625
0 0.9265625000000001 0.4326171875 0.00625 0.025390625
1 0.546875 0.4755859375 0.015625 0.029296875
2 0.09140625000000001 0.5927734375 0.18281250000000002 0.232421875
2 0.21875 0.5390625 0.134375 0.1640625
2 0.30625 0.5146484375 0.07187500000000001 0.083984375
2 0.34140625 0.4931640625 0.0703125 0.080078125
2 0.37734375000000003 0.4892578125 0.029687500000000002 0.060546875
2 0.39687500000000003 0.4814453125 0.034375 0.048828125
2 0.40078125000000003 0.47265625 0.0421875 0.046875
2 0.43046875 0.470703125 0.026562500000000003 0.0390625
2 0.43828125 0.462890625 0.0234375 0.03125
2 0.47734375 0.4697265625 0.0421875 0.037109375
2 0.49140625000000004 0.4560546875 0.029687500000000002 0.041015625
2 0.50546875 0.453125 0.0140625 0.03515625
2 0.53125 0.447265625 0.025 0.03125
2 0.9242187500000001 0.84375 0.1484375 0.30859375
2 0.8367187500000001 0.6259765625 0.32343750000000004 0.349609375
2 0.7078125000000001 0.548828125 0.078125 0.1484375
2 0.671875 0.5390625 0.07500000000000001 0.11328125
2 0.65546875 0.509765625 0.0703125 0.078125
2 0.625 0.4990234375 0.046875 0.072265625
2 0.61484375 0.486328125 0.0546875 0.0703125
2 0.584375 0.4716796875 0.03125 0.048828125
2 0.578125 0.4599609375 0.03125 0.041015625
2 0.56171875 0.453125 0.0171875 0.03125
2 0.6734375 0.4404296875 0.059375000000000004 0.021484375
2 0.45703125 0.4541015625 0.0140625 0.017578125
2 0.4703125 0.4443359375 0.015625 0.013671875
2 0.6140625000000001 0.4443359375 0.025 0.013671875
0 0.546875 0.466796875 0.0125 0.046875
