7 0.7234375000000001 0.4443359375 0.009375000000000001 0.037109375
9 0.88828125 0.3828125 0.0328125 0.04296875
9 0.8929687500000001 0.423828125 0.035937500000000004 0.0390625
9 0.89765625 0.462890625 0.035937500000000004 0.04296875
9 0.9453125 0.39453125 0.05 0.05859375
0 0.0140625 0.6005859375 0.028125 0.138671875
0 0.31328125 0.5390625 0.010937500000000001 0.03515625
0 0.5046875000000001 0.5439453125 0.0125 0.052734375
0 0.51484375 0.5537109375 0.010937500000000001 0.048828125
0 0.5242187500000001 0.5546875 0.010937500000000001 0.0625
0 0.6625000000000001 0.53515625 0.009375000000000001 0.03515625
0 0.76171875 0.5361328125 0.010937500000000001 0.041015625
0 0.7375 0.5283203125 0.00625 0.025390625
0 0.75 0.525390625 0.00625 0.01953125
0 0.7445312500000001 0.525390625 0.004687500000000001 0.015625
0 0.7171875000000001 0.525390625 0.00625 0.01953125
0 0.8515625 0.5341796875 0.00625 0.033203125
0 0.8460937500000001 0.53515625 0.004687500000000001 0.03515625
0 0.8671875 0.5322265625 0.009375000000000001 0.029296875
0 0.8828125 0.5322265625 0.00625 0.029296875
0 0.8914062500000001 0.5341796875 0.0078125 0.037109375
6 0.5953125 0.5244140625 0.140625 0.189453125
2 0.23359375000000002 0.6181640625 0.1421875 0.130859375
2 0.36562500000000003 0.7177734375 0.45625000000000004 0.345703125
2 0.7914062500000001 0.546875 0.035937500000000004 0.03515625
2 0.690625 0.54296875 0.05 0.05859375
