4 0.7484375000000001 0.369140625 0.17500000000000002 0.296875
4 0.58125 0.3232421875 0.078125 0.048828125
0 0.021875000000000002 0.4951171875 0.043750000000000004 0.138671875
0 0.10078125 0.5029296875 0.08281250000000001 0.130859375
0 0.340625 0.4697265625 0.059375000000000004 0.208984375
0 0.2859375 0.490234375 0.059375000000000004 0.23828125
0 0.1390625 0.42578125 0.034375 0.11328125
0 0.17890625000000002 0.423828125 0.035937500000000004 0.125
0 0.2484375 0.4189453125 0.018750000000000003 0.072265625
0 0.26484375 0.4072265625 0.0171875 0.052734375
0 0.9171875 0.4208984375 0.0125 0.025390625
1 0.41796875 0.443359375 0.1234375 0.1875
2 0.5734375 0.4931640625 0.246875 0.302734375
0 0.38906250000000003 0.41015625 0.021875000000000002 0.03125
0 0.40625 0.408203125 0.0125 0.02734375
0 0.371875 0.40625 0.0125 0.0390625
0 0.42031250000000003 0.4130859375 0.009375000000000001 0.029296875
0 0.43125 0.4130859375 0.0125 0.033203125
0 0.45156250000000003 0.4130859375 0.0125 0.033203125
0 0.96640625 0.42578125 0.0171875 0.02734375
0 0.93359375 0.421875 0.0171875 0.02734375
