1 0.30625 0.701171875 0.084375 0.19921875
1 0.51328125 0.447265625 0.004687500000000001 0.01171875
1 0.5390625 0.443359375 0.00625 0.01171875
2 0.9617187500000001 0.4931640625 0.0734375 0.083984375
2 0.80078125 0.4912109375 0.1421875 0.072265625
2 0.7296875 0.5576171875 0.15937500000000002 0.134765625
2 0.7898437500000001 0.4423828125 0.0546875 0.025390625
2 0.6687500000000001 0.509765625 0.109375 0.12890625
2 0.6046875 0.478515625 0.06875 0.07421875
2 0.578125 0.466796875 0.018750000000000003 0.0390625
2 0.5703125 0.4658203125 0.015625 0.033203125
2 0.56640625 0.4599609375 0.0171875 0.029296875
2 0.56875 0.443359375 0.018750000000000003 0.01953125
2 0.5789062500000001 0.4345703125 0.0140625 0.013671875
2 0.58828125 0.4345703125 0.0078125 0.013671875
2 0.5945312500000001 0.4326171875 0.010937500000000001 0.009765625
2 0.5632812500000001 0.4326171875 0.010937500000000001 0.013671875
2 0.553125 0.4345703125 0.015625 0.013671875
2 0.53828125 0.435546875 0.0140625 0.015625
2 0.52578125 0.4384765625 0.0203125 0.017578125
2 0.50625 0.4404296875 0.018750000000000003 0.025390625
2 0.484375 0.4443359375 0.025 0.021484375
2 0.5015625 0.4423828125 0.015625 0.021484375
2 0.48359375000000004 0.4580078125 0.0390625 0.033203125
2 0.45937500000000003 0.455078125 0.009375000000000001 0.0234375
2 0.44453125000000004 0.453125 0.0234375 0.0390625
2 0.43828125 0.4580078125 0.0203125 0.041015625
2 0.42812500000000003 0.4609375 0.025 0.04296875
2 0.41640625000000003 0.46484375 0.0390625 0.046875
2 0.38906250000000003 0.4765625 0.043750000000000004 0.0546875
2 0.36250000000000004 0.486328125 0.06875 0.0625
2 0.23203125000000002 0.498046875 0.1328125 0.0703125
2 0.27421875 0.5166015625 0.1171875 0.087890625
0 0.73046875 0.5986328125 0.07968750000000001 0.279296875
0 0.3046875 0.619140625 0.096875 0.25390625
0 0.5125000000000001 0.439453125 0.00625 0.01953125
0 0.5390625 0.4365234375 0.00625 0.017578125
15 0.7312500000000001 0.7412109375 0.034375 0.041015625
3 0.08515625 0.5068359375 0.0328125 0.080078125
