4 0.43671875000000004 0.4541015625 0.1015625 0.044921875
4 0.5164062500000001 0.4482421875 0.060937500000000006 0.083984375
4 0.634375 0.4326171875 0.09375 0.048828125
4 0.8445312500000001 0.4072265625 0.30781250000000004 0.123046875
0 0.11484375000000001 0.4912109375 0.0140625 0.048828125
0 0.16953125000000002 0.48046875 0.010937500000000001 0.03515625
0 0.6687500000000001 0.439453125 0.015625 0.03515625
0 0.6351562500000001 0.44921875 0.010937500000000001 0.0390625
0 0.625 0.451171875 0.009375000000000001 0.0390625
0 0.6195312500000001 0.4501953125 0.0078125 0.037109375
0 0.6109375 0.4521484375 0.009375000000000001 0.044921875
0 0.6015625 0.4521484375 0.009375000000000001 0.044921875
0 0.59296875 0.4541015625 0.0078125 0.041015625
0 0.58515625 0.455078125 0.0078125 0.04296875
0 0.5703125 0.4580078125 0.009375000000000001 0.037109375
0 0.578125 0.45703125 0.00625 0.03515625
0 0.55859375 0.4560546875 0.0078125 0.037109375
0 0.546875 0.45703125 0.009375000000000001 0.03515625
0 0.55234375 0.44921875 0.004687500000000001 0.01953125
0 0.35390625000000003 0.466796875 0.0078125 0.01953125
0 0.36171875000000003 0.4658203125 0.0078125 0.021484375
0 0.3765625 0.4638671875 0.00625 0.021484375
0 0.38515625000000003 0.46484375 0.0078125 0.0234375
0 0.39296875000000003 0.4638671875 0.0078125 0.021484375
0 0.40546875000000004 0.4619140625 0.0078125 0.021484375
0 0.415625 0.4609375 0.00625 0.0234375
1 0.44062500000000004 0.5048828125 0.028125 0.048828125
2 0.9125000000000001 0.4462890625 0.171875 0.138671875
2 0.9515625000000001 0.470703125 0.09375 0.15234375
2 0.6453125000000001 0.4462890625 0.018750000000000003 0.021484375
2 0.45703125 0.462890625 0.0171875 0.0234375
2 0.47421875 0.4619140625 0.026562500000000003 0.029296875
2 0.8562500000000001 0.44921875 0.15625 0.1171875
0 0.44062500000000004 0.4736328125 0.028125 0.080078125
8 0.340625 0.4775390625 0.00625 0.021484375
