7 0.055468750000000004 0.2529296875 0.010937500000000001 0.037109375
7 0.1015625 0.29296875 0.0125 0.03125
7 0.7453125 0.2451171875 0.0125 0.041015625
7 0.79609375 0.21875 0.0140625 0.03515625
7 0.940625 0.330078125 0.018750000000000003 0.0625
7 0.5609375 0.41015625 0.009375000000000001 0.03125
9 0.10546875 0.349609375 0.0171875 0.015625
9 0.13828125 0.3447265625 0.0171875 0.037109375
9 0.8859375 0.2734375 0.043750000000000004 0.0390625
9 0.49609375 0.4443359375 0.0078125 0.013671875
1 0.7671875 0.7177734375 0.4625 0.431640625
2 0.41484375 0.46875 0.010937500000000001 0.01171875
2 0.38593750000000004 0.470703125 0.021875000000000002 0.0234375
2 0.36015625 0.484375 0.035937500000000004 0.03515625
2 0.46640625 0.4951171875 0.1015625 0.052734375
0 0.7984375 0.5595703125 0.35625 0.642578125
