1 0.11171875 0.5009765625 0.0484375 0.083984375
1 0.9625 0.591796875 0.07187500000000001 0.16015625
1 0.84140625 0.5595703125 0.0859375 0.123046875
1 0.8070312500000001 0.5380859375 0.0390625 0.083984375
1 0.671875 0.5205078125 0.034375 0.068359375
1 0.62109375 0.5087890625 0.0421875 0.068359375
1 0.56953125 0.501953125 0.029687500000000002 0.05859375
1 0.50625 0.4873046875 0.015625 0.033203125
1 0.5421875 0.49609375 0.021875000000000002 0.046875
1 0.52734375 0.48828125 0.0171875 0.0390625
1 0.52578125 0.4736328125 0.0171875 0.052734375
2 0.2265625 0.4912109375 0.1125 0.115234375
2 0.31093750000000003 0.4677734375 0.0625 0.064453125
2 0.35078125000000004 0.4677734375 0.026562500000000003 0.037109375
2 0.36328125 0.4638671875 0.0171875 0.033203125
0 0.9625 0.5322265625 0.07187500000000001 0.240234375
0 0.8343750000000001 0.5068359375 0.07187500000000001 0.158203125
0 0.8078125 0.49609375 0.040625 0.1171875
0 0.67109375 0.486328125 0.0328125 0.1015625
0 0.6195312500000001 0.4775390625 0.0328125 0.099609375
0 0.56953125 0.4794921875 0.029687500000000002 0.076171875
0 0.50625 0.4697265625 0.015625 0.056640625
0 0.5437500000000001 0.4755859375 0.021875000000000002 0.068359375
