9 0.08281250000000001 0.3779296875 0.0125 0.025390625
9 0.5945312500000001 0.3310546875 0.0234375 0.037109375
9 0.5953125 0.3623046875 0.018750000000000003 0.025390625
0 0.99140625 0.4970703125 0.0140625 0.154296875
0 0.8828125 0.4853515625 0.034375 0.130859375
0 0.84375 0.4853515625 0.040625 0.134765625
0 0.8054687500000001 0.455078125 0.029687500000000002 0.11328125
0 0.78515625 0.474609375 0.026562500000000003 0.09375
0 0.73984375 0.47265625 0.029687500000000002 0.09375
2 0.17265625 0.482421875 0.1203125 0.09765625
2 0.953125 0.455078125 0.078125 0.0625
2 0.88828125 0.4599609375 0.0546875 0.048828125
2 0.8046875 0.4423828125 0.065625 0.068359375
