0 0.12265625000000001 0.44140625 0.0234375 0.07421875
0 0.084375 0.4404296875 0.018750000000000003 0.072265625
0 0.89453125 0.458984375 0.0421875 0.11328125
0 0.8171875000000001 0.4599609375 0.040625 0.107421875
0 0.8562500000000001 0.458984375 0.028125 0.12890625
0 0.8718750000000001 0.4609375 0.018750000000000003 0.1015625
2 0.36328125 0.5478515625 0.2734375 0.162109375
2 0.18359375 0.4404296875 0.0890625 0.080078125
2 0.23828125 0.4287109375 0.0390625 0.064453125
2 0.26328125 0.419921875 0.0203125 0.0390625
2 0.28359375000000003 0.439453125 0.051562500000000004 0.0546875
2 0.3203125 0.4140625 0.0125 0.015625
2 0.32656250000000003 0.408203125 0.009375000000000001 0.01171875
2 0.33515625000000004 0.4072265625 0.0078125 0.009765625
2 0.34453125 0.4111328125 0.0140625 0.017578125
2 0.35468750000000004 0.408203125 0.00625 0.0078125
2 0.3609375 0.4111328125 0.00625 0.013671875
2 0.36640625000000004 0.4130859375 0.0078125 0.013671875
2 0.371875 0.416015625 0.009375000000000001 0.015625
2 0.37890625 0.41796875 0.0078125 0.015625
2 0.38984375000000004 0.423828125 0.0203125 0.02734375
2 0.40546875000000004 0.4287109375 0.0234375 0.037109375
2 0.42734375 0.4306640625 0.051562500000000004 0.044921875
2 0.43593750000000003 0.4375 0.043750000000000004 0.05078125
2 0.45234375000000004 0.44921875 0.060937500000000006 0.05859375
2 0.675 0.46484375 0.203125 0.078125
2 0.7507812500000001 0.44921875 0.1078125 0.08203125
2 0.3046875 0.4150390625 0.015625 0.025390625
0 0.68125 0.4130859375 0.018750000000000003 0.029296875
0 0.65234375 0.41015625 0.010937500000000001 0.03125
9 0.046875 0.3251953125 0.037500000000000006 0.044921875
9 0.043750000000000004 0.359375 0.018750000000000003 0.01953125
9 0.98828125 0.3466796875 0.0203125 0.052734375
9 0.9906250000000001 0.3828125 0.015625 0.015625
