0 0.7835937500000001 0.5537109375 0.0765625 0.373046875
0 0.7132812500000001 0.525390625 0.0859375 0.33984375
0 0.665625 0.478515625 0.046875 0.1875
0 0.6359375 0.4697265625 0.05 0.197265625
0 0.60078125 0.4638671875 0.0421875 0.181640625
0 0.5085937500000001 0.4521484375 0.0234375 0.095703125
0 0.4859375 0.453125 0.018750000000000003 0.08984375
0 0.465625 0.447265625 0.018750000000000003 0.08203125
0 0.03828125 0.5400390625 0.0765625 0.326171875
2 0.89765625 0.513671875 0.2015625 0.3125
2 0.34375 0.544921875 0.246875 0.25
2 0.16718750000000002 0.4521484375 0.153125 0.111328125
2 0.06796875000000001 0.4716796875 0.13593750000000002 0.107421875
2 0.11875000000000001 0.4619140625 0.10625000000000001 0.103515625
