9 0.52890625 0.4013671875 0.0203125 0.025390625
9 0.2421875 0.37890625 0.021875000000000002 0.01953125
0 0.96875 0.5478515625 0.059375000000000004 0.244140625
0 0.9640625 0.4130859375 0.06875 0.212890625
0 0.8773437500000001 0.4892578125 0.0578125 0.154296875
0 0.85078125 0.541015625 0.1390625 0.234375
0 0.73203125 0.537109375 0.0859375 0.1953125
0 0.76953125 0.4970703125 0.0734375 0.154296875
0 0.6585937500000001 0.4970703125 0.051562500000000004 0.115234375
0 0.6351562500000001 0.4990234375 0.0390625 0.119140625
0 0.58203125 0.5078125 0.0859375 0.28125
0 0.48828125 0.4765625 0.0234375 0.0546875
0 0.46640625 0.46484375 0.0203125 0.0703125
1 0.5234375 0.490234375 0.046875 0.07421875
2 0.43671875000000004 0.462890625 0.0390625 0.03515625
2 0.4109375 0.470703125 0.03125 0.06640625
2 0.34140625 0.484375 0.1328125 0.15625
