9 0.29921875000000003 0.423828125 0.010937500000000001 0.00390625
9 0.29921875000000003 0.4091796875 0.0203125 0.025390625
9 0.40234375 0.3896484375 0.0140625 0.037109375
9 0.4 0.3564453125 0.015625 0.029296875
2 0.0921875 0.4873046875 0.10625000000000001 0.115234375
2 0.18203125 0.4736328125 0.0671875 0.068359375
2 0.23828125 0.47265625 0.051562500000000004 0.05859375
2 0.27968750000000003 0.4775390625 0.065625 0.064453125
2 0.04453125 0.46484375 0.0234375 0.046875
2 0.01640625 0.48046875 0.0328125 0.07421875
9 0.27890625 0.3369140625 0.0171875 0.033203125
