0 0.35234375 0.4609375 0.010937500000000001 0.015625
2 0.48671875000000003 0.439453125 0.0078125 0.01171875
2 0.478125 0.4423828125 0.009375000000000001 0.013671875
2 0.46484375 0.447265625 0.010937500000000001 0.01171875
2 0.453125 0.4521484375 0.015625 0.013671875
2 0.43593750000000003 0.4482421875 0.018750000000000003 0.017578125
2 0.4234375 0.4482421875 0.028125 0.017578125
2 0.38671875 0.4482421875 0.0328125 0.017578125
2 0.37109375 0.4599609375 0.035937500000000004 0.029296875
2 0.3171875 0.455078125 0.053125000000000006 0.03515625
2 0.29765625 0.4697265625 0.0671875 0.048828125
2 0.21015625000000002 0.4619140625 0.11406250000000001 0.080078125
2 0.171875 0.4814453125 0.078125 0.052734375
2 0.1015625 0.5068359375 0.109375 0.095703125
2 0.059375000000000004 0.5263671875 0.11875000000000001 0.095703125
2 0.05390625 0.6162109375 0.1078125 0.193359375
2 0.35468750000000004 0.5068359375 0.07187500000000001 0.076171875
2 0.5046875000000001 0.4453125 0.015625 0.01953125
2 0.51953125 0.4423828125 0.010937500000000001 0.013671875
2 0.53046875 0.4462890625 0.0171875 0.021484375
2 0.53828125 0.453125 0.0203125 0.02734375
2 0.54609375 0.45703125 0.0203125 0.03125
2 0.5632812500000001 0.4658203125 0.0328125 0.041015625
2 0.59765625 0.4716796875 0.060937500000000006 0.044921875
2 0.5984375000000001 0.5009765625 0.0625 0.083984375
2 0.64765625 0.5205078125 0.1015625 0.091796875
2 0.7195312500000001 0.5732421875 0.1453125 0.142578125
2 0.80078125 0.6318359375 0.22968750000000002 0.208984375
2 0.89609375 0.767578125 0.20468750000000002 0.4609375
0 0.4734375 0.4482421875 0.00625 0.017578125
