7 0.06796875000000001 0.36328125 0.026562500000000003 0.08984375
7 0.0484375 0.564453125 0.015625 0.046875
7 0.69296875 0.3408203125 0.029687500000000002 0.087890625
7 0.69140625 0.546875 0.0140625 0.046875
9 0.040625 0.453125 0.05 0.06640625
0 0.0546875 0.568359375 0.021875000000000002 0.08984375
0 0.08281250000000001 0.5693359375 0.021875000000000002 0.087890625
0 0.13671875 0.5576171875 0.0171875 0.072265625
0 0.153125 0.5615234375 0.018750000000000003 0.064453125
0 0.17109375000000002 0.55859375 0.0171875 0.0703125
0 0.20625000000000002 0.5517578125 0.015625 0.056640625
0 0.22890625 0.5517578125 0.0140625 0.064453125
0 0.246875 0.546875 0.015625 0.0546875
0 0.26484375 0.5439453125 0.0140625 0.037109375
0 0.27890625 0.541015625 0.0140625 0.0390625
0 0.31796875 0.5400390625 0.0140625 0.041015625
0 0.33125000000000004 0.5439453125 0.0125 0.044921875
0 0.34687500000000004 0.54296875 0.0125 0.046875
0 0.38125000000000003 0.5380859375 0.0125 0.037109375
0 0.39375000000000004 0.5283203125 0.009375000000000001 0.025390625
0 0.42578125 0.52734375 0.0140625 0.0234375
0 0.4390625 0.5322265625 0.00625 0.033203125
0 0.453125 0.5283203125 0.0125 0.029296875
0 0.9750000000000001 0.603515625 0.034375 0.11328125
0 0.9109375000000001 0.59375 0.034375 0.109375
0 0.84765625 0.5751953125 0.0234375 0.076171875
0 0.8234375 0.572265625 0.025 0.07421875
0 0.78828125 0.564453125 0.0203125 0.0625
0 0.765625 0.5654296875 0.018750000000000003 0.064453125
0 0.71875 0.55078125 0.0125 0.05078125
0 0.7054687500000001 0.546875 0.0140625 0.0546875
0 0.66953125 0.5390625 0.010937500000000001 0.03515625
0 0.6359375 0.5322265625 0.00625 0.025390625
0 0.659375 0.5361328125 0.009375000000000001 0.033203125
0 0.60546875 0.5302734375 0.0078125 0.029296875
0 0.5867187500000001 0.5263671875 0.0078125 0.021484375
0 0.59765625 0.52734375 0.004687500000000001 0.01953125
2 0.56015625 0.521484375 0.010937500000000001 0.01171875
2 0.55 0.529296875 0.0125 0.015625
2 0.534375 0.533203125 0.021875000000000002 0.0234375
2 0.52109375 0.5283203125 0.0234375 0.021484375
2 0.47265625 0.533203125 0.0234375 0.0234375
2 0.496875 0.5302734375 0.03125 0.033203125
2 0.41250000000000003 0.5576171875 0.05625 0.060546875
2 0.47578125000000004 0.623046875 0.1296875 0.12890625
2 0.28984375 0.611328125 0.1328125 0.12109375
