7 0.52734375 0.0361328125 0.0234375 0.072265625
7 0.81796875 0.2421875 0.0234375 0.078125
7 0.815625 0.3388671875 0.025 0.033203125
7 0.05625 0.2578125 0.025 0.08203125
7 0.057031250000000006 0.3505859375 0.0234375 0.037109375
9 0.5593750000000001 0.447265625 0.00625 0.01171875
0 0.7054687500000001 0.4736328125 0.0234375 0.052734375
0 0.72265625 0.4716796875 0.0140625 0.048828125
0 0.7328125000000001 0.474609375 0.0125 0.0546875
0 0.63828125 0.462890625 0.010937500000000001 0.046875
0 0.6101562500000001 0.4619140625 0.010937500000000001 0.041015625
0 0.38515625000000003 0.4521484375 0.0140625 0.048828125
0 0.53828125 0.4619140625 0.0078125 0.025390625
0 0.56640625 0.4580078125 0.0078125 0.025390625
0 0.525 0.4619140625 0.009375000000000001 0.029296875
0 0.36875 0.455078125 0.0125 0.0390625
0 0.925 0.47265625 0.015625 0.078125
1 0.7453125 0.4892578125 0.028125 0.064453125
2 0.24375000000000002 0.501953125 0.234375 0.19140625
2 0.42265625 0.462890625 0.0578125 0.03515625
