7 0.9476562500000001 0.35546875 0.0203125 0.02734375
7 0.65234375 0.3095703125 0.0203125 0.068359375
7 0.6484375 0.3759765625 0.018750000000000003 0.021484375
7 0.4375 0.388671875 0.00625 0.01953125
9 0.9796875 0.2978515625 0.034375 0.044921875
9 0.41328125000000004 0.4052734375 0.0078125 0.009765625
9 0.6515625 0.3515625 0.043750000000000004 0.01953125
0 0.8984375 0.46484375 0.043750000000000004 0.14453125
0 0.8640625000000001 0.47265625 0.03125 0.12890625
0 0.790625 0.4814453125 0.028125 0.130859375
0 0.765625 0.466796875 0.021875000000000002 0.109375
0 0.73984375 0.4697265625 0.035937500000000004 0.107421875
0 0.71015625 0.4541015625 0.0203125 0.072265625
0 0.6742187500000001 0.435546875 0.0203125 0.0390625
0 0.46953125 0.486328125 0.045312500000000006 0.1171875
0 0.40468750000000003 0.4814453125 0.028125 0.130859375
0 0.24453125 0.47265625 0.051562500000000004 0.11328125
0 0.16562500000000002 0.47265625 0.043750000000000004 0.12890625
0 0.0078125 0.447265625 0.015625 0.02734375
0 0.02421875 0.44921875 0.0140625 0.0234375
0 0.03828125 0.4462890625 0.0140625 0.021484375
0 0.5609375 0.462890625 0.009375000000000001 0.04296875
0 0.55390625 0.4609375 0.0078125 0.03515625
1 0.0171875 0.4853515625 0.034375 0.041015625
1 0.48828125 0.46875 0.0078125 0.01953125
2 0.421875 0.466796875 0.0125 0.03125
2 0.37421875000000004 0.4658203125 0.0234375 0.021484375
2 0.38203125000000004 0.4638671875 0.0171875 0.021484375
2 0.30546875 0.470703125 0.029687500000000002 0.046875
2 0.275 0.4716796875 0.053125000000000006 0.060546875
2 0.18984375 0.478515625 0.0921875 0.08203125
0 0.48828125 0.462890625 0.010937500000000001 0.02734375
9 0.9921875 0.3408203125 0.0125 0.021484375
