7 0.64453125 0.40234375 0.010937500000000001 0.03515625
7 0.14921875 0.39453125 0.010937500000000001 0.03515625
7 0.40703125 0.45703125 0.004687500000000001 0.015625
7 0.5476562500000001 0.4619140625 0.004687500000000001 0.017578125
9 0.15703125 0.4404296875 0.0171875 0.033203125
9 0.6390625000000001 0.44921875 0.018750000000000003 0.0390625
0 0.703125 0.49609375 0.018750000000000003 0.02734375
0 0.7359375 0.515625 0.015625 0.02734375
0 0.6859375000000001 0.5078125 0.009375000000000001 0.0390625
0 0.29765625 0.48828125 0.010937500000000001 0.015625
0 0.34453125 0.486328125 0.0078125 0.015625
0 0.3640625 0.4931640625 0.009375000000000001 0.017578125
2 0.23828125 0.5244140625 0.09843750000000001 0.076171875
2 0.5 0.4990234375 0.021875000000000002 0.021484375
2 0.521875 0.4912109375 0.0125 0.017578125
2 0.49375 0.4775390625 0.0125 0.013671875
2 0.503125 0.4853515625 0.0125 0.009765625
7 0.9890625000000001 0.3896484375 0.018750000000000003 0.060546875
7 0.9906250000000001 0.4443359375 0.015625 0.041015625
