7 0.47500000000000003 0.3095703125 0.009375000000000001 0.029296875
7 0.5453125 0.384765625 0.00625 0.01953125
9 0.34375 0.4091796875 0.0125 0.017578125
0 0.01171875 0.455078125 0.010937500000000001 0.04296875
0 0.4921875 0.443359375 0.009375000000000001 0.02734375
0 0.12187500000000001 0.4482421875 0.00625 0.021484375
2 0.2234375 0.4765625 0.08750000000000001 0.0625
2 0.328125 0.4501953125 0.05 0.029296875
2 0.3921875 0.4501953125 0.06875 0.052734375
2 0.46171875 0.466796875 0.0734375 0.06640625
2 0.53515625 0.462890625 0.0671875 0.046875
2 0.50546875 0.44140625 0.045312500000000006 0.02734375
2 0.6171875 0.466796875 0.065625 0.046875
2 0.6890625 0.474609375 0.065625 0.05859375
2 0.7453125 0.4560546875 0.065625 0.060546875
2 0.7132812500000001 0.435546875 0.0546875 0.03515625
2 0.79453125 0.4365234375 0.045312500000000006 0.029296875
7 0.6937500000000001 0.29296875 0.0125 0.0390625
