7 0.76484375 0.3662109375 0.0171875 0.052734375
7 0.7390625000000001 0.369140625 0.0125 0.05078125
7 0.52265625 0.2548828125 0.0140625 0.048828125
7 0.3875 0.220703125 0.015625 0.0546875
7 0.08750000000000001 0.1962890625 0.015625 0.052734375
9 0.1234375 0.1943359375 0.03125 0.037109375
9 0.44609375 0.2294921875 0.026562500000000003 0.037109375
9 0.5890625 0.3056640625 0.078125 0.021484375
9 0.23203125000000002 0.4638671875 0.0203125 0.037109375
9 0.23125 0.50390625 0.0125 0.0078125
2 0.69453125 0.5009765625 0.1015625 0.060546875
2 0.46796875000000004 0.4853515625 0.1390625 0.166015625
2 0.31484375000000003 0.482421875 0.0234375 0.0234375
2 0.26796875000000003 0.4638671875 0.010937500000000001 0.009765625
2 0.253125 0.4775390625 0.018750000000000003 0.025390625
2 0.19609375 0.4873046875 0.026562500000000003 0.025390625
2 0.36250000000000004 0.4775390625 0.018750000000000003 0.017578125
2 0.08046875 0.48828125 0.1328125 0.1015625
2 0.38203125000000004 0.4765625 0.0203125 0.01953125
2 0.32343750000000004 0.46875 0.015625 0.01171875
15 0.30703125000000003 0.458984375 0.0234375 0.02734375
