9 0.540625 0.431640625 0.0125 0.015625
0 0.203125 0.4619140625 0.0125 0.037109375
1 0.390625 0.4755859375 0.018750000000000003 0.025390625
2 0.38046875 0.46875 0.0078125 0.01953125
2 0.36796875 0.466796875 0.0171875 0.0234375
2 0.35625 0.470703125 0.025 0.0234375
2 0.2890625 0.4833984375 0.021875000000000002 0.044921875
2 0.275 0.4853515625 0.025 0.048828125
2 0.23671875 0.4580078125 0.0546875 0.021484375
2 0.24140625000000002 0.4912109375 0.0703125 0.064453125
2 0.17734375000000002 0.5 0.0671875 0.08984375
2 0.1015625 0.5 0.12187500000000001 0.12890625
2 0.03359375 0.5185546875 0.0671875 0.134765625
2 0.46640625 0.4638671875 0.0140625 0.025390625
2 0.48125 0.46484375 0.028125 0.03125
2 0.5 0.4697265625 0.018750000000000003 0.044921875
2 0.52265625 0.4697265625 0.0546875 0.056640625
2 0.53828125 0.4765625 0.0484375 0.0546875
2 0.5578125 0.4853515625 0.043750000000000004 0.056640625
2 0.58828125 0.4873046875 0.0546875 0.087890625
2 0.6375000000000001 0.4951171875 0.115625 0.115234375
2 0.70078125 0.515625 0.11093750000000001 0.12890625
2 0.8140625 0.541015625 0.240625 0.1875
2 0.9203125000000001 0.568359375 0.15625 0.26171875
0 0.390625 0.46484375 0.0125 0.0390625
