7 0.603125 0.3369140625 0.0125 0.044921875
7 0.004687500000000001 0.341796875 0.009375000000000001 0.046875
9 0.59609375 0.39453125 0.026562500000000003 0.046875
9 0.013281250000000001 0.3916015625 0.026562500000000003 0.052734375
0 0.8851562500000001 0.466796875 0.026562500000000003 0.12109375
0 0.85859375 0.466796875 0.0328125 0.11328125
0 0.81640625 0.4697265625 0.029687500000000002 0.111328125
0 0.7976562500000001 0.47265625 0.029687500000000002 0.11328125
0 0.54609375 0.478515625 0.051562500000000004 0.12109375
0 0.53828125 0.48046875 0.0234375 0.1171875
0 0.16328125000000002 0.462890625 0.010937500000000001 0.02734375
0 0.153125 0.4619140625 0.009375000000000001 0.025390625
0 0.13828125 0.46484375 0.0140625 0.03125
2 0.42734375 0.470703125 0.0484375 0.0546875
2 0.40156250000000004 0.4677734375 0.015625 0.033203125
2 0.37890625 0.4697265625 0.0203125 0.021484375
2 0.2765625 0.4814453125 0.084375 0.091796875
