7 0.50703125 0.4228515625 0.004687500000000001 0.013671875
7 0.515625 0.4287109375 0.003125 0.009765625
7 0.5085937500000001 0.4375 0.004687500000000001 0.0078125
7 0.51796875 0.44140625 0.004687500000000001 0.0078125
7 0.49765625 0.4296875 0.004687500000000001 0.015625
7 0.49765625 0.4423828125 0.004687500000000001 0.005859375
7 0.421875 0.3974609375 0.00625 0.013671875
7 0.38125000000000003 0.3955078125 0.00625 0.013671875
9 0.6140625000000001 0.3662109375 0.034375 0.052734375
9 0.59140625 0.4228515625 0.010937500000000001 0.013671875
9 0.5203125000000001 0.4140625 0.009375000000000001 0.01171875
9 0.52109375 0.421875 0.004687500000000001 0.00390625
9 0.45937500000000003 0.4150390625 0.021875000000000002 0.005859375
9 0.14453125 0.4267578125 0.0078125 0.017578125
9 0.2171875 0.4423828125 0.0125 0.017578125
9 0.2421875 0.4345703125 0.003125 0.009765625
0 0.63046875 0.447265625 0.0078125 0.02734375
0 0.56171875 0.451171875 0.0078125 0.02734375
0 0.53046875 0.451171875 0.010937500000000001 0.03125
0 0.0890625 0.4580078125 0.009375000000000001 0.029296875
1 0.828125 0.48828125 0.021875000000000002 0.03125
2 0.46015625000000004 0.470703125 0.0859375 0.09375
2 0.9796875 0.4677734375 0.037500000000000006 0.052734375
2 0.88046875 0.4638671875 0.0203125 0.029296875
2 0.36171875000000003 0.462890625 0.045312500000000006 0.04296875
2 0.41015625 0.458984375 0.029687500000000002 0.0234375
2 0.2671875 0.4619140625 0.053125000000000006 0.052734375
0 0.828125 0.4697265625 0.018750000000000003 0.052734375
