7 0.54921875 0.4580078125 0.004687500000000001 0.013671875
0 0.026562500000000003 0.5029296875 0.037500000000000006 0.052734375
0 0.2171875 0.4892578125 0.018750000000000003 0.033203125
0 0.2015625 0.486328125 0.0125 0.01953125
0 0.246875 0.4931640625 0.009375000000000001 0.021484375
0 0.8125 0.5126953125 0.015625 0.091796875
0 0.7585937500000001 0.509765625 0.035937500000000004 0.07421875
0 0.7289062500000001 0.517578125 0.0171875 0.0703125
0 0.6203125 0.4912109375 0.0125 0.013671875
0 0.59140625 0.4873046875 0.0078125 0.009765625
0 0.5859375 0.4873046875 0.00625 0.009765625
1 0.5554687500000001 0.533203125 0.0171875 0.0390625
2 0.12578125 0.583984375 0.2515625 0.18359375
2 0.5421875 0.5 0.018750000000000003 0.03125
2 0.48046875 0.5478515625 0.1265625 0.130859375
2 0.5109375 0.48046875 0.00625 0.0078125
0 0.5554687500000001 0.517578125 0.0171875 0.05859375
