4 0.9304687500000001 0.3828125 0.13593750000000002 0.23046875
4 0.8203125 0.384765625 0.134375 0.140625
4 0.6429687500000001 0.3759765625 0.0390625 0.076171875
4 0.37109375 0.34375 0.1921875 0.140625
7 0.1203125 0.1494140625 0.040625 0.052734375
7 0.16796875 0.099609375 0.0390625 0.14453125
7 0.36562500000000003 0.263671875 0.0125 0.046875
7 0.55234375 0.3408203125 0.0078125 0.021484375
7 0.5609375 0.3408203125 0.00625 0.021484375
7 0.2328125 0.2099609375 0.028125 0.044921875
7 0.5710937500000001 0.341796875 0.0078125 0.01953125
0 0.34921875 0.375 0.0203125 0.0703125
0 0.31875000000000003 0.4052734375 0.028125 0.142578125
0 0.3328125 0.3720703125 0.018750000000000003 0.076171875
0 0.30625 0.375 0.015625 0.06640625
0 0.27421875 0.4033203125 0.0390625 0.150390625
0 0.29609375 0.375 0.0171875 0.0703125
0 0.24296875 0.3896484375 0.0234375 0.115234375
0 0.22265625 0.39453125 0.045312500000000006 0.15234375
0 0.08281250000000001 0.3876953125 0.037500000000000006 0.150390625
0 0.07187500000000001 0.380859375 0.025 0.1328125
1 0.3796875 0.40625 0.0625 0.0546875
1 0.05859375 0.751953125 0.1171875 0.375
6 0.60546875 0.3779296875 0.045312500000000006 0.068359375
2 0.7289062500000001 0.4150390625 0.0421875 0.041015625
2 0.6984375 0.40625 0.03125 0.03515625
2 0.6796875 0.4013671875 0.021875000000000002 0.029296875
2 0.66796875 0.3984375 0.0140625 0.02734375
2 0.6609375000000001 0.3955078125 0.009375000000000001 0.025390625
2 0.53828125 0.40234375 0.1171875 0.07421875
2 0.178125 0.38671875 0.046875 0.0546875
0 0.6492187500000001 0.396484375 0.010937500000000001 0.03125
0 0.37265625 0.388671875 0.0203125 0.07421875
0 0.059375000000000004 0.6005859375 0.11875000000000001 0.607421875
