6 0.6953125 0.4736328125 0.1375 0.150390625
3 0.39453125 0.548828125 0.0421875 0.08203125
2 0.0484375 0.7734375 0.096875 0.2109375
2 0.44843750000000004 0.4921875 0.0125 0.015625
2 0.46328125000000003 0.4921875 0.0140625 0.01171875
2 0.478125 0.4912109375 0.009375000000000001 0.009765625
2 0.48281250000000003 0.48828125 0.009375000000000001 0.0078125
2 0.47187500000000004 0.486328125 0.00625 0.0078125
2 0.5320312500000001 0.4951171875 0.0234375 0.025390625
2 0.54921875 0.48828125 0.0140625 0.015625
2 0.5750000000000001 0.486328125 0.015625 0.015625
2 0.56484375 0.484375 0.0078125 0.01171875
2 0.5593750000000001 0.482421875 0.009375000000000001 0.01171875
2 0.6046875 0.482421875 0.0125 0.01171875
2 0.59609375 0.4736328125 0.0078125 0.009765625
2 0.58125 0.48046875 0.00625 0.01171875
2 0.56875 0.4736328125 0.00625 0.005859375
2 0.5710937500000001 0.4697265625 0.004687500000000001 0.005859375
2 0.496875 0.4853515625 0.009375000000000001 0.009765625
2 0.51015625 0.478515625 0.0078125 0.0078125
2 0.515625 0.4765625 0.00625 0.0078125
2 0.52265625 0.4755859375 0.0078125 0.009765625
2 0.5296875 0.4755859375 0.00625 0.005859375
2 0.5421875 0.4716796875 0.00625 0.005859375
2 0.578125 0.4736328125 0.00625 0.005859375
2 0.5554687500000001 0.4765625 0.0078125 0.0078125
2 0.565625 0.4609375 0.003125 0.00390625
2 0.55859375 0.4716796875 0.004687500000000001 0.005859375
2 0.578125 0.4599609375 0.00625 0.005859375
2 0.53671875 0.470703125 0.004687500000000001 0.00390625
2 0.534375 0.466796875 0.003125 0.00390625
2 0.5320312500000001 0.46875 0.004687500000000001 0.00390625
2 0.54296875 0.4677734375 0.004687500000000001 0.005859375
2 0.215625 0.525390625 0.0625 0.03515625
0 0.3953125 0.5263671875 0.03125 0.080078125
