9 0.2484375 0.330078125 0.028125 0.046875
2 0.20234375000000002 0.44921875 0.1609375 0.1015625
2 0.07187500000000001 0.431640625 0.125 0.08984375
2 0.9148437500000001 0.4892578125 0.1453125 0.119140625
2 0.84296875 0.46875 0.11093750000000001 0.10546875
2 0.7203125 0.4697265625 0.053125000000000006 0.052734375
2 0.47578125000000004 0.4609375 0.07968750000000001 0.06640625
2 0.5203125000000001 0.4599609375 0.03125 0.044921875
2 0.540625 0.4609375 0.034375 0.04296875
2 0.5515625000000001 0.4453125 0.028125 0.02734375
2 0.57734375 0.45703125 0.0390625 0.03515625
2 0.6015625 0.4560546875 0.018750000000000003 0.033203125
2 0.640625 0.4541015625 0.009375000000000001 0.025390625
0 0.665625 0.498046875 0.043750000000000004 0.12890625
0 0.6117187500000001 0.46484375 0.0203125 0.06640625
0 0.6257812500000001 0.46875 0.0234375 0.08984375
15 0.659375 0.5556640625 0.0125 0.009765625
15 0.62421875 0.515625 0.0140625 0.0078125
1 0.1453125 0.4609375 0.040625 0.08203125
