4 0.42031250000000003 0.4541015625 0.053125000000000006 0.076171875
4 0.51796875 0.44140625 0.0546875 0.0625
4 0.8460937500000001 0.4228515625 0.3046875 0.150390625
4 0.6359375 0.427734375 0.09062500000000001 0.04296875
4 0.4625 0.4423828125 0.040625 0.021484375
0 0.17109375000000002 0.4853515625 0.0140625 0.044921875
0 0.12890625 0.4892578125 0.0140625 0.029296875
0 0.47890625000000003 0.45703125 0.010937500000000001 0.03125
0 0.5085937500000001 0.4658203125 0.0234375 0.083984375
0 0.49062500000000003 0.4814453125 0.028125 0.072265625
0 0.553125 0.4599609375 0.0125 0.041015625
0 0.5710937500000001 0.4677734375 0.0140625 0.060546875
0 0.596875 0.4609375 0.018750000000000003 0.0625
0 0.6203125 0.4609375 0.025 0.078125
0 0.6335937500000001 0.4462890625 0.0140625 0.033203125
2 0.95078125 0.4873046875 0.09531250000000001 0.111328125
2 0.95234375 0.435546875 0.0921875 0.08984375
2 0.9125000000000001 0.4501953125 0.171875 0.126953125
2 0.37031250000000004 0.4638671875 0.03125 0.029296875
8 0.340625 0.4765625 0.00625 0.01953125
2 0.4609375 0.4638671875 0.028125 0.021484375
