4 0.51328125 0.29296875 0.2734375 0.51171875
7 0.7875000000000001 0.193359375 0.0125 0.0390625
7 0.73984375 0.30859375 0.010937500000000001 0.02734375
7 0.7421875 0.3505859375 0.009375000000000001 0.025390625
7 0.2671875 0.314453125 0.0125 0.0390625
7 0.15937500000000002 0.2822265625 0.009375000000000001 0.029296875
9 0.23828125 0.3125 0.0234375 0.02734375
9 0.23828125 0.3388671875 0.0234375 0.017578125
9 0.29140625000000003 0.330078125 0.026562500000000003 0.03515625
0 0.77265625 0.4072265625 0.010937500000000001 0.044921875
0 0.8070312500000001 0.4072265625 0.0140625 0.048828125
2 0.047656250000000004 0.40625 0.09531250000000001 0.14453125
2 0.14296875 0.43359375 0.1203125 0.1171875
2 0.18281250000000002 0.396484375 0.096875 0.13671875
2 0.6578125 0.431640625 0.059375000000000004 0.06640625
2 0.8703125 0.435546875 0.10625000000000001 0.125
2 0.93359375 0.458984375 0.1296875 0.15625
