7 0.6312500000000001 0.4208984375 0.0125 0.033203125
7 0.27578125000000003 0.4248046875 0.010937500000000001 0.029296875
7 0.6960937500000001 0.384765625 0.026562500000000003 0.0546875
7 0.08046875 0.4482421875 0.010937500000000001 0.013671875
9 0.86328125 0.34375 0.029687500000000002 0.0625
9 0.14609375 0.4345703125 0.0171875 0.017578125
0 0.9453125 0.5 0.018750000000000003 0.03515625
0 0.91796875 0.50390625 0.0234375 0.06640625
0 0.8445312500000001 0.5009765625 0.029687500000000002 0.064453125
0 0.8078125 0.49609375 0.025 0.06640625
0 0.6664062500000001 0.494140625 0.010937500000000001 0.03515625
0 0.6351562500000001 0.4892578125 0.010937500000000001 0.025390625
0 0.6140625000000001 0.4873046875 0.003125 0.013671875
0 0.6234375000000001 0.4873046875 0.00625 0.013671875
0 0.59609375 0.4833984375 0.004687500000000001 0.013671875
0 0.265625 0.50390625 0.0125 0.0625
0 0.25625000000000003 0.5048828125 0.0125 0.060546875
0 0.32734375000000004 0.482421875 0.010937500000000001 0.01953125
0 0.40468750000000003 0.48046875 0.009375000000000001 0.015625
0 0.0890625 0.5146484375 0.028125 0.095703125
0 0.0671875 0.5009765625 0.018750000000000003 0.056640625
1 0.7296875 0.6123046875 0.05 0.107421875
2 0.5476562500000001 0.650390625 0.32343750000000004 0.3203125
2 0.49453125000000003 0.494140625 0.1078125 0.06640625
2 0.3875 0.5029296875 0.040625 0.041015625
2 0.4078125 0.501953125 0.018750000000000003 0.03125
0 0.728125 0.568359375 0.053125000000000006 0.17578125
9 0.27968750000000003 0.453125 0.0125 0.02734375
