4 0.4453125 0.3876953125 0.0625 0.103515625
9 0.10312500000000001 0.298828125 0.021875000000000002 0.0234375
9 0.10390625 0.267578125 0.0203125 0.03515625
9 0.16875 0.30078125 0.021875000000000002 0.02734375
0 0.30078125 0.39453125 0.0078125 0.02734375
2 0.48750000000000004 0.4111328125 0.028125 0.033203125
2 0.38593750000000004 0.400390625 0.025 0.03515625
2 0.34218750000000003 0.4189453125 0.08125 0.076171875
2 0.15156250000000002 0.51953125 0.30000000000000004 0.44140625
2 0.37031250000000004 0.39453125 0.018750000000000003 0.0234375
