0 0.52578125 0.4375 0.004687500000000001 0.015625
0 0.421875 0.4375 0.009375000000000001 0.01171875
0 0.7039062500000001 0.439453125 0.0171875 0.04296875
2 0.9343750000000001 0.69140625 0.12812500000000002 0.32421875
2 0.84296875 0.603515625 0.2609375 0.234375
2 0.6960937500000001 0.5283203125 0.1203125 0.103515625
2 0.6578125 0.49609375 0.1 0.09375
2 0.6117187500000001 0.4765625 0.0578125 0.0703125
2 0.5828125000000001 0.458984375 0.043750000000000004 0.05078125
2 0.5609375 0.453125 0.018750000000000003 0.03125
2 0.55078125 0.4462890625 0.0140625 0.029296875
2 0.54140625 0.4423828125 0.010937500000000001 0.021484375
2 0.5328125 0.439453125 0.00625 0.015625
2 0.51171875 0.443359375 0.0234375 0.02734375
2 0.35468750000000004 0.48828125 0.065625 0.05859375
2 0.41875 0.4619140625 0.037500000000000006 0.037109375
2 0.43671875000000004 0.4580078125 0.0234375 0.037109375
2 0.45 0.439453125 0.0125 0.01953125
2 0.46875 0.44140625 0.018750000000000003 0.0234375
2 0.48046875 0.4375 0.0078125 0.015625
2 0.4859375 0.4375 0.00625 0.015625
2 0.49062500000000003 0.435546875 0.00625 0.01171875
2 0.49453125000000003 0.43359375 0.004687500000000001 0.0078125
2 0.3171875 0.4599609375 0.05 0.044921875
2 0.26484375 0.466796875 0.1015625 0.0625
2 0.23593750000000002 0.4853515625 0.09062500000000001 0.068359375
2 0.19453125000000002 0.4384765625 0.0671875 0.029296875
2 0.1875 0.462890625 0.059375000000000004 0.0546875
2 0.0921875 0.494140625 0.10312500000000001 0.07421875
2 0.051562500000000004 0.498046875 0.034375 0.0703125
2 0.08750000000000001 0.458984375 0.09375 0.0390625
2 0.36796875 0.44921875 0.0421875 0.0234375
2 0.153125 0.486328125 0.05625 0.05078125
