9 0.2609375 0.34375 0.028125 0.0390625
2 0.08671875000000001 0.4306640625 0.13593750000000002 0.072265625
2 0.21406250000000002 0.4521484375 0.140625 0.091796875
2 0.8500000000000001 0.482421875 0.115625 0.1015625
2 0.81171875 0.466796875 0.1296875 0.09375
2 0.6984375 0.4677734375 0.046875 0.052734375
2 0.53828125 0.4453125 0.029687500000000002 0.02734375
2 0.465625 0.462890625 0.07187500000000001 0.0625
2 0.50703125 0.4609375 0.029687500000000002 0.04296875
2 0.52734375 0.4619140625 0.0328125 0.041015625
2 0.6078125000000001 0.455078125 0.025 0.0234375
2 0.6218750000000001 0.455078125 0.015625 0.0234375
2 0.62890625 0.4521484375 0.0171875 0.025390625
2 0.63984375 0.4521484375 0.010937500000000001 0.021484375
0 0.56640625 0.470703125 0.026562500000000003 0.09765625
0 0.5867187500000001 0.4853515625 0.029687500000000002 0.111328125
0 0.659375 0.5126953125 0.053125000000000006 0.162109375
15 0.6625000000000001 0.6025390625 0.021875000000000002 0.017578125
15 0.584375 0.5458984375 0.015625 0.009765625
15 0.56484375 0.5205078125 0.0140625 0.009765625
1 0.16718750000000002 0.4658203125 0.037500000000000006 0.068359375
