9 0.6312500000000001 0.4072265625 0.034375 0.056640625
9 0.6234375000000001 0.47265625 0.018750000000000003 0.01171875
9 0.59375 0.4697265625 0.021875000000000002 0.013671875
0 0.15937500000000002 0.4716796875 0.0125 0.037109375
0 0.19296875000000002 0.46875 0.0078125 0.03125
2 0.38515625000000003 0.43359375 0.010937500000000001 0.015625
2 0.37343750000000003 0.4287109375 0.0125 0.009765625
2 0.40078125000000003 0.4423828125 0.0203125 0.021484375
2 0.45078125 0.4443359375 0.0171875 0.017578125
2 0.49843750000000003 0.435546875 0.009375000000000001 0.01171875
2 0.4890625 0.43359375 0.009375000000000001 0.0078125
2 0.51015625 0.435546875 0.0140625 0.015625
2 0.51484375 0.4443359375 0.0171875 0.017578125
2 0.9265625000000001 0.4658203125 0.12187500000000001 0.087890625
2 0.7000000000000001 0.435546875 0.040625 0.02734375
2 0.234375 0.458984375 0.043750000000000004 0.03125
2 0.07968750000000001 0.4736328125 0.025 0.029296875
