9 0.59375 0.3603515625 0.034375 0.041015625
2 0.565625 0.478515625 0.07500000000000001 0.0703125
2 0.534375 0.458984375 0.065625 0.0703125
2 0.51484375 0.447265625 0.051562500000000004 0.05859375
2 0.325 0.4404296875 0.03125 0.041015625
2 0.30781250000000004 0.447265625 0.043750000000000004 0.046875
2 0.284375 0.4599609375 0.053125000000000006 0.052734375
2 0.21484375 0.478515625 0.09531250000000001 0.09765625
2 0.05859375 0.4345703125 0.0921875 0.060546875
15 0.48515625 0.4228515625 0.09531250000000001 0.076171875
