4 0.84296875 0.423828125 0.31093750000000003 0.15234375
4 0.5234375 0.4423828125 0.07500000000000001 0.076171875
4 0.43515625 0.4541015625 0.1015625 0.041015625
0 0.69296875 0.4716796875 0.0421875 0.138671875
0 0.65234375 0.486328125 0.0390625 0.11328125
0 0.6078125000000001 0.455078125 0.018750000000000003 0.0546875
0 0.56953125 0.4560546875 0.010937500000000001 0.052734375
0 0.5875 0.45703125 0.015625 0.046875
0 0.55078125 0.458984375 0.010937500000000001 0.04296875
0 0.37421875000000004 0.4658203125 0.0078125 0.021484375
0 0.3828125 0.46484375 0.00625 0.0234375
0 0.16953125000000002 0.4814453125 0.010937500000000001 0.037109375
2 0.9500000000000001 0.486328125 0.096875 0.109375
2 0.94921875 0.4384765625 0.09843750000000001 0.095703125
2 0.9085937500000001 0.4423828125 0.1796875 0.130859375
2 0.45234375000000004 0.4638671875 0.026562500000000003 0.021484375
2 0.47265625 0.462890625 0.0234375 0.0234375
8 0.33984375 0.478515625 0.0078125 0.01953125
