0 0.9476562500000001 0.52734375 0.0859375 0.25
0 0.85546875 0.5087890625 0.07968750000000001 0.263671875
0 0.7914062500000001 0.5166015625 0.060937500000000006 0.271484375
0 0.68359375 0.4892578125 0.0328125 0.099609375
0 0.6414062500000001 0.4853515625 0.035937500000000004 0.111328125
0 0.59609375 0.4794921875 0.029687500000000002 0.107421875
0 0.5765625 0.482421875 0.018750000000000003 0.09765625
0 0.56171875 0.4765625 0.029687500000000002 0.109375
0 0.5390625 0.48046875 0.028125 0.09765625
0 0.5203125000000001 0.484375 0.015625 0.05859375
0 0.5085937500000001 0.484375 0.0140625 0.046875
0 0.49453125000000003 0.4833984375 0.0140625 0.044921875
0 0.48203125 0.4853515625 0.010937500000000001 0.041015625
0 0.4703125 0.4814453125 0.0125 0.041015625
1 0.72578125 0.5048828125 0.0421875 0.076171875
2 0.21171875 0.5009765625 0.15781250000000002 0.142578125
2 0.421875 0.4912109375 0.034375 0.037109375
2 0.390625 0.490234375 0.028125 0.0390625
2 0.353125 0.4833984375 0.0625 0.060546875
