7 0.73828125 0.2353515625 0.029687500000000002 0.083984375
7 0.753125 0.3271484375 0.025 0.041015625
7 0.41171875 0.267578125 0.0171875 0.0703125
7 0.40625 0.3408203125 0.021875000000000002 0.029296875
9 0.8132812500000001 0.306640625 0.0546875 0.015625
9 0.7898437500000001 0.26953125 0.0234375 0.05078125
9 0.74765625 0.291015625 0.035937500000000004 0.02734375
9 0.34375 0.361328125 0.015625 0.0234375
0 0.8523437500000001 0.4765625 0.06406250000000001 0.19921875
0 0.696875 0.474609375 0.059375000000000004 0.21484375
0 0.54609375 0.4765625 0.045312500000000006 0.1796875
0 0.50703125 0.474609375 0.0484375 0.19140625
0 0.36953125000000003 0.4453125 0.0171875 0.0546875
0 0.14765625000000002 0.4443359375 0.0078125 0.029296875
0 0.13671875 0.4462890625 0.0078125 0.029296875
0 0.12734375 0.4453125 0.0078125 0.02734375
2 0.909375 0.4873046875 0.178125 0.142578125
2 0.30703125000000003 0.455078125 0.0546875 0.05859375
2 0.240625 0.443359375 0.018750000000000003 0.01953125
2 0.19296875000000002 0.443359375 0.0578125 0.0625
2 0.10859375 0.4501953125 0.0328125 0.041015625
2 0.06406250000000001 0.451171875 0.08125 0.06640625
8 0.38593750000000004 0.470703125 0.015625 0.0625
