7 0.1875 0.2421875 0.025 0.08984375
7 0.1796875 0.33203125 0.018750000000000003 0.0234375
7 0.88671875 0.2724609375 0.026562500000000003 0.087890625
7 0.8921875 0.359375 0.025 0.02734375
9 0.91171875 0.333984375 0.06406250000000001 0.01953125
9 0.31640625 0.4599609375 0.0140625 0.025390625
0 0.27890625 0.4560546875 0.0140625 0.064453125
0 0.21875 0.4462890625 0.009375000000000001 0.037109375
0 0.22421875000000002 0.447265625 0.0078125 0.03125
0 0.23593750000000002 0.447265625 0.009375000000000001 0.03125
0 0.42734375 0.462890625 0.0546875 0.1328125
0 0.44921875 0.4580078125 0.0390625 0.146484375
0 0.6531250000000001 0.4677734375 0.028125 0.111328125
0 0.6609375000000001 0.462890625 0.05 0.13671875
2 0.4765625 0.462890625 0.025 0.03515625
2 0.515625 0.46484375 0.021875000000000002 0.03125
2 0.53046875 0.4658203125 0.0234375 0.033203125
2 0.56640625 0.45703125 0.0546875 0.0625
2 0.596875 0.470703125 0.053125000000000006 0.05859375
2 0.62109375 0.4765625 0.0484375 0.0546875
2 0.690625 0.4716796875 0.10312500000000001 0.103515625
2 0.40703125 0.458984375 0.0234375 0.0390625
2 0.390625 0.4619140625 0.028125 0.044921875
2 0.375 0.4580078125 0.025 0.056640625
2 0.353125 0.4580078125 0.05 0.072265625
2 0.33046875000000003 0.466796875 0.0703125 0.06640625
2 0.053125000000000006 0.470703125 0.10625000000000001 0.1875
1 0.11953125 0.4501953125 0.051562500000000004 0.044921875
0 0.12265625000000001 0.4345703125 0.0171875 0.060546875
0 0.153125 0.42578125 0.0125 0.04296875
1 0.1546875 0.4560546875 0.037500000000000006 0.033203125
9 0.31562500000000004 0.4248046875 0.0125 0.017578125
