7 0.50625 0.4072265625 0.009375000000000001 0.025390625
7 0.434375 0.380859375 0.00625 0.01953125
7 0.42421875000000003 0.3564453125 0.0078125 0.025390625
7 0.34921875 0.41015625 0.0078125 0.02734375
9 0.8859375 0.3388671875 0.015625 0.037109375
0 0.671875 0.470703125 0.034375 0.08984375
0 0.5593750000000001 0.4677734375 0.0125 0.029296875
0 0.49921875000000004 0.458984375 0.0078125 0.0234375
0 0.46406250000000004 0.46484375 0.00625 0.0234375
0 0.40078125000000003 0.46484375 0.0078125 0.0234375
0 0.25078125 0.46875 0.0140625 0.046875
0 0.1546875 0.474609375 0.028125 0.07421875
0 0.41875 0.466796875 0.00625 0.015625
0 0.5734375 0.4697265625 0.009375000000000001 0.052734375
1 0.909375 0.5126953125 0.040625 0.087890625
1 0.60703125 0.4892578125 0.026562500000000003 0.060546875
1 0.63671875 0.4912109375 0.029687500000000002 0.056640625
1 0.48359375000000004 0.5029296875 0.0171875 0.048828125
1 0.5265625 0.501953125 0.015625 0.05078125
1 0.33906250000000004 0.4736328125 0.015625 0.033203125
1 0.29921875000000003 0.4853515625 0.0203125 0.037109375
1 0.26171875 0.4921875 0.0203125 0.05078125
1 0.20625000000000002 0.501953125 0.034375 0.0625
1 0.17578125 0.5048828125 0.0328125 0.064453125
1 0.8070312500000001 0.56640625 0.0859375 0.15234375
2 0.8132812500000001 0.5126953125 0.1859375 0.146484375
2 0.45390625 0.4658203125 0.0140625 0.013671875
2 0.43046875 0.46484375 0.0140625 0.015625
0 0.80390625 0.4990234375 0.0734375 0.216796875
0 0.5265625 0.474609375 0.025 0.09375
0 0.48203125 0.4765625 0.0234375 0.078125
