7 0.30546875 0.3310546875 0.0140625 0.060546875
7 0.2984375 0.3955078125 0.018750000000000003 0.025390625
7 0.1640625 0.3037109375 0.021875000000000002 0.060546875
7 0.16015625 0.3779296875 0.0171875 0.029296875
0 0.27187500000000003 0.478515625 0.025 0.1015625
0 0.16015625 0.474609375 0.026562500000000003 0.10546875
0 0.253125 0.4853515625 0.040625 0.103515625
6 0.6921875000000001 0.416015625 0.5125000000000001 0.34765625
2 0.41796875 0.4794921875 0.045312500000000006 0.048828125
2 0.43203125000000003 0.46875 0.026562500000000003 0.03515625
