0 0.60078125 0.4853515625 0.029687500000000002 0.123046875
0 0.57265625 0.4892578125 0.0421875 0.119140625
0 0.5242187500000001 0.4580078125 0.0234375 0.056640625
0 0.50234375 0.4609375 0.0234375 0.0546875
0 0.48750000000000004 0.462890625 0.015625 0.0625
0 0.41015625 0.49609375 0.035937500000000004 0.08984375
0 0.35546875 0.494140625 0.0421875 0.09375
0 0.340625 0.482421875 0.03125 0.06640625
0 0.30781250000000004 0.4931640625 0.034375 0.091796875
0 0.27968750000000003 0.470703125 0.018750000000000003 0.05859375
0 0.25390625 0.4765625 0.0421875 0.125
0 0.2171875 0.4853515625 0.018750000000000003 0.087890625
0 0.20390625 0.45703125 0.0140625 0.03515625
0 0.18984375 0.478515625 0.026562500000000003 0.109375
0 0.1625 0.4755859375 0.037500000000000006 0.119140625
0 0.11875000000000001 0.4638671875 0.015625 0.060546875
0 0.10390625 0.4658203125 0.0140625 0.056640625
0 0.09140625000000001 0.47265625 0.010937500000000001 0.04296875
0 0.034375 0.4521484375 0.021875000000000002 0.037109375
