4 0.39296875000000003 0.3994140625 0.0234375 0.029296875
4 0.41718750000000004 0.400390625 0.025 0.03515625
4 0.596875 0.39453125 0.10625000000000001 0.12890625
9 0.9148437500000001 0.408203125 0.010937500000000001 0.015625
9 0.65390625 0.390625 0.0078125 0.01953125
9 0.46015625000000004 0.3740234375 0.035937500000000004 0.017578125
9 0.371875 0.3916015625 0.00625 0.009765625
9 0.4453125 0.3974609375 0.00625 0.005859375
6 0.515625 0.3974609375 0.034375 0.025390625
2 0.4609375 0.3984375 0.018750000000000003 0.01171875
2 0.453125 0.4091796875 0.021875000000000002 0.013671875
2 0.47500000000000003 0.4228515625 0.040625 0.037109375
2 0.49375 0.4140625 0.0125 0.01953125
2 0.5281250000000001 0.4091796875 0.0125 0.005859375
2 0.6703125000000001 0.4169921875 0.03125 0.025390625
2 0.70625 0.419921875 0.034375 0.03125
2 0.8132812500000001 0.431640625 0.045312500000000006 0.03515625
2 0.878125 0.537109375 0.240625 0.23046875
