9 0.3296875 0.3974609375 0.00625 0.017578125
9 0.5296875 0.4248046875 0.00625 0.009765625
9 0.6203125 0.3916015625 0.018750000000000003 0.025390625
2 0.39765625000000004 0.4423828125 0.0234375 0.021484375
2 0.37812500000000004 0.443359375 0.021875000000000002 0.0234375
2 0.3609375 0.4453125 0.028125 0.02734375
2 0.290625 0.4501953125 0.015625 0.037109375
2 0.022656250000000003 0.4697265625 0.045312500000000006 0.052734375
2 0.31953125000000004 0.4501953125 0.060937500000000006 0.056640625
2 0.47187500000000004 0.44140625 0.025 0.02734375
