7 0.40859375000000003 0.4072265625 0.004687500000000001 0.013671875
7 0.36796875 0.3955078125 0.004687500000000001 0.013671875
7 0.45390625 0.41015625 0.004687500000000001 0.01171875
9 0.178125 0.4013671875 0.0125 0.021484375
2 0.28203125 0.46875 0.0328125 0.03125
2 0.38125000000000003 0.46484375 0.021875000000000002 0.01953125
2 0.40703125 0.46484375 0.0203125 0.01953125
2 0.44843750000000004 0.4853515625 0.08750000000000001 0.083984375
2 0.3359375 0.46875 0.015625 0.015625
8 0.8289062500000001 0.525390625 0.029687500000000002 0.06640625
15 0.225 0.462890625 0.0625 0.046875
