0 0.6585937500000001 0.4892578125 0.026562500000000003 0.107421875
0 0.6296875000000001 0.453125 0.009375000000000001 0.03125
0 0.33515625000000004 0.4404296875 0.0203125 0.021484375
2 0.04453125 0.46875 0.0890625 0.12890625
2 0.1125 0.4716796875 0.084375 0.099609375
2 0.34921875 0.4384765625 0.060937500000000006 0.029296875
2 0.029687500000000002 0.5830078125 0.059375000000000004 0.193359375
2 0.8671875 0.583984375 0.21875 0.1875
2 0.9125000000000001 0.4921875 0.171875 0.09765625
2 0.8171875000000001 0.482421875 0.11875000000000001 0.09375
2 0.71484375 0.4697265625 0.0859375 0.041015625
2 0.6000000000000001 0.4521484375 0.021875000000000002 0.025390625
2 0.58984375 0.4521484375 0.0078125 0.021484375
2 0.5867187500000001 0.4482421875 0.010937500000000001 0.017578125
2 0.5789062500000001 0.4453125 0.010937500000000001 0.01171875
2 0.3140625 0.4990234375 0.11875000000000001 0.095703125
2 0.37890625 0.48828125 0.06406250000000001 0.078125
2 0.40703125 0.48046875 0.0328125 0.05859375
2 0.41875 0.4736328125 0.05625 0.064453125
2 0.44296875 0.470703125 0.026562500000000003 0.0546875
2 0.45625000000000004 0.46484375 0.025 0.0546875
2 0.478125 0.45703125 0.037500000000000006 0.0390625
2 0.5007812500000001 0.455078125 0.0171875 0.02734375
2 0.503125 0.4482421875 0.025 0.029296875
2 0.51796875 0.4482421875 0.010937500000000001 0.017578125
2 0.52109375 0.447265625 0.0140625 0.01953125
2 0.52578125 0.443359375 0.0171875 0.01953125
2 0.5359375000000001 0.4443359375 0.00625 0.009765625
2 0.5390625 0.4423828125 0.009375000000000001 0.009765625
0 0.6429687500000001 0.4970703125 0.0234375 0.123046875
0 0.71875 0.5224609375 0.07187500000000001 0.208984375
15 0.7078125000000001 0.6337890625 0.028125 0.017578125
15 0.6414062500000001 0.5615234375 0.0171875 0.013671875
15 0.65546875 0.5439453125 0.0140625 0.005859375
