9 0.5515625000000001 0.4599609375 0.12187500000000001 0.162109375
9 0.65390625 0.404296875 0.010937500000000001 0.0234375
9 0.013281250000000001 0.29296875 0.0140625 0.0390625
0 0.534375 0.17578125 0.018750000000000003 0.05078125
2 0.055468750000000004 0.5146484375 0.11093750000000001 0.138671875
2 0.125 0.50390625 0.09062500000000001 0.10546875
2 0.25703125 0.48046875 0.0734375 0.07421875
2 0.29296875 0.47265625 0.0234375 0.05859375
2 0.40703125 0.525390625 0.2390625 0.21875
15 0.47890625000000003 0.41015625 0.1015625 0.0703125
