0 0.7109375 0.4658203125 0.009375000000000001 0.044921875
0 0.53046875 0.470703125 0.0078125 0.03515625
0 0.58203125 0.470703125 0.0078125 0.0234375
1 0.6109375 0.4853515625 0.018750000000000003 0.041015625
1 0.57265625 0.474609375 0.0078125 0.01953125
2 0.63671875 0.47265625 0.0328125 0.0234375
2 0.04296875 0.4755859375 0.0859375 0.095703125
2 0.13828125 0.4541015625 0.0765625 0.021484375
2 0.22031250000000002 0.45703125 0.06875 0.01953125
2 0.30859375 0.4765625 0.0734375 0.05859375
2 0.359375 0.474609375 0.037500000000000006 0.046875
2 0.434375 0.4638671875 0.040625 0.025390625
2 0.46015625000000004 0.46484375 0.029687500000000002 0.0390625
2 0.6531250000000001 0.4638671875 0.00625 0.005859375
0 0.6117187500000001 0.4697265625 0.0171875 0.052734375
0 0.57265625 0.4638671875 0.0078125 0.029296875
