9 0.6640625 0.4228515625 0.025 0.025390625
0 0.55078125 0.4658203125 0.010937500000000001 0.029296875
0 0.47968750000000004 0.462890625 0.009375000000000001 0.03125
0 0.5390625 0.4658203125 0.009375000000000001 0.033203125
1 0.039843750000000004 0.521484375 0.060937500000000006 0.07421875
2 0.09843750000000001 0.4970703125 0.19687500000000002 0.095703125
2 0.39687500000000003 0.462890625 0.021875000000000002 0.03125
2 0.31796875 0.49609375 0.09531250000000001 0.078125
2 0.37031250000000004 0.490234375 0.037500000000000006 0.0625
2 0.43046875 0.470703125 0.035937500000000004 0.0390625
2 0.45390625 0.4677734375 0.0203125 0.029296875
2 0.465625 0.4658203125 0.009375000000000001 0.025390625
2 0.47265625 0.46484375 0.010937500000000001 0.01953125
2 0.48125 0.458984375 0.015625 0.0234375
2 0.49140625000000004 0.4619140625 0.004687500000000001 0.013671875
2 0.49375 0.458984375 0.009375000000000001 0.015625
2 0.49921875000000004 0.4580078125 0.0078125 0.013671875
2 0.5046875000000001 0.45703125 0.00625 0.01171875
2 0.7132812500000001 0.525390625 0.1453125 0.16015625
2 0.640625 0.515625 0.046875 0.08984375
2 0.90234375 0.7041015625 0.1921875 0.423828125
2 0.6359375 0.501953125 0.053125000000000006 0.07421875
2 0.6296875000000001 0.4912109375 0.07187500000000001 0.076171875
2 0.58046875 0.470703125 0.0390625 0.04296875
2 0.56015625 0.4658203125 0.010937500000000001 0.033203125
2 0.50703125 0.455078125 0.0078125 0.01171875
2 0.32343750000000004 0.4453125 0.034375 0.0234375
