7 0.44609375 0.37890625 0.004687500000000001 0.01171875
0 0.63046875 0.4306640625 0.010937500000000001 0.041015625
0 0.6039062500000001 0.431640625 0.0171875 0.0390625
0 0.5859375 0.431640625 0.0125 0.03515625
0 0.57734375 0.4326171875 0.0078125 0.033203125
2 0.49843750000000003 0.4404296875 0.03125 0.037109375
2 0.42109375000000004 0.4404296875 0.0421875 0.037109375
2 0.37578125 0.4423828125 0.060937500000000006 0.060546875
2 0.2265625 0.4384765625 0.040625 0.037109375
2 0.12109375 0.455078125 0.07968750000000001 0.0546875
2 0.29531250000000003 0.4599609375 0.12812500000000002 0.111328125
