9 0.39609375 0.3935546875 0.0171875 0.005859375
0 0.05078125 0.5087890625 0.0171875 0.103515625
0 0.09140625000000001 0.4931640625 0.029687500000000002 0.095703125
0 0.4375 0.4326171875 0.00625 0.021484375
0 0.44375000000000003 0.4306640625 0.003125 0.017578125
0 0.45625000000000004 0.431640625 0.00625 0.01953125
0 0.48046875 0.4296875 0.0078125 0.0234375
0 0.66171875 0.4736328125 0.0203125 0.076171875
0 0.7140625 0.4736328125 0.015625 0.072265625
0 0.6875 0.4755859375 0.021875000000000002 0.072265625
1 0.10234375000000001 0.5244140625 0.0234375 0.056640625
2 0.029687500000000002 0.4521484375 0.059375000000000004 0.056640625
2 0.11953125 0.4453125 0.0765625 0.05078125
2 0.1953125 0.4541015625 0.07500000000000001 0.052734375
2 0.1609375 0.470703125 0.12812500000000002 0.0703125
2 0.2828125 0.4521484375 0.043750000000000004 0.037109375
2 0.50234375 0.4326171875 0.026562500000000003 0.025390625
8 0.13593750000000002 0.5263671875 0.018750000000000003 0.072265625
8 0.40078125000000003 0.4404296875 0.004687500000000001 0.013671875
