1 0.2109375 0.5087890625 0.028125 0.064453125
1 0.171875 0.5341796875 0.043750000000000004 0.095703125
1 0.29609375 0.5419921875 0.08281250000000001 0.119140625
1 0.6117187500000001 0.564453125 0.1546875 0.12109375
1 0.9617187500000001 0.5810546875 0.0734375 0.123046875
2 0.49765625 0.4775390625 0.0234375 0.044921875
2 0.5078125 0.48046875 0.021875000000000002 0.05078125
2 0.5476562500000001 0.4794921875 0.0765625 0.076171875
2 0.38671875 0.470703125 0.026562500000000003 0.03515625
2 0.359375 0.48046875 0.046875 0.046875
2 0.31484375000000003 0.4736328125 0.035937500000000004 0.041015625
2 0.17500000000000002 0.4794921875 0.078125 0.080078125
2 0.0421875 0.5009765625 0.084375 0.111328125
2 0.43671875000000004 0.4755859375 0.0203125 0.013671875
0 0.19296875000000002 0.4765625 0.0234375 0.08203125
0 0.21250000000000002 0.474609375 0.028125 0.08203125
0 0.17265625 0.49609375 0.045312500000000006 0.140625
0 0.26953125 0.453125 0.029687500000000002 0.0703125
0 0.296875 0.498046875 0.0625 0.171875
0 0.60859375 0.5205078125 0.0734375 0.173828125
7 0.6179687500000001 0.333984375 0.010937500000000001 0.02734375
