7 0.57578125 0.1171875 0.029687500000000002 0.10546875
7 0.9554687500000001 0.279296875 0.0328125 0.10546875
7 0.5554687500000001 0.3935546875 0.0078125 0.025390625
9 0.5421875 0.3876953125 0.0125 0.017578125
0 0.83515625 0.5185546875 0.0171875 0.072265625
0 0.8695312500000001 0.50390625 0.0234375 0.04296875
0 0.11953125 0.498046875 0.0171875 0.06640625
2 0.53046875 0.525390625 0.0734375 0.07421875
2 0.6781250000000001 0.51953125 0.053125000000000006 0.05859375
2 0.59609375 0.501953125 0.0234375 0.0234375
