9 0.35468750000000004 0.3564453125 0.028125 0.044921875
9 0.37812500000000004 0.4033203125 0.018750000000000003 0.029296875
9 0.19375 0.4423828125 0.00625 0.005859375
9 0.19296875000000002 0.4345703125 0.0078125 0.009765625
9 0.6671875 0.4033203125 0.018750000000000003 0.025390625
0 0.91171875 0.458984375 0.026562500000000003 0.078125
2 0.12578125 0.4736328125 0.0765625 0.048828125
2 0.15156250000000002 0.4658203125 0.053125000000000006 0.037109375
2 0.0546875 0.45703125 0.07187500000000001 0.05078125
15 0.62265625 0.453125 0.11093750000000001 0.078125
