9 0.05078125 0.365234375 0.035937500000000004 0.04296875
9 0.049218750000000006 0.392578125 0.0140625 0.01171875
0 0.53671875 0.4755859375 0.004687500000000001 0.013671875
1 0.6078125000000001 0.5224609375 0.021875000000000002 0.056640625
2 0.49531250000000004 0.4755859375 0.009375000000000001 0.013671875
2 0.48203125 0.474609375 0.0203125 0.0234375
2 0.46640625 0.474609375 0.0140625 0.015625
2 0.44843750000000004 0.4736328125 0.018750000000000003 0.021484375
2 0.42734375 0.474609375 0.0234375 0.0234375
2 0.5046875000000001 0.4765625 0.009375000000000001 0.0078125
2 0.2703125 0.48046875 0.05625 0.0703125
2 0.3453125 0.5029296875 0.1125 0.103515625
2 0.21953125 0.494140625 0.0890625 0.0703125
2 0.30703125000000003 0.4716796875 0.0234375 0.029296875
0 0.6078125000000001 0.4990234375 0.025 0.087890625
