4 0.5593750000000001 0.439453125 0.06875 0.11328125
7 0.32421875 0.4208984375 0.004687500000000001 0.017578125
9 0.734375 0.349609375 0.043750000000000004 0.02734375
9 0.15937500000000002 0.3701171875 0.0125 0.025390625
9 0.31953125000000004 0.435546875 0.0078125 0.01171875
1 0.7328125000000001 0.5537109375 0.07187500000000001 0.138671875
2 0.8984375 0.5283203125 0.2 0.201171875
2 0.8203125 0.49609375 0.13125 0.1640625
2 0.6804687500000001 0.4912109375 0.051562500000000004 0.099609375
2 0.65234375 0.4697265625 0.0921875 0.095703125
2 0.1375 0.4951171875 0.178125 0.158203125
2 0.25234375000000003 0.4931640625 0.0765625 0.072265625
2 0.28750000000000003 0.4873046875 0.037500000000000006 0.060546875
2 0.309375 0.4853515625 0.025 0.052734375
2 0.43828125 0.5107421875 0.2421875 0.275390625
0 0.734375 0.494140625 0.06875 0.19921875
9 0.721875 0.380859375 0.015625 0.0234375
