9 0.63671875 0.4765625 0.0203125 0.02734375
9 0.6359375 0.5048828125 0.018750000000000003 0.025390625
9 0.5453125 0.509765625 0.009375000000000001 0.01171875
9 0.54296875 0.5244140625 0.0140625 0.017578125
0 0.51015625 0.5546875 0.0078125 0.02734375
0 0.525 0.5556640625 0.00625 0.021484375
0 0.6015625 0.5595703125 0.0125 0.021484375
2 0.8375 0.7177734375 0.321875 0.326171875
2 0.4234375 0.650390625 0.16562500000000002 0.18359375
2 0.44140625 0.5556640625 0.026562500000000003 0.017578125
2 0.48671875000000003 0.5498046875 0.029687500000000002 0.017578125
