0 0.29140625000000003 0.4638671875 0.0078125 0.033203125
0 0.30000000000000004 0.466796875 0.0125 0.03125
0 0.19062500000000002 0.455078125 0.0125 0.0234375
0 0.17890625000000002 0.451171875 0.0078125 0.01953125
0 0.5390625 0.453125 0.009375000000000001 0.0234375
1 0.18125000000000002 0.533203125 0.021875000000000002 0.05078125
2 0.44296875 0.4501953125 0.0140625 0.021484375
2 0.434375 0.451171875 0.0125 0.01953125
2 0.421875 0.453125 0.021875000000000002 0.01953125
2 0.40546875000000004 0.455078125 0.0140625 0.0234375
2 0.3921875 0.45703125 0.018750000000000003 0.0234375
2 0.371875 0.462890625 0.03125 0.03125
2 0.353125 0.4462890625 0.018750000000000003 0.005859375
2 0.30312500000000003 0.462890625 0.025 0.0234375
2 0.26015625000000003 0.453125 0.0328125 0.01171875
2 0.26796875000000003 0.4833984375 0.0328125 0.048828125
2 0.25390625 0.48828125 0.026562500000000003 0.05078125
2 0.22187500000000002 0.48828125 0.07187500000000001 0.06640625
2 0.209375 0.505859375 0.05625 0.0625
2 0.11093750000000001 0.5244140625 0.12187500000000001 0.087890625
2 0.46406250000000004 0.4697265625 0.034375 0.064453125
2 0.50703125 0.48828125 0.0921875 0.1015625
2 0.7914062500000001 0.4775390625 0.09843750000000001 0.052734375
2 0.8304687500000001 0.447265625 0.051562500000000004 0.01953125
2 0.72421875 0.466796875 0.09531250000000001 0.05859375
2 0.875 0.48046875 0.13125 0.0703125
2 0.6468750000000001 0.5771484375 0.215625 0.216796875
2 0.79609375 0.6767578125 0.40468750000000003 0.361328125
2 0.09062500000000001 0.7236328125 0.18125000000000002 0.388671875
0 0.18203125 0.5078125 0.0328125 0.09375
8 0.055468750000000004 0.5107421875 0.010937500000000001 0.033203125
