7 0.37890625 0.30859375 0.0140625 0.05859375
7 0.4109375 0.3212890625 0.0125 0.048828125
7 0.6687500000000001 0.328125 0.015625 0.05078125
7 0.6804687500000001 0.32421875 0.010937500000000001 0.03515625
7 0.6976562500000001 0.3154296875 0.0140625 0.056640625
7 0.6984375 0.3544921875 0.0125 0.021484375
7 0.7156250000000001 0.3525390625 0.009375000000000001 0.021484375
7 0.734375 0.33984375 0.0125 0.03125
7 0.7507812500000001 0.3388671875 0.0140625 0.044921875
7 0.7625000000000001 0.3515625 0.009375000000000001 0.0234375
7 0.8046875 0.3447265625 0.0125 0.029296875
7 0.82421875 0.3466796875 0.0171875 0.037109375
7 0.9453125 0.365234375 0.009375000000000001 0.0234375
7 0.925 0.3701171875 0.009375000000000001 0.025390625
7 0.91171875 0.375 0.0078125 0.01953125
7 0.890625 0.3583984375 0.0125 0.044921875
7 0.8757812500000001 0.3671875 0.010937500000000001 0.03125
7 0.98828125 0.3623046875 0.010937500000000001 0.033203125
7 0.69140625 0.408203125 0.0078125 0.01953125
7 0.7468750000000001 0.4033203125 0.009375000000000001 0.017578125
0 0.6726562500000001 0.3994140625 0.0078125 0.025390625
0 0.6820312500000001 0.3984375 0.0078125 0.02734375
0 0.846875 0.4296875 0.028125 0.06640625
0 0.9390625 0.439453125 0.021875000000000002 0.05859375
0 0.38984375000000004 0.404296875 0.0171875 0.05859375
0 0.40625 0.392578125 0.009375000000000001 0.03515625
0 0.43515625 0.392578125 0.0078125 0.03125
0 0.4421875 0.396484375 0.009375000000000001 0.02734375
0 0.4546875 0.3955078125 0.009375000000000001 0.029296875
0 0.46328125000000003 0.3916015625 0.0078125 0.021484375
1 0.1015625 0.5322265625 0.07500000000000001 0.158203125
6 0.525 0.3828125 0.0625 0.109375
2 0.596875 0.4560546875 0.1625 0.201171875
2 0.9828125000000001 0.423828125 0.03125 0.05859375
0 0.10390625 0.4619140625 0.0734375 0.255859375
