4 0.55390625 0.44921875 0.0703125 0.0859375
7 0.953125 0.259765625 0.025 0.07421875
7 0.8718750000000001 0.2861328125 0.018750000000000003 0.072265625
7 0.878125 0.35546875 0.025 0.03125
7 0.36328125 0.080078125 0.029687500000000002 0.07421875
7 0.12265625000000001 0.080078125 0.0203125 0.0703125
7 0.42734375 0.4267578125 0.004687500000000001 0.009765625
7 0.446875 0.427734375 0.003125 0.0078125
7 0.9632812500000001 0.345703125 0.0234375 0.04296875
9 0.6484375 0.2021484375 0.134375 0.033203125
9 0.140625 0.43359375 0.015625 0.01953125
9 0.5085937500000001 0.40234375 0.029687500000000002 0.0078125
9 0.5085937500000001 0.41015625 0.029687500000000002 0.0078125
0 0.59765625 0.4609375 0.010937500000000001 0.04296875
2 0.051562500000000004 0.5234375 0.10312500000000001 0.296875
2 0.08281250000000001 0.4716796875 0.08750000000000001 0.115234375
2 0.24609375 0.466796875 0.045312500000000006 0.0390625
2 0.45859375 0.4775390625 0.0703125 0.068359375
2 0.49140625000000004 0.4638671875 0.0234375 0.041015625
2 0.42421875000000003 0.4541015625 0.0203125 0.021484375
