0 0.70234375 0.4306640625 0.010937500000000001 0.021484375
0 0.74140625 0.439453125 0.010937500000000001 0.0390625
0 0.76171875 0.44921875 0.010937500000000001 0.046875
0 0.78125 0.4443359375 0.009375000000000001 0.037109375
0 0.6585937500000001 0.384765625 0.0078125 0.03125
0 0.64765625 0.384765625 0.0078125 0.02734375
0 0.6351562500000001 0.369140625 0.0078125 0.01171875
0 0.703125 0.388671875 0.00625 0.0078125
0 0.70859375 0.388671875 0.004687500000000001 0.0078125
0 0.45859375 0.3798828125 0.010937500000000001 0.033203125
0 0.446875 0.3642578125 0.009375000000000001 0.013671875
0 0.23203125000000002 0.40234375 0.010937500000000001 0.0390625
0 0.24531250000000002 0.3955078125 0.009375000000000001 0.021484375
0 0.2265625 0.390625 0.00625 0.015625
0 0.27109375 0.3955078125 0.004687500000000001 0.013671875
0 0.10625000000000001 0.4130859375 0.018750000000000003 0.072265625
0 0.09843750000000001 0.4130859375 0.015625 0.064453125
0 0.08203125 0.3837890625 0.0078125 0.021484375
0 0.07265625 0.384765625 0.0078125 0.0234375
0 0.06406250000000001 0.37890625 0.00625 0.015625
0 0.00703125 0.376953125 0.0078125 0.0234375
2 0.6421875 0.603515625 0.33437500000000003 0.296875
2 0.55859375 0.4794921875 0.1703125 0.216796875
2 0.4765625 0.474609375 0.034375 0.11328125
2 0.15546875000000002 0.41015625 0.07968750000000001 0.05078125
2 0.19609375 0.4091796875 0.045312500000000006 0.041015625
2 0.03828125 0.3857421875 0.0421875 0.033203125
2 0.9867187500000001 0.47265625 0.0234375 0.05078125
2 0.828125 0.4345703125 0.043750000000000004 0.044921875
