9 0.909375 0.302734375 0.078125 0.1015625
0 0.27734375 0.509765625 0.1015625 0.15625
0 0.15937500000000002 0.4892578125 0.05625 0.169921875
0 0.37812500000000004 0.5009765625 0.08750000000000001 0.177734375
0 0.4 0.505859375 0.040625 0.19140625
0 0.44296875 0.5078125 0.0390625 0.1796875
0 0.5015625 0.5087890625 0.096875 0.212890625
0 0.57578125 0.509765625 0.060937500000000006 0.1796875
0 0.5390625 0.5576171875 0.09375 0.306640625
0 0.6781250000000001 0.53515625 0.06875 0.21875
0 0.8765625 0.568359375 0.09375 0.3046875
0 0.9476562500000001 0.544921875 0.060937500000000006 0.2578125
2 0.62890625 0.4443359375 0.0421875 0.021484375
