0 0.57421875 0.5 0.07968750000000001 0.16015625
2 0.05859375 0.5146484375 0.1171875 0.134765625
2 0.24765625000000002 0.54296875 0.2515625 0.26171875
2 0.478125 0.51171875 0.17500000000000002 0.1640625
2 0.35625 0.458984375 0.037500000000000006 0.0390625
2 0.37734375000000003 0.45703125 0.0140625 0.03515625
2 0.8835937500000001 0.5673828125 0.22968750000000002 0.283203125
2 0.7523437500000001 0.494140625 0.1796875 0.17578125
2 0.6625000000000001 0.4755859375 0.10312500000000001 0.142578125
2 0.5890625 0.4814453125 0.07500000000000001 0.107421875
