0 0.81015625 0.4208984375 0.0234375 0.044921875
0 0.7664062500000001 0.419921875 0.029687500000000002 0.0390625
0 0.88828125 0.4140625 0.026562500000000003 0.03515625
0 0.27890625 0.478515625 0.029687500000000002 0.109375
1 0.2390625 0.4716796875 0.059375000000000004 0.048828125
2 0.97421875 0.5009765625 0.0484375 0.197265625
2 0.8453125 0.5068359375 0.234375 0.154296875
2 0.7093750000000001 0.4990234375 0.203125 0.138671875
2 0.609375 0.4921875 0.209375 0.12890625
2 0.54140625 0.4912109375 0.1328125 0.099609375
2 0.43281250000000004 0.4775390625 0.2 0.119140625
2 0.35468750000000004 0.4736328125 0.115625 0.107421875
