4 0.43281250000000004 0.3916015625 0.021875000000000002 0.021484375
2 0.46953125 0.4072265625 0.0203125 0.021484375
2 0.4453125 0.4208984375 0.043750000000000004 0.044921875
2 0.38906250000000003 0.4345703125 0.096875 0.091796875
2 0.48750000000000004 0.4091796875 0.025 0.033203125
2 0.5296875 0.46484375 0.12812500000000002 0.12890625
2 0.5765625 0.4091796875 0.03125 0.029296875
2 0.61640625 0.4208984375 0.045312500000000006 0.041015625
2 0.6578125 0.4130859375 0.037500000000000006 0.044921875
2 0.7328125000000001 0.4384765625 0.096875 0.107421875
2 0.7984375 0.4423828125 0.0625 0.068359375
2 0.08515625 0.529296875 0.1703125 0.44921875
