0 0.61484375 0.4794921875 0.0140625 0.056640625
2 0.12734375 0.546875 0.1484375 0.16015625
2 0.0140625 0.5234375 0.028125 0.140625
2 0.5328125 0.544921875 0.134375 0.11328125
2 0.43281250000000004 0.5029296875 0.109375 0.083984375
2 0.46875 0.4853515625 0.059375000000000004 0.044921875
2 0.49921875000000004 0.4775390625 0.0390625 0.025390625
2 0.5171875 0.46484375 0.07500000000000001 0.046875
2 0.58046875 0.4775390625 0.0546875 0.060546875
2 0.65625 0.498046875 0.065625 0.0625
2 0.6312500000000001 0.462890625 0.021875000000000002 0.0234375
2 0.6515625 0.4580078125 0.028125 0.017578125
2 0.703125 0.47265625 0.053125000000000006 0.046875
2 0.7039062500000001 0.4443359375 0.029687500000000002 0.013671875
2 0.7367187500000001 0.4501953125 0.0140625 0.025390625
2 0.95859375 0.5341796875 0.07968750000000001 0.103515625
2 0.9421875000000001 0.5166015625 0.078125 0.091796875
2 0.9085937500000001 0.4853515625 0.0484375 0.072265625
2 0.8859375 0.4755859375 0.021875000000000002 0.037109375
2 0.875 0.474609375 0.021875000000000002 0.04296875
2 0.8625 0.470703125 0.015625 0.03515625
2 0.8539062500000001 0.4638671875 0.0171875 0.029296875
2 0.8445312500000001 0.455078125 0.010937500000000001 0.01953125
2 0.77109375 0.4453125 0.0171875 0.015625
