7 0.38593750000000004 0.3994140625 0.009375000000000001 0.029296875
7 0.39609375 0.427734375 0.0078125 0.01171875
7 0.7132812500000001 0.4013671875 0.0078125 0.025390625
7 0.7117187500000001 0.4248046875 0.0078125 0.009765625
9 0.8656250000000001 0.380859375 0.053125000000000006 0.05078125
9 0.24921875000000002 0.4150390625 0.010937500000000001 0.021484375
0 0.13593750000000002 0.451171875 0.018750000000000003 0.01953125
0 0.010937500000000001 0.4775390625 0.021875000000000002 0.064453125
0 0.03828125 0.4716796875 0.0234375 0.033203125
1 0.73828125 0.54296875 0.0328125 0.0703125
2 0.09296875 0.5380859375 0.1859375 0.154296875
2 0.22578125000000002 0.51171875 0.1078125 0.11328125
2 0.58203125 0.455078125 0.029687500000000002 0.02734375
2 0.60078125 0.4462890625 0.0140625 0.017578125
0 0.73828125 0.51953125 0.029687500000000002 0.0859375
