0 0.571875 0.470703125 0.021875000000000002 0.0625
0 0.77890625 0.5029296875 0.0578125 0.091796875
0 0.73359375 0.4677734375 0.026562500000000003 0.076171875
0 0.69921875 0.470703125 0.0171875 0.0859375
0 0.6828125 0.4638671875 0.0125 0.060546875
0 0.6687500000000001 0.46875 0.015625 0.0703125
0 0.65 0.4609375 0.0125 0.0625
0 0.63828125 0.462890625 0.010937500000000001 0.05859375
1 0.8703125 0.5546875 0.115625 0.15234375
2 0.8148437500000001 0.455078125 0.0578125 0.046875
8 0.06640625 0.46484375 0.0078125 0.0234375
9 0.6507812500000001 0.38671875 0.026562500000000003 0.03125
