1 0.60078125 0.505859375 0.026562500000000003 0.0546875
1 0.63671875 0.5126953125 0.026562500000000003 0.064453125
1 0.6960937500000001 0.52734375 0.029687500000000002 0.078125
1 0.8054687500000001 0.5458984375 0.0484375 0.095703125
1 0.91015625 0.5634765625 0.0671875 0.134765625
2 0.4609375 0.4677734375 0.021875000000000002 0.021484375
2 0.70703125 0.4892578125 0.0765625 0.033203125
2 0.15546875000000002 0.458984375 0.09531250000000001 0.046875
2 0.060937500000000006 0.4609375 0.096875 0.06640625
0 0.60078125 0.4833984375 0.026562500000000003 0.080078125
0 0.63671875 0.4912109375 0.026562500000000003 0.083984375
0 0.6960937500000001 0.501953125 0.029687500000000002 0.09765625
0 0.8046875 0.5126953125 0.05 0.134765625
0 0.9148437500000001 0.51171875 0.06406250000000001 0.17578125
9 0.48046875 0.453125 0.0078125 0.0078125
2 0.43671875000000004 0.4482421875 0.010937500000000001 0.009765625
