0 0.44375000000000003 0.4619140625 0.0125 0.033203125
0 0.73046875 0.533203125 0.0328125 0.13671875
0 0.7601562500000001 0.498046875 0.0484375 0.1015625
2 0.0578125 0.5595703125 0.115625 0.201171875
2 0.20703125 0.458984375 0.0671875 0.05859375
2 0.22421875000000002 0.455078125 0.0671875 0.0625
2 0.27265625 0.4560546875 0.051562500000000004 0.052734375
2 0.2859375 0.4501953125 0.05 0.048828125
2 0.34375 0.458984375 0.06875 0.0390625
2 0.3609375 0.45703125 0.053125000000000006 0.04296875
2 0.37343750000000003 0.4541015625 0.046875 0.041015625
2 0.42265625 0.4609375 0.0328125 0.03125
2 0.45156250000000003 0.4619140625 0.025 0.029296875
2 0.47109375000000003 0.458984375 0.0203125 0.0234375
2 0.90625 0.6396484375 0.184375 0.279296875
2 0.81953125 0.5703125 0.17343750000000002 0.16015625
2 0.728125 0.5068359375 0.109375 0.119140625
2 0.6734375 0.5029296875 0.03125 0.083984375
2 0.65625 0.49609375 0.037500000000000006 0.0625
2 0.63984375 0.4912109375 0.035937500000000004 0.056640625
2 0.6171875 0.4814453125 0.037500000000000006 0.037109375
2 0.6117187500000001 0.47265625 0.0390625 0.0390625
2 0.56640625 0.46484375 0.026562500000000003 0.02734375
2 0.51171875 0.4599609375 0.0140625 0.013671875
2 0.5203125000000001 0.4599609375 0.00625 0.013671875
2 0.5265625 0.458984375 0.00625 0.01171875
2 0.5328125 0.4560546875 0.009375000000000001 0.009765625
2 0.5398437500000001 0.455078125 0.004687500000000001 0.01171875
2 0.48671875000000003 0.4599609375 0.010937500000000001 0.021484375
2 0.59140625 0.46875 0.010937500000000001 0.03125
2 0.5828125000000001 0.4677734375 0.0125 0.029296875
