9 0.46953125 0.2158203125 0.1203125 0.044921875
9 0.48671875000000003 0.1650390625 0.0921875 0.056640625
0 0.42265625 0.4267578125 0.045312500000000006 0.173828125
0 0.51015625 0.4208984375 0.0328125 0.115234375
0 0.6117187500000001 0.41015625 0.010937500000000001 0.03515625
3 0.7953125000000001 0.740234375 0.40625 0.515625
2 0.5750000000000001 0.4150390625 0.0625 0.044921875
2 0.6429687500000001 0.4267578125 0.0734375 0.048828125
2 0.68671875 0.4404296875 0.0421875 0.064453125
2 0.7515625 0.4384765625 0.115625 0.087890625
2 0.80234375 0.4716796875 0.0859375 0.095703125
2 0.90625 0.501953125 0.184375 0.1484375
