0 0.2734375 0.462890625 0.0125 0.04296875
0 0.2625 0.46484375 0.009375000000000001 0.04296875
0 0.565625 0.453125 0.015625 0.04296875
0 0.578125 0.44921875 0.0125 0.04296875
0 0.5859375 0.451171875 0.009375000000000001 0.03515625
0 0.59296875 0.44921875 0.010937500000000001 0.03515625
0 0.51328125 0.4404296875 0.004687500000000001 0.017578125
0 0.5328125 0.44140625 0.00625 0.015625
0 0.5398437500000001 0.4384765625 0.0078125 0.021484375
1 0.38828125 0.4853515625 0.0140625 0.033203125
1 0.7976562500000001 0.5068359375 0.08281250000000001 0.048828125
2 0.96484375 0.890625 0.0671875 0.21484375
2 0.6984375 0.58203125 0.19687500000000002 0.171875
2 0.628125 0.5361328125 0.1125 0.115234375
2 0.59921875 0.509765625 0.0890625 0.08984375
2 0.7250000000000001 0.4677734375 0.11875000000000001 0.080078125
2 0.8265625000000001 0.45703125 0.10312500000000001 0.0703125
2 0.1328125 0.64453125 0.265625 0.2578125
2 0.17734375000000002 0.505859375 0.1171875 0.05859375
2 0.1609375 0.4609375 0.0625 0.03515625
2 0.353125 0.4677734375 0.037500000000000006 0.041015625
2 0.30390625000000004 0.45703125 0.035937500000000004 0.0390625
2 0.325 0.4580078125 0.018750000000000003 0.033203125
2 0.42500000000000004 0.4619140625 0.03125 0.029296875
2 0.40625 0.4580078125 0.015625 0.029296875
2 0.390625 0.453125 0.018750000000000003 0.0234375
2 0.37812500000000004 0.4560546875 0.0125 0.021484375
2 0.51171875 0.46484375 0.0703125 0.03125
2 0.553125 0.4521484375 0.034375 0.037109375
0 0.38828125 0.47265625 0.0140625 0.046875
9 0.603125 0.38671875 0.021875000000000002 0.02734375
9 0.603125 0.40625 0.009375000000000001 0.0078125
