7 0.16796875 0.09765625 0.0703125 0.18359375
7 0.1203125 0.1494140625 0.053125000000000006 0.072265625
7 0.36875 0.26171875 0.018750000000000003 0.046875
7 0.30781250000000004 0.33203125 0.009375000000000001 0.03125
7 0.25078125 0.306640625 0.0140625 0.0234375
7 0.56015625 0.3408203125 0.0078125 0.025390625
7 0.55234375 0.33984375 0.0078125 0.0234375
7 0.571875 0.3427734375 0.00625 0.021484375
9 0.1625 0.25390625 0.0625 0.09375
0 0.39765625000000004 0.435546875 0.0484375 0.15234375
0 0.5109375 0.3974609375 0.018750000000000003 0.056640625
0 0.496875 0.3916015625 0.021875000000000002 0.060546875
0 0.55703125 0.3974609375 0.0203125 0.060546875
0 0.85859375 0.4228515625 0.010937500000000001 0.048828125
0 0.8250000000000001 0.4150390625 0.009375000000000001 0.033203125
0 0.7937500000000001 0.4140625 0.0125 0.03515625
0 0.7820312500000001 0.4091796875 0.0078125 0.029296875
0 0.7734375 0.41015625 0.009375000000000001 0.03125
0 0.76328125 0.4072265625 0.010937500000000001 0.033203125
0 0.734375 0.404296875 0.00625 0.02734375
0 0.72265625 0.400390625 0.0078125 0.02734375
0 0.6507812500000001 0.3974609375 0.010937500000000001 0.029296875
0 0.74609375 0.4072265625 0.010937500000000001 0.037109375
0 0.35546875 0.3857421875 0.029687500000000002 0.095703125
0 0.234375 0.4365234375 0.05625 0.193359375
0 0.2765625 0.40625 0.040625 0.140625
0 0.31093750000000003 0.400390625 0.021875000000000002 0.09765625
1 0.07421875 0.7529296875 0.1484375 0.388671875
6 0.6039062500000001 0.376953125 0.0484375 0.0703125
2 0.6671875 0.396484375 0.021875000000000002 0.02734375
2 0.70234375 0.400390625 0.0328125 0.02734375
2 0.546875 0.3876953125 0.040625 0.041015625
0 0.0765625 0.5595703125 0.153125 0.544921875
