9 0.13359375 0.43359375 0.0140625 0.01953125
9 0.16562500000000002 0.41796875 0.015625 0.01953125
9 0.5593750000000001 0.3896484375 0.018750000000000003 0.029296875
2 0.19062500000000002 0.4892578125 0.0625 0.056640625
2 0.215625 0.482421875 0.037500000000000006 0.05078125
2 0.23984375000000002 0.4716796875 0.029687500000000002 0.029296875
2 0.30625 0.46875 0.025 0.0234375
2 0.29531250000000003 0.4658203125 0.018750000000000003 0.025390625
2 0.32734375000000004 0.4697265625 0.0328125 0.029296875
2 0.34765625 0.470703125 0.0390625 0.03125
2 0.37421875000000004 0.4716796875 0.0390625 0.033203125
2 0.40390625 0.4697265625 0.0390625 0.037109375
2 0.43515625 0.46875 0.0484375 0.04296875
2 0.46015625000000004 0.4736328125 0.035937500000000004 0.048828125
2 0.49765625 0.466796875 0.06406250000000001 0.06640625
2 0.53046875 0.484375 0.08281250000000001 0.078125
2 0.278125 0.4580078125 0.0125 0.013671875
2 0.25390625 0.4599609375 0.0140625 0.013671875
2 0.2609375 0.45703125 0.015625 0.01953125
