4 0.5328125 0.3720703125 0.078125 0.103515625
4 0.8718750000000001 0.38671875 0.253125 0.7734375
0 0.240625 0.4033203125 0.021875000000000002 0.099609375
0 0.2703125 0.3994140625 0.025 0.083984375
0 0.74140625 0.4306640625 0.010937500000000001 0.048828125
0 0.753125 0.427734375 0.0125 0.05859375
0 0.7664062500000001 0.4306640625 0.0140625 0.056640625
0 0.77890625 0.439453125 0.0171875 0.06640625
0 0.71640625 0.4306640625 0.0140625 0.056640625
0 0.29531250000000003 0.4013671875 0.021875000000000002 0.076171875
2 0.39140625 0.4248046875 0.1203125 0.142578125
2 0.46171875 0.416015625 0.035937500000000004 0.09765625
2 0.5640625 0.4111328125 0.040625 0.048828125
2 0.62890625 0.4423828125 0.1203125 0.142578125
2 0.48125 0.3984375 0.015625 0.046875
