9 0.41718750000000004 0.4140625 0.0125 0.015625
9 0.6890625 0.357421875 0.03125 0.01171875
9 0.6882812500000001 0.3828125 0.0234375 0.02734375
9 0.6898437500000001 0.3994140625 0.010937500000000001 0.009765625
0 0.31171875000000004 0.4951171875 0.026562500000000003 0.095703125
0 0.33984375 0.4931640625 0.026562500000000003 0.091796875
0 0.56875 0.5 0.028125 0.109375
2 0.11484375000000001 0.53515625 0.1390625 0.1484375
2 0.03359375 0.53515625 0.0671875 0.203125
2 0.22265625 0.515625 0.11406250000000001 0.109375
2 0.38203125000000004 0.4638671875 0.0671875 0.048828125
2 0.32265625000000003 0.4521484375 0.060937500000000006 0.037109375
2 0.50703125 0.4716796875 0.0390625 0.037109375
2 0.52890625 0.4736328125 0.0140625 0.025390625
2 0.540625 0.474609375 0.015625 0.0234375
2 0.54609375 0.46484375 0.0203125 0.015625
2 0.5546875 0.4736328125 0.009375000000000001 0.021484375
2 0.8734375000000001 0.6728515625 0.25 0.357421875
2 0.9671875000000001 0.869140625 0.0625 0.2578125
2 0.7203125 0.5458984375 0.15000000000000002 0.138671875
2 0.65390625 0.5263671875 0.0734375 0.111328125
0 0.609375 0.5107421875 0.05625 0.173828125
0 0.58046875 0.4912109375 0.0140625 0.103515625
15 0.5710937500000001 0.55859375 0.0140625 0.0078125
15 0.58125 0.544921875 0.0125 0.0078125
15 0.6062500000000001 0.6015625 0.021875000000000002 0.01171875
