9 0.5390625 0.408203125 0.00625 0.01171875
9 0.1875 0.3798828125 0.028125 0.033203125
9 0.18515625000000002 0.4052734375 0.0234375 0.017578125
0 0.66015625 0.451171875 0.0171875 0.03515625
0 0.5945312500000001 0.43359375 0.010937500000000001 0.01953125
0 0.71640625 0.4638671875 0.0140625 0.041015625
0 0.7054687500000001 0.4599609375 0.010937500000000001 0.033203125
0 0.7210937500000001 0.4580078125 0.010937500000000001 0.037109375
0 0.7078125000000001 0.4482421875 0.009375000000000001 0.017578125
0 0.7523437500000001 0.4736328125 0.0328125 0.091796875
0 0.7679687500000001 0.451171875 0.0140625 0.03515625
0 0.790625 0.443359375 0.018750000000000003 0.03515625
0 0.7914062500000001 0.482421875 0.026562500000000003 0.0625
0 0.8015625000000001 0.4853515625 0.025 0.056640625
0 0.82421875 0.4765625 0.0203125 0.0390625
0 0.9906250000000001 0.4853515625 0.015625 0.099609375
0 0.40546875000000004 0.4306640625 0.0078125 0.017578125
0 0.209375 0.4580078125 0.0125 0.033203125
0 0.48046875 0.4287109375 0.004687500000000001 0.009765625
0 0.82421875 0.44140625 0.0171875 0.03515625
0 0.51484375 0.4384765625 0.010937500000000001 0.021484375
1 0.171875 0.48828125 0.021875000000000002 0.04296875
1 0.2234375 0.48046875 0.034375 0.03515625
1 0.628125 0.4755859375 0.021875000000000002 0.044921875
1 0.6531250000000001 0.474609375 0.034375 0.046875
1 0.38359375 0.4482421875 0.0078125 0.017578125
1 0.43125 0.50390625 0.021875000000000002 0.0625
1 0.060937500000000006 0.552734375 0.096875 0.078125
3 0.5890625 0.4755859375 0.0625 0.048828125
2 0.43828125 0.4345703125 0.0203125 0.021484375
2 0.4578125 0.4296875 0.0125 0.01171875
2 0.4703125 0.4296875 0.015625 0.01171875
2 0.45 0.4296875 0.00625 0.0078125
2 0.51484375 0.4345703125 0.026562500000000003 0.029296875
2 0.5 0.431640625 0.0125 0.015625
2 0.48984375 0.431640625 0.0078125 0.01171875
2 0.540625 0.4580078125 0.021875000000000002 0.044921875
2 0.5320312500000001 0.451171875 0.0171875 0.03515625
2 0.5281250000000001 0.44921875 0.0125 0.03515625
2 0.5703125 0.462890625 0.059375000000000004 0.0625
2 0.6421875 0.66015625 0.30000000000000004 0.328125
0 0.05078125 0.5205078125 0.0578125 0.099609375
0 0.38359375 0.44140625 0.010937500000000001 0.01953125
0 0.42890625000000004 0.4853515625 0.029687500000000002 0.083984375
8 0.3765625 0.4443359375 0.003125 0.009765625
