1 0.7625000000000001 0.603515625 0.06875 0.15234375
1 0.696875 0.5654296875 0.065625 0.142578125
2 0.27890625 0.515625 0.1609375 0.11328125
2 0.36484375 0.490234375 0.09531250000000001 0.1015625
2 0.43359375 0.482421875 0.0546875 0.0546875
2 0.4609375 0.4794921875 0.021875000000000002 0.048828125
2 0.46484375 0.4716796875 0.045312500000000006 0.056640625
2 0.49453125000000003 0.470703125 0.0171875 0.0390625
2 0.50703125 0.470703125 0.010937500000000001 0.02734375
2 0.5234375 0.46484375 0.018750000000000003 0.01953125
2 0.5359375000000001 0.46484375 0.009375000000000001 0.01953125
2 0.5437500000000001 0.466796875 0.00625 0.015625
2 0.54921875 0.466796875 0.004687500000000001 0.01171875
2 0.81640625 0.5498046875 0.1640625 0.146484375
2 0.6648437500000001 0.4970703125 0.0390625 0.060546875
2 0.64609375 0.482421875 0.0328125 0.04296875
2 0.63046875 0.48046875 0.0171875 0.03515625
2 0.6203125 0.47265625 0.015625 0.03515625
2 0.6062500000000001 0.4697265625 0.018750000000000003 0.021484375
2 0.59140625 0.4677734375 0.010937500000000001 0.021484375
2 0.57734375 0.4619140625 0.0078125 0.009765625
2 0.065625 0.498046875 0.13125 0.171875
0 0.7671875 0.5322265625 0.07187500000000001 0.185546875
0 0.6960937500000001 0.5224609375 0.06406250000000001 0.197265625
