4 0.39765625000000004 0.4296875 0.1921875 0.078125
4 0.6156250000000001 0.44140625 0.246875 0.07421875
4 0.75390625 0.4375 0.0578125 0.05859375
0 0.1046875 0.5146484375 0.05625 0.130859375
0 0.3140625 0.5029296875 0.043750000000000004 0.150390625
0 0.9390625 0.5146484375 0.05625 0.154296875
0 0.7828125 0.470703125 0.015625 0.0546875
0 0.80078125 0.47265625 0.0140625 0.05078125
0 0.8148437500000001 0.47265625 0.0234375 0.06640625
0 0.83125 0.474609375 0.015625 0.05078125
0 0.5750000000000001 0.4638671875 0.018750000000000003 0.041015625
0 0.45078125 0.458984375 0.0171875 0.03515625
0 0.55859375 0.4560546875 0.0203125 0.025390625
0 0.46796875000000004 0.46875 0.0140625 0.04296875
0 0.48281250000000003 0.4697265625 0.0125 0.033203125
1 0.36250000000000004 0.5361328125 0.059375000000000004 0.083984375
1 0.29531250000000003 0.521484375 0.046875 0.0546875
6 0.09843750000000001 0.4619140625 0.19687500000000002 0.162109375
2 0.41796875 0.5078125 0.1171875 0.09375
2 0.53125 0.4990234375 0.12812500000000002 0.080078125
2 0.6726562500000001 0.486328125 0.1296875 0.08984375
2 0.753125 0.4833984375 0.053125000000000006 0.052734375
2 0.8859375 0.4765625 0.078125 0.05859375
0 0.36171875000000003 0.49609375 0.0484375 0.125
