0 0.24531250000000002 0.4912109375 0.034375 0.111328125
0 0.15937500000000002 0.4970703125 0.028125 0.111328125
0 0.12734375 0.5107421875 0.0421875 0.169921875
0 0.05859375 0.5166015625 0.051562500000000004 0.166015625
2 0.496875 0.4833984375 0.06875 0.060546875
2 0.45390625 0.4658203125 0.0421875 0.048828125
2 0.41796875 0.4599609375 0.026562500000000003 0.029296875
2 0.32656250000000003 0.466796875 0.021875000000000002 0.0234375
2 0.34375 0.4609375 0.015625 0.015625
2 0.35390625000000003 0.4599609375 0.0078125 0.013671875
2 0.36015625 0.458984375 0.0078125 0.01171875
