7 0.4890625 0.3330078125 0.009375000000000001 0.025390625
7 0.42031250000000003 0.3388671875 0.009375000000000001 0.025390625
7 0.6101562500000001 0.4033203125 0.010937500000000001 0.013671875
7 0.5875 0.3857421875 0.009375000000000001 0.025390625
7 0.34609375000000003 0.29296875 0.0140625 0.03515625
7 0.26875 0.2939453125 0.0125 0.037109375
7 0.07109375 0.3427734375 0.0078125 0.025390625
7 0.1390625 0.384765625 0.009375000000000001 0.02734375
7 0.13515625 0.4140625 0.0078125 0.01171875
7 0.15625 0.3798828125 0.0125 0.037109375
7 0.15625 0.4130859375 0.009375000000000001 0.013671875
7 0.64765625 0.3896484375 0.0078125 0.021484375
7 0.68359375 0.4111328125 0.0078125 0.013671875
7 0.6796875 0.380859375 0.009375000000000001 0.0234375
9 0.53515625 0.361328125 0.0390625 0.01171875
9 0.434375 0.330078125 0.009375000000000001 0.01171875
9 0.61484375 0.375 0.010937500000000001 0.02734375
9 0.628125 0.3740234375 0.009375000000000001 0.017578125
9 0.22109375 0.3330078125 0.0546875 0.017578125
9 0.32656250000000003 0.2841796875 0.015625 0.025390625
9 0.2421875 0.3935546875 0.009375000000000001 0.025390625
2 0.11953125 0.4765625 0.1203125 0.08984375
2 0.43671875000000004 0.490234375 0.1640625 0.16015625
2 0.3484375 0.4482421875 0.034375 0.033203125
2 0.5109375 0.4375 0.018750000000000003 0.01953125
