9 0.49921875000000004 0.4052734375 0.0140625 0.021484375
6 0.4578125 0.4501953125 0.059375000000000004 0.064453125
2 0.4625 0.466796875 0.05 0.04296875
2 0.42812500000000003 0.4599609375 0.009375000000000001 0.029296875
2 0.415625 0.4521484375 0.021875000000000002 0.025390625
2 0.33906250000000004 0.453125 0.015625 0.015625
2 0.26328125 0.4638671875 0.060937500000000006 0.060546875
2 0.13125 0.4638671875 0.07500000000000001 0.033203125
2 0.22109375 0.45703125 0.0328125 0.02734375
2 0.35468750000000004 0.4453125 0.0125 0.015625
