7 0.25234375000000003 0.171875 0.0140625 0.0546875
7 0.46406250000000004 0.3076171875 0.0125 0.048828125
7 0.44609375 0.3115234375 0.010937500000000001 0.048828125
7 0.46718750000000003 0.369140625 0.018750000000000003 0.01953125
7 0.9140625 0.1728515625 0.05625 0.087890625
9 0.45156250000000003 0.2216796875 0.03125 0.021484375
9 0.4765625 0.349609375 0.03125 0.01171875
9 0.9765625 0.0458984375 0.043750000000000004 0.068359375
0 0.8851562500000001 0.4013671875 0.0140625 0.041015625
0 0.8210937500000001 0.46484375 0.045312500000000006 0.171875
0 0.659375 0.4638671875 0.046875 0.119140625
0 0.42812500000000003 0.44921875 0.0125 0.05078125
6 0.26875 0.435546875 0.03125 0.04296875
2 0.9460937500000001 0.4267578125 0.1046875 0.060546875
2 0.828125 0.412109375 0.07187500000000001 0.03125
2 0.7171875000000001 0.4443359375 0.084375 0.068359375
2 0.56640625 0.4306640625 0.0390625 0.076171875
2 0.5203125000000001 0.4365234375 0.034375 0.044921875
2 0.340625 0.4453125 0.034375 0.03515625
2 0.32109375 0.4443359375 0.010937500000000001 0.029296875
2 0.21250000000000002 0.455078125 0.0625 0.06640625
2 0.09843750000000001 0.466796875 0.1625 0.14453125
2 0.010937500000000001 0.4609375 0.021875000000000002 0.078125
2 0.2984375 0.443359375 0.03125 0.03515625
2 0.2484375 0.44921875 0.018750000000000003 0.03515625
2 0.26328125 0.4423828125 0.0234375 0.033203125
