7 0.421875 0.44921875 0.003125 0.0078125
9 0.44609375 0.4482421875 0.004687500000000001 0.005859375
9 0.42734375 0.4482421875 0.004687500000000001 0.005859375
9 0.55078125 0.40625 0.026562500000000003 0.03515625
9 0.5906250000000001 0.4033203125 0.009375000000000001 0.017578125
9 0.8070312500000001 0.2509765625 0.0578125 0.083984375
9 0.8031250000000001 0.3203125 0.03125 0.05078125
9 0.8601562500000001 0.416015625 0.0328125 0.078125
9 0.39765625000000004 0.4599609375 0.004687500000000001 0.005859375
9 0.39765625000000004 0.46484375 0.004687500000000001 0.00390625
9 0.86484375 0.4765625 0.0203125 0.03125
0 0.9617187500000001 0.49609375 0.0421875 0.1875
2 0.025 0.5205078125 0.05 0.091796875
2 0.06484375 0.51171875 0.0703125 0.0859375
2 0.10625000000000001 0.509765625 0.043750000000000004 0.06640625
2 0.18046875 0.494140625 0.0421875 0.03125
2 0.2578125 0.484375 0.025 0.01953125
2 0.34140625 0.4853515625 0.035937500000000004 0.037109375
2 0.40859375000000003 0.47265625 0.010937500000000001 0.01171875
2 0.43203125000000003 0.4697265625 0.0140625 0.013671875
2 0.45156250000000003 0.4697265625 0.0125 0.013671875
2 0.240625 0.4853515625 0.015625 0.017578125
2 0.38046875 0.474609375 0.035937500000000004 0.01953125
