7 0.04453125 0.3544921875 0.0140625 0.052734375
7 0.7273437500000001 0.3564453125 0.010937500000000001 0.048828125
9 0.047656250000000004 0.408203125 0.0234375 0.046875
9 0.7171875000000001 0.4130859375 0.025 0.048828125
9 0.64375 0.390625 0.015625 0.0234375
9 0.64375 0.4140625 0.009375000000000001 0.0234375
0 0.03671875 0.50390625 0.026562500000000003 0.1015625
0 0.8812500000000001 0.4658203125 0.0125 0.037109375
0 0.8953125000000001 0.458984375 0.015625 0.05078125
0 0.309375 0.4658203125 0.009375000000000001 0.017578125
2 0.36328125 0.470703125 0.0234375 0.01953125
2 0.328125 0.4833984375 0.043750000000000004 0.033203125
2 0.278125 0.490234375 0.05625 0.046875
2 0.5164062500000001 0.4873046875 0.0421875 0.041015625
2 0.8304687500000001 0.5107421875 0.3359375 0.150390625
0 0.7976562500000001 0.4716796875 0.0390625 0.033203125
0 0.30078125 0.4716796875 0.010937500000000001 0.017578125
