9 0.8187500000000001 0.369140625 0.018750000000000003 0.046875
0 0.48203125 0.4609375 0.0234375 0.08203125
0 0.51953125 0.4599609375 0.0171875 0.068359375
0 0.5359375000000001 0.48046875 0.03125 0.1328125
0 0.56015625 0.490234375 0.026562500000000003 0.13671875
0 0.59375 0.4892578125 0.046875 0.150390625
0 0.65546875 0.4921875 0.0390625 0.1484375
0 0.76171875 0.5576171875 0.1171875 0.341796875
0 0.875 0.544921875 0.12812500000000002 0.37890625
0 0.5921875 0.4833984375 0.040625 0.134765625
2 0.18281250000000002 0.4541015625 0.109375 0.091796875
2 0.16796875 0.4951171875 0.0671875 0.107421875
2 0.078125 0.48828125 0.15625 0.25390625
2 0.0125 0.572265625 0.025 0.19140625
2 0.32656250000000003 0.5732421875 0.309375 0.302734375
2 0.70703125 0.4638671875 0.0859375 0.095703125
2 0.759375 0.4892578125 0.18125000000000002 0.138671875
2 0.9070312500000001 0.5234375 0.18281250000000002 0.2890625
