4 0.48671875000000003 0.4365234375 0.0765625 0.091796875
4 0.525 0.439453125 0.03125 0.06640625
4 0.5437500000000001 0.435546875 0.018750000000000003 0.05078125
7 0.8656250000000001 0.38671875 0.0125 0.03515625
7 0.2171875 0.4482421875 0.009375000000000001 0.025390625
2 0.14375000000000002 0.529296875 0.10312500000000001 0.08203125
2 0.21640625000000002 0.521484375 0.051562500000000004 0.0546875
2 0.2578125 0.5068359375 0.046875 0.037109375
2 0.31328125 0.5986328125 0.2265625 0.181640625
2 0.34453125 0.49609375 0.0484375 0.02734375
2 0.4265625 0.5380859375 0.11875000000000001 0.107421875
2 0.4921875 0.513671875 0.09375 0.09375
2 0.39765625000000004 0.490234375 0.0578125 0.0390625
2 0.53125 0.5 0.059375000000000004 0.08203125
2 0.55625 0.4921875 0.034375 0.0625
2 0.5703125 0.484375 0.040625 0.05859375
2 0.59375 0.4716796875 0.025 0.048828125
2 0.6117187500000001 0.462890625 0.0203125 0.0234375
2 0.7835937500000001 0.5771484375 0.2328125 0.244140625
2 0.71484375 0.51953125 0.1421875 0.1796875
2 0.6359375 0.509765625 0.05625 0.10546875
2 0.9539062500000001 0.537109375 0.0890625 0.16796875
2 0.9140625 0.505859375 0.10312500000000001 0.1015625
