0 0.95703125 0.548828125 0.0734375 0.265625
0 0.8289062500000001 0.546875 0.07968750000000001 0.24609375
0 0.7390625000000001 0.5439453125 0.06875 0.251953125
0 0.6078125000000001 0.5087890625 0.018750000000000003 0.076171875
0 0.5867187500000001 0.509765625 0.029687500000000002 0.109375
0 0.56171875 0.5185546875 0.026562500000000003 0.138671875
0 0.54296875 0.51171875 0.0234375 0.09765625
0 0.5164062500000001 0.4970703125 0.0171875 0.052734375
0 0.49765625 0.5 0.0140625 0.0546875
0 0.48203125 0.498046875 0.0140625 0.0546875
0 0.47265625 0.494140625 0.0078125 0.03515625
0 0.46171875 0.494140625 0.0078125 0.0234375
2 0.36640625000000004 0.5068359375 0.045312500000000006 0.048828125
2 0.38046875 0.49609375 0.0390625 0.046875
2 0.43281250000000004 0.505859375 0.034375 0.03515625
2 0.42109375000000004 0.4892578125 0.0203125 0.017578125
2 0.40546875000000004 0.494140625 0.0140625 0.015625
