7 0.11015625000000001 0.4609375 0.010937500000000001 0.03515625
7 0.36640625000000004 0.4833984375 0.010937500000000001 0.029296875
7 0.8656250000000001 0.4736328125 0.0125 0.037109375
7 0.78828125 0.5859375 0.026562500000000003 0.08984375
7 0.7875000000000001 0.224609375 0.053125000000000006 0.16015625
7 0.940625 0.337890625 0.043750000000000004 0.09765625
9 0.01640625 0.466796875 0.0171875 0.03125
9 0.31328125 0.4970703125 0.0140625 0.017578125
9 0.31328125 0.5107421875 0.010937500000000001 0.005859375
9 0.31328125 0.51953125 0.010937500000000001 0.01171875
9 0.49921875000000004 0.4990234375 0.0390625 0.009765625
9 0.51796875 0.513671875 0.0390625 0.01171875
9 0.59140625 0.515625 0.0140625 0.01953125
9 0.6218750000000001 0.5107421875 0.028125 0.009765625
9 0.7921875 0.37109375 0.09062500000000001 0.11328125
0 0.9234375 0.673828125 0.134375 0.26953125
0 0.41953125 0.560546875 0.0140625 0.05078125
0 0.47109375000000003 0.564453125 0.0171875 0.05859375
0 0.49062500000000003 0.564453125 0.015625 0.05859375
0 0.503125 0.560546875 0.009375000000000001 0.046875
0 0.51328125 0.564453125 0.010937500000000001 0.046875
0 0.153125 0.548828125 0.009375000000000001 0.02734375
2 0.9640625 0.5791015625 0.06875 0.103515625
