7 0.846875 0.193359375 0.034375 0.08203125
7 0.8046875 0.2119140625 0.028125 0.076171875
7 0.34140625 0.01953125 0.026562500000000003 0.0390625
7 0.52734375 0.01953125 0.026562500000000003 0.0390625
7 0.8148437500000001 0.2783203125 0.0234375 0.025390625
9 0.6875 0.39453125 0.018750000000000003 0.01953125
9 0.6890625 0.4091796875 0.015625 0.009765625
9 0.5359375000000001 0.431640625 0.0125 0.015625
9 0.41796875 0.0146484375 0.0671875 0.029296875
9 0.8601562500000001 0.298828125 0.035937500000000004 0.0390625
1 0.6570312500000001 0.509765625 0.026562500000000003 0.07421875
0 0.65546875 0.47265625 0.0328125 0.11328125
