0 0.55625 0.44921875 0.009375000000000001 0.03515625
0 0.6429687500000001 0.4501953125 0.0140625 0.021484375
2 0.50625 0.4228515625 0.00625 0.009765625
2 0.49453125000000003 0.4267578125 0.010937500000000001 0.013671875
2 0.48359375000000004 0.4287109375 0.0140625 0.017578125
2 0.47265625 0.4404296875 0.0171875 0.021484375
2 0.4578125 0.4482421875 0.025 0.029296875
2 0.43828125 0.4501953125 0.029687500000000002 0.033203125
2 0.41796875 0.46484375 0.029687500000000002 0.05078125
2 0.41171875 0.4345703125 0.029687500000000002 0.009765625
2 0.38828125 0.470703125 0.0484375 0.05859375
2 0.33125000000000004 0.490234375 0.084375 0.1015625
2 0.26015625000000003 0.4560546875 0.045312500000000006 0.025390625
2 0.30234375 0.513671875 0.0765625 0.1171875
2 0.1484375 0.4814453125 0.08750000000000001 0.056640625
2 0.20859375000000002 0.5400390625 0.1609375 0.150390625
2 0.5437500000000001 0.4248046875 0.009375000000000001 0.009765625
2 0.5359375000000001 0.4306640625 0.015625 0.017578125
2 0.55625 0.435546875 0.021875000000000002 0.0234375
2 0.5906250000000001 0.431640625 0.018750000000000003 0.01953125
2 0.62265625 0.4462890625 0.035937500000000004 0.037109375
2 0.64609375 0.4384765625 0.0546875 0.029296875
2 0.6453125000000001 0.447265625 0.034375 0.02734375
2 0.68671875 0.4443359375 0.0546875 0.029296875
2 0.734375 0.453125 0.065625 0.03125
2 0.6414062500000001 0.4970703125 0.0734375 0.072265625
2 0.7203125 0.541015625 0.13125 0.1171875
2 0.94453125 0.7880859375 0.1078125 0.240234375
1 0.55625 0.45703125 0.0125 0.0234375
