7 0.8093750000000001 0.267578125 0.025 0.06640625
7 0.821875 0.341796875 0.021875000000000002 0.02734375
7 0.534375 0.35546875 0.021875000000000002 0.02734375
7 0.53828125 0.2958984375 0.0171875 0.060546875
9 0.87109375 0.3232421875 0.0484375 0.013671875
9 0.81640625 0.314453125 0.029687500000000002 0.01953125
9 0.46875 0.3701171875 0.0125 0.021484375
0 0.6742187500000001 0.455078125 0.0484375 0.12890625
0 0.5515625000000001 0.45703125 0.03125 0.1015625
0 0.54453125 0.4609375 0.0390625 0.09765625
0 0.5078125 0.4482421875 0.025 0.091796875
0 0.4109375 0.458984375 0.05 0.11328125
0 0.35078125000000004 0.4580078125 0.0484375 0.111328125
0 0.3125 0.4677734375 0.046875 0.107421875
0 0.11953125 0.466796875 0.0421875 0.10546875
0 0.07578125000000001 0.46484375 0.0421875 0.12109375
0 0.08281250000000001 0.4716796875 0.028125 0.103515625
2 0.44062500000000004 0.4541015625 0.05 0.048828125
2 0.115625 0.4580078125 0.05625 0.064453125
8 0.5171875 0.4716796875 0.0125 0.044921875
