4 0.8445312500000001 0.4072265625 0.30781250000000004 0.119140625
4 0.6359375 0.431640625 0.09062500000000001 0.04296875
4 0.4609375 0.4423828125 0.043750000000000004 0.021484375
4 0.51484375 0.4501953125 0.0578125 0.087890625
4 0.41328125000000004 0.4560546875 0.060937500000000006 0.072265625
0 0.115625 0.4951171875 0.018750000000000003 0.056640625
0 0.1296875 0.4912109375 0.0125 0.029296875
0 0.1703125 0.4814453125 0.0125 0.037109375
0 0.5320312500000001 0.4755859375 0.026562500000000003 0.076171875
0 0.5554687500000001 0.4677734375 0.0328125 0.087890625
0 0.5828125000000001 0.4697265625 0.015625 0.068359375
0 0.59296875 0.4609375 0.0171875 0.0625
0 0.6039062500000001 0.451171875 0.0140625 0.04296875
0 0.6109375 0.458984375 0.0125 0.0625
0 0.6195312500000001 0.462890625 0.0171875 0.07421875
0 0.63046875 0.4521484375 0.010937500000000001 0.044921875
0 0.63828125 0.447265625 0.010937500000000001 0.03515625
0 0.675 0.431640625 0.015625 0.0234375
2 0.45390625 0.4638671875 0.0234375 0.021484375
2 0.47421875 0.4609375 0.026562500000000003 0.02734375
2 0.84765625 0.4453125 0.1390625 0.1015625
2 0.9140625 0.4482421875 0.16875 0.130859375
2 0.9515625000000001 0.4873046875 0.09375 0.103515625
8 0.340625 0.4775390625 0.00625 0.021484375
