0 0.45625000000000004 0.4599609375 0.0125 0.037109375
0 0.46875 0.4580078125 0.009375000000000001 0.041015625
0 0.47890625000000003 0.45703125 0.0078125 0.03125
0 0.5453125 0.4638671875 0.0125 0.060546875
2 0.057031250000000006 0.546875 0.11406250000000001 0.21484375
2 0.21640625000000002 0.501953125 0.1484375 0.12109375
2 0.29765625 0.4951171875 0.051562500000000004 0.083984375
2 0.35625 0.474609375 0.07500000000000001 0.06640625
2 0.39687500000000003 0.470703125 0.028125 0.0546875
2 0.4234375 0.4658203125 0.03125 0.037109375
2 0.42812500000000003 0.4580078125 0.034375 0.044921875
2 0.44843750000000004 0.4560546875 0.015625 0.037109375
2 0.5125000000000001 0.458984375 0.028125 0.03125
2 0.63984375 0.50390625 0.0921875 0.09375
2 0.70234375 0.4697265625 0.06406250000000001 0.060546875
2 0.7562500000000001 0.486328125 0.078125 0.0859375
2 0.6492187500000001 0.451171875 0.045312500000000006 0.02734375
2 0.6015625 0.474609375 0.05625 0.06640625
2 0.56875 0.46484375 0.018750000000000003 0.04296875
0 0.53515625 0.466796875 0.0140625 0.05859375
0 0.55234375 0.4677734375 0.0203125 0.072265625
15 0.553125 0.5068359375 0.009375000000000001 0.005859375
15 0.5375 0.498046875 0.009375000000000001 0.00390625
15 0.546875 0.49609375 0.00625 0.00390625
