9 0.55390625 0.4033203125 0.0203125 0.025390625
9 0.553125 0.421875 0.009375000000000001 0.01171875
9 0.8132812500000001 0.294921875 0.0171875 0.04296875
0 0.4453125 0.4521484375 0.009375000000000001 0.037109375
0 0.23750000000000002 0.4736328125 0.015625 0.052734375
2 0.91015625 0.5986328125 0.1765625 0.314453125
2 0.80078125 0.5390625 0.1953125 0.17578125
2 0.65234375 0.43359375 0.029687500000000002 0.02734375
2 0.61484375 0.4326171875 0.029687500000000002 0.021484375
2 0.50390625 0.45703125 0.029687500000000002 0.03515625
2 0.51484375 0.466796875 0.0390625 0.04296875
2 0.52890625 0.4794921875 0.0421875 0.041015625
2 0.36953125000000003 0.4521484375 0.026562500000000003 0.029296875
2 0.3609375 0.4580078125 0.028125 0.033203125
2 0.353125 0.466796875 0.028125 0.03515625
2 0.321875 0.4765625 0.05 0.0546875
2 0.20078125000000002 0.4501953125 0.0578125 0.041015625
2 0.06328125 0.4599609375 0.0703125 0.044921875
15 0.484375 0.439453125 0.065625 0.05859375
