4 0.8171875000000001 0.3984375 0.36250000000000004 0.56640625
9 0.08515625 0.41015625 0.029687500000000002 0.015625
9 0.21875 0.390625 0.0125 0.02734375
9 0.24296875 0.392578125 0.010937500000000001 0.02734375
9 0.24453125 0.36328125 0.0140625 0.015625
0 0.08203125 0.4921875 0.029687500000000002 0.10546875
1 0.6335937500000001 0.529296875 0.0546875 0.10546875
6 0.5234375 0.44921875 0.0625 0.08984375
2 0.5164062500000001 0.4755859375 0.0328125 0.052734375
2 0.5476562500000001 0.4775390625 0.0578125 0.060546875
2 0.3796875 0.462890625 0.021875000000000002 0.0234375
2 0.36171875000000003 0.4794921875 0.0171875 0.041015625
2 0.3515625 0.478515625 0.018750000000000003 0.046875
2 0.328125 0.4794921875 0.05 0.052734375
2 0.434375 0.5107421875 0.14375000000000002 0.142578125
0 0.6335937500000001 0.4970703125 0.051562500000000004 0.162109375
