0 0.07578125000000001 0.49609375 0.035937500000000004 0.1171875
0 0.0484375 0.5009765625 0.034375 0.103515625
0 0.3046875 0.4541015625 0.0125 0.044921875
0 0.41328125000000004 0.4453125 0.0078125 0.02734375
0 0.6195312500000001 0.443359375 0.0078125 0.01953125
0 0.74140625 0.4658203125 0.010937500000000001 0.041015625
0 0.775 0.46875 0.015625 0.05078125
0 0.7523437500000001 0.46484375 0.010937500000000001 0.0390625
0 0.7625000000000001 0.462890625 0.009375000000000001 0.03515625
1 0.86328125 0.53125 0.045312500000000006 0.0703125
1 0.80625 0.517578125 0.034375 0.0703125
1 0.83984375 0.5146484375 0.0328125 0.064453125
1 0.7734375 0.5126953125 0.034375 0.064453125
1 0.7453125 0.49609375 0.025 0.04296875
1 0.7289062500000001 0.4892578125 0.0171875 0.044921875
2 0.50390625 0.4365234375 0.0203125 0.025390625
2 0.5710937500000001 0.443359375 0.026562500000000003 0.03125
2 0.54140625 0.4345703125 0.010937500000000001 0.009765625
2 0.5578125 0.4384765625 0.0125 0.021484375
2 0.5476562500000001 0.4375 0.0078125 0.01171875
2 0.6828125 0.5 0.084375 0.09375
2 0.6375000000000001 0.48828125 0.037500000000000006 0.06640625
2 0.6234375000000001 0.4794921875 0.021875000000000002 0.048828125
9 0.6234375000000001 0.4052734375 0.015625 0.005859375
9 0.6234375000000001 0.3994140625 0.00625 0.005859375
