7 0.5437500000000001 0.4013671875 0.003125 0.009765625
7 0.5453125 0.4091796875 0.003125 0.005859375
7 0.43984375000000003 0.373046875 0.004687500000000001 0.01171875
7 0.49921875000000004 0.380859375 0.004687500000000001 0.01171875
9 0.35078125000000004 0.443359375 0.010937500000000001 0.015625
9 0.36875 0.4384765625 0.009375000000000001 0.013671875
0 0.7671875 0.4326171875 0.025 0.080078125
2 0.4921875 0.4150390625 0.00625 0.005859375
2 0.41953125 0.4326171875 0.0140625 0.017578125
2 0.31953125000000004 0.455078125 0.035937500000000004 0.03515625
2 0.46875 0.40234375 0.00625 0.0078125
2 0.45390625 0.400390625 0.004687500000000001 0.0078125
8 0.52734375 0.423828125 0.004687500000000001 0.0078125
9 0.26015625000000003 0.4384765625 0.0078125 0.013671875
9 0.37031250000000004 0.3896484375 0.0125 0.005859375
7 0.40390625 0.3759765625 0.004687500000000001 0.013671875
9 0.5921875 0.404296875 0.015625 0.01953125
7 0.47421875 0.3798828125 0.004687500000000001 0.009765625
