0 0.014843750000000001 0.455078125 0.0203125 0.046875
0 0.0054687500000000005 0.4501953125 0.010937500000000001 0.033203125
0 0.13515625 0.4794921875 0.0234375 0.083984375
0 0.17343750000000002 0.482421875 0.0125 0.05078125
0 0.18671875000000002 0.4736328125 0.0171875 0.060546875
0 0.2015625 0.4716796875 0.0125 0.068359375
0 0.2109375 0.48046875 0.009375000000000001 0.046875
0 0.27187500000000003 0.4599609375 0.021875000000000002 0.056640625
0 0.31562500000000004 0.4970703125 0.018750000000000003 0.068359375
0 0.29140625000000003 0.4775390625 0.0171875 0.064453125
0 0.30781250000000004 0.4677734375 0.018750000000000003 0.044921875
0 0.34765625 0.4765625 0.029687500000000002 0.12109375
0 0.3671875 0.48828125 0.046875 0.16015625
0 0.4140625 0.5087890625 0.043750000000000004 0.119140625
0 0.45390625 0.5078125 0.0390625 0.12109375
0 0.47578125000000004 0.5087890625 0.0546875 0.119140625
0 0.5421875 0.5107421875 0.043750000000000004 0.115234375
0 0.66953125 0.4892578125 0.0484375 0.146484375
0 0.8406250000000001 0.5107421875 0.040625 0.099609375
0 0.78046875 0.4921875 0.0328125 0.15625
0 0.74765625 0.498046875 0.045312500000000006 0.1484375
0 0.6390625000000001 0.4677734375 0.021875000000000002 0.091796875
2 0.49453125000000003 0.4501953125 0.06406250000000001 0.052734375
