0 0.28203125 0.45703125 0.0171875 0.03515625
2 0.0234375 0.5419921875 0.046875 0.236328125
2 0.10546875 0.5419921875 0.1546875 0.169921875
2 0.20390625 0.494140625 0.15156250000000002 0.15625
2 0.31328125 0.490234375 0.07968750000000001 0.07421875
2 0.353125 0.486328125 0.03125 0.0625
2 0.37031250000000004 0.4814453125 0.034375 0.056640625
2 0.39375000000000004 0.478515625 0.034375 0.05078125
2 0.40703125 0.4755859375 0.0203125 0.044921875
2 0.41953125 0.474609375 0.0203125 0.0390625
2 0.4390625 0.462890625 0.034375 0.04296875
2 0.4703125 0.462890625 0.021875000000000002 0.0234375
2 0.484375 0.4619140625 0.0125 0.017578125
2 0.496875 0.4609375 0.009375000000000001 0.01171875
2 0.49531250000000004 0.462890625 0.009375000000000001 0.01171875
2 0.7312500000000001 0.4873046875 0.07187500000000001 0.056640625
2 0.6687500000000001 0.5126953125 0.1125 0.119140625
2 0.6023437500000001 0.482421875 0.051562500000000004 0.05859375
2 0.57265625 0.4775390625 0.029687500000000002 0.041015625
2 0.5476562500000001 0.466796875 0.0203125 0.01953125
2 0.53828125 0.4638671875 0.010937500000000001 0.017578125
2 0.8343750000000001 0.513671875 0.153125 0.09765625
2 0.96015625 0.5146484375 0.0765625 0.115234375
2 0.9070312500000001 0.5107421875 0.0703125 0.083984375
2 0.5007812500000001 0.458984375 0.0078125 0.01171875
