1 0.6078125000000001 0.5087890625 0.025 0.060546875
2 0.15234375 0.533203125 0.2390625 0.171875
2 0.03359375 0.51953125 0.0671875 0.11328125
2 0.07968750000000001 0.48046875 0.07187500000000001 0.0546875
2 0.39296875000000003 0.4833984375 0.09843750000000001 0.064453125
2 0.44296875 0.4697265625 0.0140625 0.025390625
2 0.46328125000000003 0.4677734375 0.0203125 0.021484375
2 0.47578125000000004 0.470703125 0.0078125 0.015625
2 0.484375 0.4697265625 0.009375000000000001 0.017578125
2 0.49375 0.4677734375 0.0125 0.013671875
2 0.50703125 0.4677734375 0.0078125 0.009765625
2 0.52265625 0.4677734375 0.010937500000000001 0.009765625
2 0.515625 0.4677734375 0.00625 0.009765625
2 0.82734375 0.490234375 0.0484375 0.0703125
0 0.6078125000000001 0.4912109375 0.021875000000000002 0.076171875
9 0.043750000000000004 0.404296875 0.018750000000000003 0.03125
