4 0.5296875 0.462890625 0.06875 0.09375
9 0.38046875 0.4482421875 0.004687500000000001 0.013671875
2 0.09140625000000001 0.5185546875 0.15156250000000002 0.115234375
2 0.2671875 0.4873046875 0.0625 0.060546875
2 0.19765625 0.4775390625 0.0234375 0.021484375
2 0.16875 0.478515625 0.018750000000000003 0.015625
2 0.3359375 0.4794921875 0.037500000000000006 0.044921875
2 0.35703125 0.482421875 0.010937500000000001 0.03125
2 0.37109375 0.4794921875 0.0203125 0.021484375
2 0.39140625 0.48046875 0.0203125 0.01953125
2 0.41171875 0.4814453125 0.010937500000000001 0.009765625
2 0.45625000000000004 0.4775390625 0.018750000000000003 0.021484375
2 0.48671875000000003 0.478515625 0.0203125 0.01953125
2 0.925 0.59765625 0.146875 0.27734375
2 0.61484375 0.4873046875 0.1203125 0.130859375
