4 0.47187500000000004 0.4482421875 0.03125 0.044921875
7 0.5171875 0.40234375 0.009375000000000001 0.01171875
7 0.3171875 0.4052734375 0.009375000000000001 0.013671875
9 0.2390625 0.4150390625 0.009375000000000001 0.017578125
9 0.64453125 0.423828125 0.004687500000000001 0.01171875
9 0.5789062500000001 0.3994140625 0.0140625 0.025390625
9 0.5164062500000001 0.4208984375 0.010937500000000001 0.021484375
9 0.3171875 0.4267578125 0.0125 0.013671875
0 0.9703125 0.4326171875 0.009375000000000001 0.037109375
0 0.9460937500000001 0.439453125 0.0140625 0.0390625
0 0.8828125 0.4453125 0.015625 0.05859375
0 0.8679687500000001 0.4404296875 0.0203125 0.072265625
0 0.859375 0.4482421875 0.021875000000000002 0.064453125
0 0.71796875 0.466796875 0.0171875 0.078125
0 0.7046875 0.470703125 0.025 0.0859375
0 0.6546875000000001 0.4677734375 0.0125 0.052734375
0 0.6062500000000001 0.4599609375 0.009375000000000001 0.029296875
0 0.5867187500000001 0.4599609375 0.0078125 0.029296875
0 0.496875 0.4599609375 0.00625 0.021484375
0 0.4921875 0.462890625 0.00625 0.0234375
0 0.51015625 0.4609375 0.004687500000000001 0.01953125
2 0.4765625 0.46484375 0.018750000000000003 0.01953125
2 0.40859375000000003 0.4609375 0.0171875 0.01953125
2 0.39453125 0.4609375 0.010937500000000001 0.01953125
2 0.38906250000000003 0.462890625 0.009375000000000001 0.01953125
2 0.37812500000000004 0.462890625 0.021875000000000002 0.0234375
2 0.35546875 0.4716796875 0.060937500000000006 0.025390625
2 0.28359375000000003 0.48046875 0.0484375 0.05078125
2 0.21484375 0.484375 0.0921875 0.0859375
2 0.109375 0.505859375 0.13125 0.125
2 0.039843750000000004 0.5341796875 0.07968750000000001 0.150390625
2 0.44296875 0.4658203125 0.0484375 0.048828125
2 0.553125 0.482421875 0.07500000000000001 0.08203125
