9 0.30625 0.431640625 0.00625 0.015625
9 0.2921875 0.4345703125 0.00625 0.021484375
0 0.6421875 0.4970703125 0.021875000000000002 0.064453125
0 0.47500000000000003 0.5419921875 0.134375 0.291015625
2 0.5789062500000001 0.4912109375 0.045312500000000006 0.044921875
2 0.625 0.4853515625 0.018750000000000003 0.017578125
2 0.671875 0.490234375 0.018750000000000003 0.01953125
2 0.7000000000000001 0.48828125 0.015625 0.01953125
2 0.25390625 0.501953125 0.1046875 0.06640625
2 0.1796875 0.49609375 0.053125000000000006 0.0625
2 0.31484375000000003 0.4912109375 0.06406250000000001 0.044921875
15 0.6015625 0.6015625 0.15625 0.18359375
15 0.6578125 0.509765625 0.021875000000000002 0.03515625
