7 0.43984375000000003 0.4287109375 0.0078125 0.017578125
9 0.9125000000000001 0.1064453125 0.171875 0.130859375
9 0.45937500000000003 0.4248046875 0.0125 0.017578125
9 0.38515625000000003 0.48828125 0.0078125 0.0078125
2 0.5171875 0.5078125 0.1625 0.17578125
2 0.8367187500000001 0.5166015625 0.17343750000000002 0.150390625
2 0.6953125 0.4892578125 0.096875 0.099609375
2 0.62421875 0.4912109375 0.0484375 0.041015625
2 0.41250000000000003 0.4921875 0.03125 0.02734375
2 0.22812500000000002 0.48828125 0.06875 0.05859375
2 0.32656250000000003 0.494140625 0.037500000000000006 0.03125
2 0.018750000000000003 0.5078125 0.037500000000000006 0.0625
