7 0.22187500000000002 0.4638671875 0.015625 0.048828125
7 0.22812500000000002 0.51953125 0.0125 0.015625
7 0.22031250000000002 0.552734375 0.00625 0.01953125
7 0.81640625 0.4443359375 0.0140625 0.044921875
7 0.821875 0.505859375 0.009375000000000001 0.01953125
7 0.828125 0.541015625 0.00625 0.02734375
0 0.7914062500000001 0.58203125 0.0171875 0.0859375
0 0.846875 0.5732421875 0.015625 0.072265625
0 0.8375 0.5693359375 0.015625 0.076171875
0 0.9460937500000001 0.5380859375 0.010937500000000001 0.041015625
0 0.93125 0.5341796875 0.015625 0.056640625
0 0.9203125000000001 0.53125 0.015625 0.0546875
0 0.72578125 0.5595703125 0.0078125 0.029296875
0 0.71484375 0.5546875 0.010937500000000001 0.03515625
0 0.6960937500000001 0.55859375 0.0078125 0.02734375
1 0.24375000000000002 0.6025390625 0.078125 0.060546875
3 0.5546875 0.630859375 0.037500000000000006 0.0703125
3 0.48671875000000003 0.5810546875 0.0140625 0.029296875
3 0.43828125 0.59375 0.0390625 0.06640625
2 0.38828125 0.5869140625 0.0671875 0.068359375
2 0.6328125 0.5791015625 0.046875 0.044921875
2 0.5476562500000001 0.5830078125 0.06406250000000001 0.068359375
2 0.48515625 0.5673828125 0.035937500000000004 0.033203125
0 0.24609375 0.583984375 0.0234375 0.08203125
0 0.5554687500000001 0.5927734375 0.0390625 0.095703125
0 0.4859375 0.56640625 0.0125 0.03125
0 0.43828125 0.5703125 0.0328125 0.06640625
