7 0.78125 0.265625 0.009375000000000001 0.03125
7 0.74921875 0.2705078125 0.0078125 0.029296875
7 0.84140625 0.3505859375 0.010937500000000001 0.025390625
7 0.5421875 0.3701171875 0.00625 0.037109375
7 0.48984375 0.330078125 0.0078125 0.03125
7 0.453125 0.3935546875 0.003125 0.009765625
7 0.07500000000000001 0.2255859375 0.015625 0.064453125
7 0.0078125 0.291015625 0.009375000000000001 0.0234375
7 0.05 0.3095703125 0.0125 0.037109375
7 0.78828125 0.3837890625 0.0078125 0.017578125
9 0.73359375 0.203125 0.0703125 0.02734375
9 0.73359375 0.11328125 0.1203125 0.1484375
9 0.7992187500000001 0.3154296875 0.0328125 0.037109375
9 0.7679687500000001 0.263671875 0.004687500000000001 0.015625
9 0.9437500000000001 0.26953125 0.018750000000000003 0.0703125
0 0.046875 0.5087890625 0.09375 0.333984375
0 0.7132812500000001 0.4375 0.010937500000000001 0.04296875
0 0.66328125 0.4384765625 0.0140625 0.041015625
0 0.8953125000000001 0.4345703125 0.034375 0.091796875
0 0.8250000000000001 0.4443359375 0.018750000000000003 0.064453125
0 0.9343750000000001 0.4423828125 0.037500000000000006 0.080078125
0 0.15390625000000002 0.4501953125 0.010937500000000001 0.041015625
0 0.13046875 0.439453125 0.026562500000000003 0.05078125
0 0.21406250000000002 0.4375 0.018750000000000003 0.0234375
0 0.19140625 0.4365234375 0.010937500000000001 0.029296875
1 0.74921875 0.44921875 0.026562500000000003 0.03125
2 0.6218750000000001 0.4638671875 0.037500000000000006 0.083984375
2 0.56953125 0.4736328125 0.1203125 0.103515625
2 0.45234375000000004 0.4384765625 0.0140625 0.021484375
2 0.4421875 0.4345703125 0.0125 0.013671875
