7 0.23671875 0.12890625 0.0328125 0.08203125
7 0.23203125000000002 0.3857421875 0.0140625 0.037109375
7 0.23203125000000002 0.423828125 0.010937500000000001 0.015625
7 0.42890625000000004 0.287109375 0.0140625 0.04296875
7 0.55390625 0.369140625 0.0140625 0.03515625
7 0.553125 0.4091796875 0.009375000000000001 0.013671875
7 0.65 0.2861328125 0.021875000000000002 0.068359375
7 0.63984375 0.2900390625 0.026562500000000003 0.080078125
7 0.75546875 0.3505859375 0.0140625 0.037109375
7 0.7921875 0.34765625 0.0125 0.03515625
7 0.80390625 0.2197265625 0.0171875 0.044921875
7 0.7625000000000001 0.3955078125 0.0125 0.017578125
7 0.6531250000000001 0.3701171875 0.009375000000000001 0.033203125
7 0.01171875 0.3125 0.0234375 0.08203125
0 0.2328125 0.470703125 0.0125 0.05859375
0 0.2578125 0.478515625 0.021875000000000002 0.0546875
0 0.41328125000000004 0.482421875 0.045312500000000006 0.09765625
0 0.39765625000000004 0.482421875 0.0171875 0.0859375
0 0.59921875 0.4609375 0.010937500000000001 0.04296875
0 0.6234375000000001 0.470703125 0.034375 0.0625
0 0.9343750000000001 0.47265625 0.025 0.078125
1 0.36328125 0.4921875 0.035937500000000004 0.03515625
1 0.68125 0.474609375 0.025 0.03125
1 0.7562500000000001 0.5 0.053125000000000006 0.08984375
1 0.7937500000000001 0.4912109375 0.028125 0.099609375
1 0.815625 0.5 0.040625 0.11328125
1 0.9710937500000001 0.5244140625 0.0546875 0.166015625
2 0.296875 0.4765625 0.05 0.05078125
2 0.3609375 0.48046875 0.05 0.04296875
2 0.52265625 0.5048828125 0.1296875 0.115234375
0 0.36171875000000003 0.4794921875 0.0328125 0.056640625
0 0.6882812500000001 0.453125 0.0140625 0.0546875
