0 0.68671875 0.501953125 0.0765625 0.2109375
6 0.54609375 0.4501953125 0.045312500000000006 0.095703125
6 0.5789062500000001 0.4599609375 0.0671875 0.107421875
2 0.07734375 0.5439453125 0.1546875 0.306640625
2 0.19453125000000002 0.5068359375 0.1421875 0.185546875
2 0.28359375000000003 0.51171875 0.0578125 0.1015625
6 0.31171875000000004 0.4658203125 0.11406250000000001 0.146484375
2 0.384375 0.4794921875 0.03125 0.052734375
2 0.4109375 0.4736328125 0.028125 0.041015625
2 0.44062500000000004 0.4755859375 0.034375 0.029296875
2 0.496875 0.48046875 0.046875 0.046875
2 0.6453125000000001 0.4970703125 0.146875 0.181640625
2 0.784375 0.498046875 0.115625 0.16015625
2 0.8828125 0.5107421875 0.23125 0.173828125
2 0.9296875 0.6220703125 0.1375 0.333984375
