9 0.7203125 0.390625 0.043750000000000004 0.0546875
0 0.8328125000000001 0.478515625 0.015625 0.03125
0 0.81796875 0.4892578125 0.0140625 0.044921875
0 0.58828125 0.4736328125 0.0078125 0.029296875
2 0.884375 0.58984375 0.22812500000000002 0.25
2 0.6625000000000001 0.47265625 0.037500000000000006 0.01953125
2 0.6265625 0.4677734375 0.037500000000000006 0.025390625
2 0.51953125 0.4814453125 0.035937500000000004 0.041015625
2 0.44921875 0.5048828125 0.0890625 0.087890625
2 0.2109375 0.4716796875 0.05625 0.037109375
