7 0.43203125000000003 0.380859375 0.0078125 0.0234375
7 0.42031250000000003 0.3447265625 0.0125 0.029296875
9 0.4734375 0.4326171875 0.00625 0.009765625
9 0.4734375 0.44140625 0.00625 0.00390625
9 0.98046875 0.3388671875 0.035937500000000004 0.033203125
0 0.6296875000000001 0.4619140625 0.018750000000000003 0.048828125
0 0.05 0.474609375 0.028125 0.11328125
0 0.07890625000000001 0.474609375 0.026562500000000003 0.10546875
0 0.596875 0.4755859375 0.015625 0.064453125
0 0.509375 0.4658203125 0.0125 0.052734375
0 0.184375 0.4765625 0.018750000000000003 0.07421875
0 0.1703125 0.4755859375 0.015625 0.060546875
0 0.4859375 0.4716796875 0.0125 0.044921875
1 0.11875000000000001 0.5078125 0.040625 0.07421875
1 0.1796875 0.49609375 0.03125 0.0703125
1 0.5632812500000001 0.4912109375 0.0171875 0.037109375
1 0.5859375 0.490234375 0.0125 0.03125
1 0.26875 0.486328125 0.015625 0.04296875
1 0.2390625 0.4892578125 0.015625 0.041015625
1 0.1421875 0.5068359375 0.03125 0.056640625
2 0.87890625 0.623046875 0.2390625 0.37890625
2 0.71484375 0.53125 0.2109375 0.17578125
2 0.45078125 0.48828125 0.0578125 0.0546875
