7 0.54296875 0.416015625 0.0078125 0.0234375
9 0.09062500000000001 0.419921875 0.025 0.01953125
9 0.9078125 0.2890625 0.018750000000000003 0.03515625
0 0.68359375 0.51953125 0.07968750000000001 0.3046875
0 0.0765625 0.4833984375 0.025 0.041015625
0 0.0484375 0.4755859375 0.021875000000000002 0.029296875
0 0.14375000000000002 0.4658203125 0.018750000000000003 0.037109375
0 0.13203125000000002 0.46484375 0.0171875 0.03515625
2 0.8453125 0.4990234375 0.28750000000000003 0.306640625
2 0.41328125000000004 0.537109375 0.2390625 0.24609375
2 0.30390625000000004 0.4658203125 0.051562500000000004 0.060546875
2 0.20859375000000002 0.5166015625 0.1796875 0.142578125
