7 0.30234375 0.3837890625 0.0171875 0.017578125
7 0.309375 0.3173828125 0.0125 0.052734375
7 0.9015625 0.3623046875 0.0125 0.052734375
7 0.90546875 0.4248046875 0.0171875 0.021484375
7 0.053125000000000006 0.025390625 0.025 0.05078125
7 0.13203125000000002 0.29296875 0.0171875 0.046875
9 0.9171875 0.4052734375 0.040625 0.013671875
0 0.33984375 0.474609375 0.0328125 0.09765625
2 0.3984375 0.48046875 0.05625 0.0546875
2 0.5078125 0.4755859375 0.0125 0.017578125
2 0.5203125000000001 0.4755859375 0.015625 0.017578125
2 0.54296875 0.4775390625 0.0234375 0.021484375
2 0.56953125 0.4765625 0.0234375 0.02734375
2 0.5906250000000001 0.48046875 0.037500000000000006 0.03515625
2 0.42421875000000003 0.4755859375 0.0171875 0.044921875
