9 0.403125 0.42578125 0.0125 0.015625
0 0.7664062500000001 0.48828125 0.0328125 0.1015625
0 0.5242187500000001 0.4599609375 0.0078125 0.025390625
0 0.5328125 0.4619140625 0.009375000000000001 0.025390625
1 0.60703125 0.513671875 0.0234375 0.05078125
2 0.5109375 0.4619140625 0.0125 0.013671875
2 0.49296875 0.4638671875 0.0078125 0.009765625
2 0.48515625 0.4638671875 0.0078125 0.013671875
2 0.5 0.4658203125 0.00625 0.005859375
2 0.47500000000000003 0.4638671875 0.0125 0.013671875
2 0.4578125 0.4609375 0.015625 0.01953125
2 0.43984375000000003 0.458984375 0.0203125 0.0234375
2 0.43203125000000003 0.462890625 0.0234375 0.0234375
2 0.3609375 0.4775390625 0.028125 0.048828125
2 0.33984375 0.4775390625 0.0390625 0.052734375
2 0.30078125 0.4755859375 0.051562500000000004 0.064453125
2 0.2671875 0.484375 0.078125 0.0625
2 0.178125 0.4990234375 0.078125 0.091796875
2 0.08203125 0.5107421875 0.1640625 0.107421875
0 0.6078125000000001 0.494140625 0.021875000000000002 0.0703125
8 0.78828125 0.5673828125 0.026562500000000003 0.072265625
