0 0.97265625 0.548828125 0.051562500000000004 0.25390625
0 0.88046875 0.47265625 0.045312500000000006 0.05078125
0 0.59375 0.4873046875 0.03125 0.115234375
0 0.35703125 0.4755859375 0.0171875 0.095703125
0 0.37265625 0.4814453125 0.0203125 0.087890625
0 0.46484375 0.4521484375 0.0078125 0.021484375
1 0.33437500000000003 0.5185546875 0.040625 0.083984375
2 0.06328125 0.4833984375 0.1265625 0.103515625
2 0.05234375 0.55078125 0.1046875 0.1875
2 0.29765625 0.45703125 0.0328125 0.046875
2 0.32734375000000004 0.439453125 0.0421875 0.01953125
2 0.37343750000000003 0.4833984375 0.040625 0.064453125
2 0.3921875 0.4765625 0.025 0.0546875
2 0.39765625000000004 0.451171875 0.0328125 0.02734375
2 0.40468750000000003 0.447265625 0.034375 0.02734375
2 0.4421875 0.4521484375 0.037500000000000006 0.021484375
2 0.46718750000000003 0.4501953125 0.015625 0.021484375
2 0.478125 0.451171875 0.009375000000000001 0.015625
2 0.8453125 0.59375 0.28125 0.22265625
2 0.74375 0.533203125 0.15937500000000002 0.17578125
2 0.659375 0.5009765625 0.08750000000000001 0.099609375
2 0.628125 0.48828125 0.059375000000000004 0.0859375
2 0.5921875 0.4658203125 0.034375 0.048828125
2 0.57265625 0.4638671875 0.0140625 0.029296875
2 0.56484375 0.4609375 0.0140625 0.0234375
2 0.5625 0.4541015625 0.015625 0.025390625
2 0.55625 0.4521484375 0.009375000000000001 0.017578125
2 0.53515625 0.455078125 0.0203125 0.01953125
2 0.5 0.451171875 0.0125 0.01171875
2 0.5078125 0.44921875 0.00625 0.0078125
2 0.5125000000000001 0.447265625 0.00625 0.0078125
2 0.51796875 0.447265625 0.004687500000000001 0.0078125
2 0.4890625 0.4482421875 0.009375000000000001 0.009765625
0 0.33359375 0.4931640625 0.0421875 0.103515625
