9 0.4375 0.4453125 0.00625 0.0078125
0 0.8132812500000001 0.4521484375 0.0140625 0.048828125
0 0.8296875 0.4521484375 0.015625 0.044921875
0 0.30078125 0.462890625 0.0140625 0.0390625
1 0.37343750000000003 0.5029296875 0.043750000000000004 0.080078125
1 0.9226562500000001 0.513671875 0.1390625 0.15625
1 0.8406250000000001 0.5126953125 0.13125 0.138671875
1 0.88671875 0.5107421875 0.1453125 0.169921875
1 0.53125 0.5986328125 0.10312500000000001 0.236328125
1 0.64765625 0.6015625 0.11406250000000001 0.25390625
2 0.47578125000000004 0.462890625 0.010937500000000001 0.0234375
2 0.48359375000000004 0.46484375 0.0140625 0.0234375
0 0.37343750000000003 0.4775390625 0.043750000000000004 0.115234375
0 0.52890625 0.5087890625 0.09843750000000001 0.330078125
0 0.6531250000000001 0.4765625 0.12187500000000001 0.375
