7 0.49296875 0.40625 0.010937500000000001 0.03125
7 0.43359375 0.486328125 0.0078125 0.03125
7 0.48828125 0.4443359375 0.0078125 0.021484375
7 0.5359375000000001 0.4384765625 0.009375000000000001 0.021484375
7 0.6257812500000001 0.4384765625 0.0078125 0.025390625
7 0.76953125 0.47265625 0.0078125 0.02734375
9 0.47734375 0.400390625 0.0140625 0.015625
9 0.43125 0.4951171875 0.015625 0.021484375
9 0.7054687500000001 0.47265625 0.010937500000000001 0.01171875
9 0.70625 0.484375 0.009375000000000001 0.00390625
9 0.78125 0.4990234375 0.015625 0.013671875
9 0.9710937500000001 0.359375 0.0328125 0.04296875
9 0.97265625 0.4013671875 0.035937500000000004 0.037109375
9 0.971875 0.4345703125 0.03125 0.029296875
0 0.765625 0.533203125 0.0125 0.0390625
1 0.68515625 0.544921875 0.0140625 0.02734375
1 0.71796875 0.5439453125 0.0234375 0.044921875
1 0.8125 0.5556640625 0.03125 0.076171875
1 0.87890625 0.572265625 0.0578125 0.10546875
2 0.40390625 0.5458984375 0.0765625 0.037109375
2 0.5859375 0.5458984375 0.18125000000000002 0.173828125
0 0.68515625 0.52734375 0.0140625 0.04296875
0 0.71796875 0.5146484375 0.0234375 0.068359375
0 0.8132812500000001 0.5126953125 0.029687500000000002 0.115234375
0 0.8812500000000001 0.51171875 0.059375000000000004 0.16015625
