7 0.015625 0.390625 0.015625 0.05078125
7 0.66953125 0.29296875 0.0171875 0.05859375
0 0.7890625 0.4375 0.021875000000000002 0.04296875
0 0.371875 0.46875 0.021875000000000002 0.12109375
0 0.38203125000000004 0.4736328125 0.029687500000000002 0.115234375
1 0.7718750000000001 0.5087890625 0.037500000000000006 0.107421875
1 0.9578125000000001 0.5185546875 0.08125 0.162109375
2 0.42109375000000004 0.439453125 0.0078125 0.0078125
2 0.43046875 0.4404296875 0.010937500000000001 0.009765625
2 0.44062500000000004 0.443359375 0.00625 0.0078125
2 0.4390625 0.453125 0.0125 0.015625
8 0.62421875 0.4833984375 0.0171875 0.056640625
