0 0.49609375 0.4404296875 0.004687500000000001 0.017578125
0 0.51796875 0.4384765625 0.004687500000000001 0.017578125
1 0.030468750000000003 0.7578125 0.060937500000000006 0.21484375
1 0.42500000000000004 0.6796875 0.09062500000000001 0.1875
2 0.05859375 0.578125 0.09531250000000001 0.171875
2 0.16953125000000002 0.560546875 0.1484375 0.15234375
2 0.09062500000000001 0.4794921875 0.059375000000000004 0.068359375
2 0.28203125 0.4814453125 0.0890625 0.052734375
2 0.32890625 0.494140625 0.0765625 0.06640625
2 0.37890625 0.47265625 0.051562500000000004 0.04296875
2 0.4 0.470703125 0.03125 0.04296875
2 0.41250000000000003 0.462890625 0.037500000000000006 0.0390625
2 0.42421875000000003 0.45703125 0.0234375 0.03515625
2 0.43359375 0.4541015625 0.0140625 0.033203125
2 0.44296875 0.4541015625 0.0078125 0.025390625
2 0.46015625000000004 0.455078125 0.026562500000000003 0.03125
2 0.4765625 0.4462890625 0.015625 0.021484375
2 0.48281250000000003 0.439453125 0.015625 0.01953125
2 0.4921875 0.44140625 0.00625 0.015625
2 0.50234375 0.439453125 0.010937500000000001 0.015625
2 0.5109375 0.439453125 0.009375000000000001 0.015625
2 0.52734375 0.4375 0.0140625 0.015625
2 0.9015625 0.787109375 0.19375 0.421875
2 0.84296875 0.642578125 0.2859375 0.28125
2 0.7171875000000001 0.576171875 0.146875 0.16015625
2 0.53828125 0.447265625 0.0171875 0.0234375
2 0.553125 0.4677734375 0.037500000000000006 0.052734375
2 0.6125 0.51171875 0.08750000000000001 0.0859375
2 0.5921875 0.48046875 0.06875 0.078125
2 0.6820312500000001 0.470703125 0.1078125 0.05078125
2 0.703125 0.439453125 0.037500000000000006 0.015625
2 0.8406250000000001 0.47265625 0.10625000000000001 0.0546875
2 0.8125 0.45703125 0.10312500000000001 0.05859375
0 0.0328125 0.669921875 0.065625 0.37109375
0 0.42578125 0.5986328125 0.09531250000000001 0.283203125
0 0.6039062500000001 0.5830078125 0.0765625 0.255859375
15 0.60859375 0.7109375 0.0390625 0.0390625
