4 0.66171875 0.3564453125 0.11093750000000001 0.126953125
2 0.27734375 0.48828125 0.30781250000000004 0.30078125
2 0.4609375 0.41796875 0.18125000000000002 0.22265625
2 0.6328125 0.46875 0.1875 0.20703125
2 0.7375 0.4189453125 0.046875 0.048828125
2 0.94140625 0.4365234375 0.0921875 0.076171875
2 0.87421875 0.421875 0.06406250000000001 0.0625
2 0.8359375 0.4111328125 0.05 0.060546875
2 0.8054687500000001 0.4013671875 0.010937500000000001 0.033203125
2 0.7914062500000001 0.3955078125 0.0171875 0.025390625
2 0.7578125 0.3955078125 0.025 0.025390625
2 0.89453125 0.40625 0.0421875 0.04296875
2 0.9617187500000001 0.4111328125 0.0578125 0.064453125
