0 0.69453125 0.4521484375 0.035937500000000004 0.083984375
0 0.34687500000000004 0.48046875 0.037500000000000006 0.140625
0 0.30312500000000003 0.447265625 0.021875000000000002 0.05078125
0 0.28515625 0.4443359375 0.0140625 0.044921875
0 0.040625 0.4697265625 0.018750000000000003 0.056640625
0 0.00625 0.47265625 0.0125 0.03125
2 0.9226562500000001 0.5078125 0.15156250000000002 0.42578125
2 0.784375 0.53515625 0.209375 0.234375
2 0.52109375 0.4794921875 0.23593750000000002 0.150390625
2 0.38515625000000003 0.48828125 0.0734375 0.1015625
2 0.31562500000000004 0.4873046875 0.06875 0.080078125
2 0.1921875 0.4775390625 0.1875 0.166015625
2 0.0921875 0.4833984375 0.07500000000000001 0.080078125
