9 0.0140625 0.4296875 0.015625 0.01953125
9 0.014843750000000001 0.4111328125 0.010937500000000001 0.005859375
9 0.146875 0.44140625 0.015625 0.01171875
9 0.47109375000000003 0.431640625 0.010937500000000001 0.01171875
9 0.5484375 0.431640625 0.003125 0.0078125
9 0.51875 0.431640625 0.0125 0.0078125
9 0.5953125 0.41796875 0.003125 0.0078125
9 0.6257812500000001 0.423828125 0.010937500000000001 0.01171875
2 0.06484375 0.4775390625 0.0234375 0.021484375
2 0.11328125 0.4765625 0.0140625 0.01953125
2 0.44609375 0.470703125 0.060937500000000006 0.0625
2 0.578125 0.4443359375 0.0125 0.013671875
2 0.55859375 0.4443359375 0.0140625 0.013671875
