7 0.478125 0.4248046875 0.003125 0.005859375
7 0.48750000000000004 0.4248046875 0.003125 0.005859375
7 0.49609375 0.4248046875 0.0015625 0.005859375
9 0.7703125000000001 0.369140625 0.065625 0.08203125
9 0.7203125 0.4140625 0.009375000000000001 0.0234375
9 0.6062500000000001 0.4189453125 0.0125 0.017578125
9 0.60703125 0.43359375 0.0078125 0.01171875
9 0.4921875 0.423828125 0.003125 0.00390625
9 0.28750000000000003 0.427734375 0.015625 0.0234375
9 0.34609375000000003 0.439453125 0.004687500000000001 0.0078125
2 0.50625 0.470703125 0.028125 0.03515625
2 0.4453125 0.49609375 0.12187500000000001 0.125
