7 0.07421875 0.357421875 0.0171875 0.0546875
7 0.0921875 0.3564453125 0.015625 0.052734375
9 0.015625 0.3525390625 0.03125 0.041015625
9 0.018750000000000003 0.39453125 0.034375 0.0390625
9 0.0171875 0.435546875 0.034375 0.04296875
9 0.08203125 0.4130859375 0.029687500000000002 0.037109375
9 0.52578125 0.3701171875 0.0421875 0.013671875
9 0.5281250000000001 0.38671875 0.040625 0.01171875
9 0.5242187500000001 0.400390625 0.035937500000000004 0.0078125
9 0.51171875 0.4130859375 0.035937500000000004 0.009765625
9 0.5140625 0.42578125 0.034375 0.0078125
3 0.18125000000000002 0.5341796875 0.0625 0.052734375
3 0.49453125000000003 0.5048828125 0.060937500000000006 0.048828125
2 0.5421875 0.4873046875 0.09062500000000001 0.048828125
2 0.6804687500000001 0.4716796875 0.08281250000000001 0.041015625
2 0.65 0.5576171875 0.15937500000000002 0.185546875
2 0.84921875 0.4765625 0.2171875 0.109375
2 0.8890625000000001 0.53125 0.184375 0.15234375
2 0.037500000000000006 0.5263671875 0.03125 0.025390625
2 0.06953125 0.5166015625 0.0203125 0.009765625
2 0.7390625000000001 0.458984375 0.028125 0.03515625
0 0.18125000000000002 0.5224609375 0.025 0.060546875
0 0.5007812500000001 0.4892578125 0.0234375 0.056640625
15 0.32421875 0.46875 0.0734375 0.03515625
