9 0.203125 0.4267578125 0.009375000000000001 0.013671875
9 0.31484375000000003 0.44140625 0.0078125 0.01171875
9 0.06796875000000001 0.4296875 0.004687500000000001 0.0078125
0 0.19687500000000002 0.478515625 0.0125 0.046875
0 0.44296875 0.486328125 0.0234375 0.09765625
0 0.7046875 0.5048828125 0.053125000000000006 0.193359375
2 0.02109375 0.47265625 0.0140625 0.0234375
2 0.09843750000000001 0.4599609375 0.028125 0.017578125
2 0.06406250000000001 0.4765625 0.06875 0.046875
2 0.20468750000000002 0.478515625 0.1125 0.05078125
15 0.31015625 0.462890625 0.029687500000000002 0.03125
2 0.371875 0.470703125 0.065625 0.04296875
2 0.41171875 0.470703125 0.0890625 0.05859375
2 0.48046875 0.4853515625 0.035937500000000004 0.048828125
15 0.596875 0.4541015625 0.21875 0.130859375
