4 0.43203125000000003 0.453125 0.09843750000000001 0.04296875
4 0.51875 0.447265625 0.065625 0.0859375
4 0.84296875 0.419921875 0.31093750000000003 0.1484375
0 0.12890625 0.490234375 0.0140625 0.02734375
0 0.115625 0.4951171875 0.015625 0.056640625
0 0.1703125 0.4873046875 0.0125 0.048828125
0 0.38203125000000004 0.4638671875 0.0078125 0.021484375
0 0.375 0.4658203125 0.00625 0.021484375
0 0.36875 0.4658203125 0.00625 0.021484375
0 0.36250000000000004 0.4658203125 0.00625 0.021484375
0 0.55 0.4609375 0.0125 0.04296875
0 0.58046875 0.4658203125 0.0171875 0.052734375
0 0.59921875 0.4599609375 0.0171875 0.052734375
0 0.6218750000000001 0.47265625 0.018750000000000003 0.06640625
0 0.65 0.4638671875 0.021875000000000002 0.080078125
0 0.66953125 0.4677734375 0.026562500000000003 0.103515625
0 0.6960937500000001 0.4716796875 0.029687500000000002 0.095703125
0 0.6312500000000001 0.451171875 0.015625 0.046875
2 0.44453125000000004 0.4658203125 0.0328125 0.029296875
2 0.4734375 0.462890625 0.025 0.02734375
2 0.95234375 0.48828125 0.0921875 0.109375
2 0.909375 0.4443359375 0.178125 0.134765625
2 0.8523437500000001 0.4423828125 0.1421875 0.103515625
8 0.340625 0.4775390625 0.00625 0.017578125
