4 0.61875 0.3642578125 0.109375 0.111328125
4 0.7523437500000001 0.4287109375 0.060937500000000006 0.068359375
2 0.22890625 0.4375 0.3796875 0.4140625
2 0.48984375 0.4501953125 0.060937500000000006 0.068359375
2 0.59296875 0.474609375 0.1703125 0.1875
2 0.69140625 0.4443359375 0.060937500000000006 0.052734375
2 0.98046875 0.4658203125 0.035937500000000004 0.111328125
2 0.9375 0.4560546875 0.09062500000000001 0.099609375
2 0.8523437500000001 0.4443359375 0.0765625 0.060546875
2 0.80390625 0.4423828125 0.0484375 0.048828125
2 0.7718750000000001 0.4423828125 0.028125 0.044921875
