0 0.52265625 0.44921875 0.0078125 0.02734375
1 0.47265625 0.455078125 0.010937500000000001 0.0234375
1 0.4453125 0.4599609375 0.009375000000000001 0.025390625
2 0.95234375 0.833984375 0.0921875 0.26171875
2 0.85859375 0.646484375 0.27968750000000003 0.3046875
2 0.72421875 0.5615234375 0.1421875 0.146484375
2 0.67890625 0.52734375 0.08281250000000001 0.09375
2 0.63984375 0.51171875 0.0734375 0.07421875
2 0.62109375 0.49609375 0.06406250000000001 0.0625
2 0.58359375 0.4755859375 0.045312500000000006 0.044921875
2 0.5750000000000001 0.458984375 0.037500000000000006 0.03515625
2 0.5578125 0.4501953125 0.037500000000000006 0.041015625
2 0.53125 0.44921875 0.018750000000000003 0.02734375
2 0.50625 0.4453125 0.015625 0.0234375
2 0.4890625 0.43359375 0.009375000000000001 0.01171875
2 0.46875 0.4345703125 0.018750000000000003 0.017578125
2 0.45859375 0.4404296875 0.010937500000000001 0.017578125
2 0.44453125000000004 0.443359375 0.026562500000000003 0.03125
2 0.43203125000000003 0.453125 0.0234375 0.03125
2 0.4265625 0.45703125 0.028125 0.03125
2 0.4140625 0.4638671875 0.021875000000000002 0.041015625
2 0.38359375 0.466796875 0.060937500000000006 0.05859375
2 0.33359375 0.44921875 0.0578125 0.0390625
2 0.25 0.5380859375 0.09062500000000001 0.115234375
2 0.11015625000000001 0.572265625 0.22031250000000002 0.20703125
2 0.11406250000000001 0.474609375 0.1125 0.05078125
2 0.24140625000000002 0.455078125 0.0890625 0.05078125
2 0.7585937500000001 0.4462890625 0.0421875 0.025390625
0 0.49609375 0.4462890625 0.010937500000000001 0.037109375
0 0.47265625 0.4462890625 0.010937500000000001 0.033203125
0 0.4453125 0.4501953125 0.009375000000000001 0.033203125
15 0.49531250000000004 0.466796875 0.00625 0.00390625
