0 0.8757812500000001 0.650390625 0.0734375 0.22265625
0 0.81640625 0.646484375 0.06406250000000001 0.2265625
0 0.23515625 0.56640625 0.051562500000000004 0.15625
2 0.6953125 0.5791015625 0.1125 0.138671875
2 0.56953125 0.6357421875 0.27968750000000003 0.212890625
2 0.1328125 0.5771484375 0.178125 0.142578125
2 0.30781250000000004 0.5537109375 0.09375 0.076171875
2 0.35234375 0.546875 0.0390625 0.06640625
2 0.3828125 0.5439453125 0.040625 0.056640625
2 0.41171875 0.537109375 0.035937500000000004 0.046875
2 0.42812500000000003 0.53515625 0.025 0.04296875
2 0.44296875 0.5341796875 0.0234375 0.037109375
2 0.45390625 0.52734375 0.0328125 0.0390625
2 0.4765625 0.5302734375 0.015625 0.029296875
2 0.48671875000000003 0.5263671875 0.010937500000000001 0.021484375
2 0.49531250000000004 0.525390625 0.009375000000000001 0.015625
2 0.6015625 0.525390625 0.037500000000000006 0.02734375
2 0.55390625 0.5244140625 0.0171875 0.017578125
9 0.07187500000000001 0.416015625 0.0125 0.05859375
9 0.06796875000000001 0.4521484375 0.0203125 0.013671875
