7 0.34921875 0.41796875 0.004687500000000001 0.0234375
7 0.41640625000000003 0.373046875 0.0078125 0.0234375
7 0.42421875000000003 0.3916015625 0.0078125 0.017578125
9 0.4859375 0.4189453125 0.009375000000000001 0.025390625
0 0.11015625000000001 0.4853515625 0.029687500000000002 0.107421875
0 0.5921875 0.47265625 0.018750000000000003 0.0625
0 0.6484375 0.4462890625 0.018750000000000003 0.017578125
1 0.26796875000000003 0.490234375 0.026562500000000003 0.04296875
1 0.240625 0.4912109375 0.018750000000000003 0.037109375
1 0.29453125 0.5166015625 0.0328125 0.076171875
1 0.5476562500000001 0.4853515625 0.0171875 0.037109375
1 0.47187500000000004 0.49609375 0.025 0.05078125
1 0.5140625 0.4951171875 0.028125 0.052734375
1 0.7234375000000001 0.546875 0.0625 0.12890625
1 0.9375 0.6416015625 0.12187500000000001 0.236328125
2 0.42265625 0.46875 0.0546875 0.02734375
2 0.6453125000000001 0.4931640625 0.09375 0.080078125
2 0.909375 0.55078125 0.178125 0.23046875
0 0.29609375 0.48046875 0.0328125 0.09765625
0 0.47109375000000003 0.4736328125 0.0234375 0.076171875
0 0.5140625 0.46875 0.028125 0.08984375
0 0.7234375000000001 0.501953125 0.0625 0.1796875
0 0.9421875000000001 0.5537109375 0.10625000000000001 0.318359375
