4 0.53125 0.44140625 0.30000000000000004 0.12109375
4 0.84296875 0.42578125 0.31093750000000003 0.15234375
0 0.1703125 0.486328125 0.0125 0.046875
0 0.22578125000000002 0.494140625 0.0234375 0.0625
0 0.23750000000000002 0.486328125 0.03125 0.07421875
0 0.6046875 0.4599609375 0.018750000000000003 0.083984375
0 0.6265625 0.462890625 0.018750000000000003 0.07421875
0 0.6742187500000001 0.46484375 0.029687500000000002 0.109375
0 0.37734375000000003 0.4638671875 0.0078125 0.025390625
2 0.91015625 0.447265625 0.1765625 0.1328125
2 0.9484375 0.4443359375 0.1 0.095703125
2 0.95078125 0.4814453125 0.09531250000000001 0.119140625
8 0.340625 0.4765625 0.00625 0.01953125
