0 0.83125 0.5478515625 0.040625 0.052734375
0 0.8953125000000001 0.5361328125 0.021875000000000002 0.052734375
1 0.51796875 0.509765625 0.0078125 0.01171875
3 0.58359375 0.5380859375 0.045312500000000006 0.037109375
2 0.91171875 0.71875 0.17343750000000002 0.375
2 0.8125 0.6826171875 0.178125 0.212890625
2 0.62265625 0.5205078125 0.026562500000000003 0.037109375
2 0.56796875 0.525390625 0.035937500000000004 0.0390625
2 0.54921875 0.5185546875 0.0171875 0.033203125
2 0.021875000000000002 0.7080078125 0.043750000000000004 0.169921875
2 0.10234375000000001 0.642578125 0.20468750000000002 0.17578125
2 0.20468750000000002 0.599609375 0.11875000000000001 0.12890625
2 0.2734375 0.5771484375 0.08125 0.095703125
2 0.33203125 0.548828125 0.0671875 0.0625
2 0.36250000000000004 0.5341796875 0.05625 0.064453125
2 0.3953125 0.5263671875 0.025 0.041015625
2 0.40937500000000004 0.5224609375 0.018750000000000003 0.033203125
2 0.42265625 0.51953125 0.0203125 0.03125
2 0.4296875 0.5126953125 0.028125 0.033203125
2 0.44843750000000004 0.5107421875 0.0125 0.025390625
2 0.45859375 0.5087890625 0.010937500000000001 0.021484375
2 0.64609375 0.51953125 0.026562500000000003 0.03125
2 0.5398437500000001 0.517578125 0.010937500000000001 0.02734375
2 0.13593750000000002 0.53125 0.109375 0.0546875
2 0.49765625 0.4990234375 0.0078125 0.009765625
0 0.465625 0.5185546875 0.0125 0.041015625
0 0.51796875 0.5048828125 0.004687500000000001 0.017578125
15 0.465625 0.5380859375 0.0125 0.009765625
