7 0.18906250000000002 0.3681640625 0.015625 0.052734375
7 0.7578125 0.37109375 0.0125 0.04296875
0 0.25859375 0.4775390625 0.0171875 0.041015625
0 0.284375 0.4755859375 0.015625 0.048828125
0 0.30234375 0.4716796875 0.0140625 0.037109375
2 0.46875 0.4765625 0.043750000000000004 0.0390625
2 0.55703125 0.447265625 0.0171875 0.015625
2 0.5750000000000001 0.453125 0.018750000000000003 0.01953125
2 0.5906250000000001 0.4384765625 0.0125 0.013671875
2 0.58203125 0.431640625 0.010937500000000001 0.01171875
2 0.59765625 0.431640625 0.0078125 0.0078125
2 0.6117187500000001 0.431640625 0.010937500000000001 0.01171875
8 0.309375 0.517578125 0.0125 0.04296875
