1 0.59375 0.5048828125 0.009375000000000001 0.041015625
2 0.08046875 0.4951171875 0.1421875 0.130859375
2 0.19062500000000002 0.494140625 0.08750000000000001 0.078125
2 0.24296875 0.4814453125 0.06406250000000001 0.072265625
2 0.29140625000000003 0.4814453125 0.0421875 0.052734375
2 0.31640625 0.4765625 0.0421875 0.05078125
2 0.41328125000000004 0.4697265625 0.026562500000000003 0.025390625
2 0.44375000000000003 0.46875 0.040625 0.0390625
2 0.46953125 0.466796875 0.0140625 0.015625
2 0.48203125 0.46875 0.0140625 0.015625
2 0.578125 0.46875 0.08750000000000001 0.03125
2 0.49296875 0.466796875 0.010937500000000001 0.015625
2 0.503125 0.46875 0.009375000000000001 0.0078125
2 0.51328125 0.466796875 0.0078125 0.0078125
2 0.5203125000000001 0.466796875 0.00625 0.0078125
0 0.5921875 0.4833984375 0.018750000000000003 0.064453125
7 0.55625 0.4375 0.003125 0.0078125
