7 0.17890625000000002 0.3828125 0.0140625 0.04296875
9 0.67734375 0.4111328125 0.0140625 0.017578125
0 0.7453125 0.4560546875 0.018750000000000003 0.056640625
0 0.70625 0.455078125 0.0125 0.0390625
0 0.029687500000000002 0.4619140625 0.018750000000000003 0.041015625
1 0.17578125 0.552734375 0.060937500000000006 0.14453125
2 0.44843750000000004 0.4912109375 0.06875 0.068359375
2 0.41718750000000004 0.4775390625 0.021875000000000002 0.048828125
2 0.38906250000000003 0.4677734375 0.021875000000000002 0.029296875
2 0.38046875 0.4736328125 0.0140625 0.029296875
2 0.3609375 0.4775390625 0.040625 0.041015625
2 0.25625000000000003 0.4814453125 0.059375000000000004 0.060546875
0 0.18046875 0.4990234375 0.0578125 0.166015625
