7 0.03359375 0.3623046875 0.0171875 0.056640625
7 0.037500000000000006 0.423828125 0.018750000000000003 0.0234375
7 0.7046875 0.37109375 0.018750000000000003 0.05859375
7 0.6976562500000001 0.435546875 0.0203125 0.0234375
7 0.3875 0.4501953125 0.00625 0.017578125
7 0.5859375 0.455078125 0.00625 0.015625
9 0.037500000000000006 0.4013671875 0.040625 0.021484375
9 0.70625 0.412109375 0.046875 0.0234375
0 0.08984375 0.4921875 0.0078125 0.0625
0 0.2890625 0.482421875 0.00625 0.01953125
0 0.3359375 0.4814453125 0.00625 0.017578125
0 0.37109375 0.482421875 0.0078125 0.01953125
0 0.34453125 0.5185546875 0.045312500000000006 0.103515625
0 0.390625 0.478515625 0.00625 0.01953125
0 0.3953125 0.48046875 0.009375000000000001 0.02734375
0 0.41328125000000004 0.4853515625 0.004687500000000001 0.017578125
0 0.41796875 0.4873046875 0.004687500000000001 0.017578125
0 0.42109375000000004 0.4873046875 0.004687500000000001 0.017578125
0 0.43203125000000003 0.4853515625 0.004687500000000001 0.013671875
0 0.63046875 0.4892578125 0.0078125 0.021484375
0 0.64375 0.490234375 0.009375000000000001 0.01953125
0 0.65234375 0.490234375 0.004687500000000001 0.01953125
0 0.6664062500000001 0.490234375 0.0078125 0.015625
0 0.90390625 0.5166015625 0.0234375 0.083984375
0 0.9296875 0.51171875 0.028125 0.09375
2 0.509375 0.4912109375 0.009375000000000001 0.013671875
2 0.52890625 0.4951171875 0.0140625 0.021484375
2 0.5171875 0.4970703125 0.018750000000000003 0.025390625
2 0.5578125 0.4990234375 0.028125 0.029296875
2 0.5390625 0.48046875 0.00625 0.0078125
1 0.15703125 0.517578125 0.026562500000000003 0.0390625
8 0.584375 0.505859375 0.00625 0.01953125
