7 0.10234375000000001 0.3486328125 0.0203125 0.072265625
7 0.10078125 0.419921875 0.0203125 0.0234375
7 0.7984375 0.1796875 0.025 0.078125
9 0.11015625000000001 0.392578125 0.045312500000000006 0.015625
9 0.8484375000000001 0.451171875 0.025 0.03125
9 0.8851562500000001 0.4208984375 0.0171875 0.025390625
0 0.253125 0.482421875 0.015625 0.05078125
0 0.23593750000000002 0.4833984375 0.015625 0.048828125
0 0.20078125000000002 0.482421875 0.0140625 0.0625
0 0.22031250000000002 0.4814453125 0.015625 0.060546875
2 0.34765625 0.517578125 0.1078125 0.0859375
9 0.47421875 0.478515625 0.010937500000000001 0.015625
9 0.659375 0.466796875 0.021875000000000002 0.0078125
9 0.6921875000000001 0.47265625 0.00625 0.0078125
