0 0.49609375 0.4501953125 0.0078125 0.033203125
0 0.4890625 0.4482421875 0.00625 0.025390625
0 0.48046875 0.451171875 0.0078125 0.03125
2 0.8921875 0.6943359375 0.21250000000000002 0.416015625
2 0.8 0.576171875 0.21875 0.2109375
2 0.6984375 0.4541015625 0.078125 0.037109375
2 0.625 0.4814453125 0.06875 0.068359375
2 0.6046875 0.462890625 0.043750000000000004 0.05078125
2 0.584375 0.455078125 0.021875000000000002 0.0390625
2 0.571875 0.4560546875 0.015625 0.029296875
2 0.521875 0.4501953125 0.025 0.025390625
2 0.47265625 0.4423828125 0.010937500000000001 0.021484375
2 0.45546875000000003 0.4453125 0.029687500000000002 0.03125
2 0.453125 0.4541015625 0.021875000000000002 0.025390625
2 0.4375 0.45703125 0.018750000000000003 0.0390625
2 0.40937500000000004 0.458984375 0.05 0.0546875
2 0.37812500000000004 0.474609375 0.03125 0.05859375
2 0.33359375 0.474609375 0.08281250000000001 0.08203125
2 0.25625000000000003 0.4912109375 0.07500000000000001 0.115234375
2 0.15390625000000002 0.498046875 0.17343750000000002 0.1640625
2 0.060937500000000006 0.5498046875 0.12187500000000001 0.193359375
0 0.5578125 0.462890625 0.015625 0.05859375
0 0.5437500000000001 0.4599609375 0.0125 0.052734375
15 0.5554687500000001 0.4921875 0.0078125 0.00390625
15 0.54296875 0.486328125 0.0078125 0.00390625
