7 0.16484375 0.2197265625 0.026562500000000003 0.103515625
7 0.49765625 0.15625 0.035937500000000004 0.1171875
7 0.5007812500000001 0.2958984375 0.035937500000000004 0.044921875
7 0.16640625 0.33203125 0.029687500000000002 0.03515625
9 0.12890625 0.228515625 0.0203125 0.0703125
9 0.1453125 0.2919921875 0.065625 0.029296875
9 0.596875 0.2197265625 0.08125 0.029296875
0 0.17578125 0.4794921875 0.0390625 0.146484375
0 0.36562500000000003 0.5 0.05 0.2109375
0 0.42500000000000004 0.4853515625 0.06875 0.224609375
0 0.52265625 0.49609375 0.08281250000000001 0.31640625
0 0.7953125000000001 0.505859375 0.125 0.44140625
2 0.909375 0.4091796875 0.1125 0.037109375
2 0.5984375000000001 0.44921875 0.08125 0.0546875
2 0.6625000000000001 0.455078125 0.1 0.05078125
2 0.32343750000000004 0.44140625 0.14375000000000002 0.06640625
