4 0.48984375 0.470703125 0.035937500000000004 0.0390625
4 0.51484375 0.46875 0.0171875 0.01953125
4 0.53515625 0.4697265625 0.0171875 0.017578125
7 0.6898437500000001 0.4052734375 0.010937500000000001 0.013671875
7 0.7140625 0.43359375 0.00625 0.015625
7 0.328125 0.4130859375 0.0125 0.025390625
7 0.33046875000000003 0.4345703125 0.0078125 0.017578125
9 0.34921875 0.4150390625 0.0328125 0.013671875
9 0.34765625 0.4482421875 0.0390625 0.009765625
9 0.35078125000000004 0.4365234375 0.029687500000000002 0.005859375
9 0.35078125000000004 0.427734375 0.029687500000000002 0.0078125
9 0.44062500000000004 0.4306640625 0.028125 0.025390625
9 0.5796875 0.435546875 0.018750000000000003 0.0078125
9 0.58046875 0.443359375 0.0171875 0.00390625
9 0.58046875 0.44921875 0.0171875 0.00390625
0 0.38515625000000003 0.486328125 0.0171875 0.03515625
2 0.9476562500000001 0.81640625 0.1015625 0.36328125
2 0.8671875 0.6279296875 0.2625 0.232421875
2 0.6726562500000001 0.544921875 0.1171875 0.10546875
2 0.6296875000000001 0.5087890625 0.034375 0.041015625
2 0.6117187500000001 0.5009765625 0.026562500000000003 0.037109375
2 0.53046875 0.6591796875 0.2578125 0.263671875
2 0.5484375 0.5146484375 0.1375 0.056640625
2 0.178125 0.5390625 0.35625 0.4140625
2 0.02421875 0.822265625 0.0484375 0.28125
2 0.37890625 0.5625 0.0890625 0.12890625
2 0.42500000000000004 0.52734375 0.078125 0.0859375
2 0.44140625 0.490234375 0.0671875 0.0546875
2 0.8968750000000001 0.46875 0.05625 0.03515625
2 0.571875 0.4775390625 0.028125 0.017578125
