9 0.55078125 0.4287109375 0.0078125 0.013671875
9 0.3984375 0.408203125 0.0125 0.01953125
9 0.41640625000000003 0.4326171875 0.0078125 0.013671875
0 0.2671875 0.4970703125 0.034375 0.087890625
0 0.8539062500000001 0.556640625 0.1390625 0.375
0 0.5125000000000001 0.4638671875 0.0125 0.041015625
0 0.015625 0.443359375 0.0125 0.01953125
2 0.6515625 0.47265625 0.10625000000000001 0.078125
2 0.73359375 0.478515625 0.17343750000000002 0.11328125
2 0.07109375 0.48046875 0.1421875 0.08203125
2 0.15000000000000002 0.4755859375 0.12187500000000001 0.087890625
2 0.19687500000000002 0.447265625 0.05 0.03125
2 0.33906250000000004 0.439453125 0.08750000000000001 0.03125
2 0.30234375 0.4892578125 0.2390625 0.107421875
15 0.53515625 0.453125 0.060937500000000006 0.05078125
