7 0.26171875 0.4169921875 0.004687500000000001 0.013671875
7 0.22812500000000002 0.4189453125 0.003125 0.013671875
9 0.828125 0.2734375 0.028125 0.05078125
9 0.46484375 0.39453125 0.0234375 0.03125
9 0.46640625 0.4130859375 0.0171875 0.005859375
9 0.46640625 0.421875 0.0171875 0.0078125
9 0.40703125 0.427734375 0.0140625 0.01953125
0 0.7718750000000001 0.4609375 0.018750000000000003 0.0703125
0 0.59765625 0.4609375 0.0140625 0.046875
1 0.7828125 0.5107421875 0.09375 0.095703125
1 0.76328125 0.4931640625 0.09843750000000001 0.103515625
2 0.40390625 0.4755859375 0.045312500000000006 0.041015625
2 0.37812500000000004 0.470703125 0.028125 0.03125
2 0.33906250000000004 0.47265625 0.037500000000000006 0.046875
2 0.35859375000000004 0.46875 0.0140625 0.02734375
2 0.29375 0.4931640625 0.096875 0.083984375
2 0.16718750000000002 0.4755859375 0.037500000000000006 0.033203125
2 0.10859375 0.4873046875 0.09531250000000001 0.083984375
2 0.046875 0.5380859375 0.09375 0.259765625
