4 0.49140625000000004 0.4482421875 0.06406250000000001 0.083984375
7 0.61875 0.326171875 0.018750000000000003 0.0234375
7 0.1609375 0.3447265625 0.021875000000000002 0.025390625
9 0.6179687500000001 0.3701171875 0.029687500000000002 0.048828125
9 0.6515625 0.41796875 0.0125 0.01953125
9 0.92734375 0.369140625 0.010937500000000001 0.01953125
9 0.71875 0.3955078125 0.00625 0.017578125
9 0.15937500000000002 0.3984375 0.015625 0.0234375
0 0.525 0.46875 0.009375000000000001 0.02734375
0 0.59140625 0.46484375 0.0140625 0.04296875
0 0.60078125 0.46484375 0.010937500000000001 0.04296875
0 0.609375 0.46484375 0.009375000000000001 0.03515625
0 0.6218750000000001 0.4580078125 0.015625 0.041015625
0 0.63671875 0.4638671875 0.0140625 0.048828125
0 0.67578125 0.4677734375 0.0171875 0.048828125
0 0.67578125 0.46875 0.0140625 0.05859375
0 0.70703125 0.4697265625 0.0203125 0.072265625
0 0.74375 0.4697265625 0.025 0.083984375
0 0.95625 0.4521484375 0.03125 0.064453125
2 0.3921875 0.4658203125 0.0125 0.017578125
2 0.37890625 0.466796875 0.0171875 0.0234375
2 0.36328125 0.4697265625 0.0203125 0.029296875
2 0.33906250000000004 0.4736328125 0.040625 0.041015625
2 0.23984375000000002 0.5 0.11406250000000001 0.1015625
2 0.43359375 0.470703125 0.0671875 0.078125
