2 0.18203125 0.603515625 0.3140625 0.21484375
2 0.039843750000000004 0.5703125 0.07968750000000001 0.125
2 0.45078125 0.603515625 0.2765625 0.171875
2 0.3046875 0.533203125 0.115625 0.0703125
2 0.5671875000000001 0.5595703125 0.30000000000000004 0.169921875
2 0.71015625 0.5390625 0.0578125 0.11328125
2 0.7468750000000001 0.529296875 0.1125 0.1171875
2 0.8109375000000001 0.5283203125 0.10625000000000001 0.095703125
2 0.828125 0.517578125 0.15000000000000002 0.1015625
2 0.96640625 0.5478515625 0.06406250000000001 0.130859375
