7 0.234375 0.267578125 0.009375000000000001 0.03515625
7 0.35000000000000003 0.2763671875 0.009375000000000001 0.037109375
7 0.5164062500000001 0.373046875 0.010937500000000001 0.03125
7 0.9890625000000001 0.0947265625 0.018750000000000003 0.087890625
9 0.26015625000000003 0.2626953125 0.0140625 0.021484375
9 0.509375 0.3134765625 0.018750000000000003 0.013671875
9 0.7781250000000001 0.0849609375 0.06875 0.169921875
9 0.8031250000000001 0.3623046875 0.021875000000000002 0.044921875
0 0.05390625 0.50390625 0.0578125 0.21484375
0 0.0125 0.486328125 0.025 0.1796875
0 0.16953125000000002 0.466796875 0.0421875 0.125
0 0.89609375 0.4638671875 0.045312500000000006 0.205078125
0 0.73046875 0.470703125 0.051562500000000004 0.2265625
0 0.6421875 0.4501953125 0.0125 0.052734375
0 0.58125 0.4580078125 0.015625 0.056640625
0 0.546875 0.4560546875 0.015625 0.044921875
1 0.78046875 0.4892578125 0.0890625 0.076171875
2 0.35546875 0.6201171875 0.5015625 0.462890625
0 0.784375 0.458984375 0.0625 0.1015625
