2 0.50546875 0.4814453125 0.0390625 0.037109375
2 0.5437500000000001 0.46875 0.021875000000000002 0.02734375
2 0.55859375 0.466796875 0.010937500000000001 0.01953125
2 0.5671875000000001 0.4677734375 0.0125 0.017578125
2 0.5921875 0.462890625 0.0125 0.015625
2 0.58203125 0.4580078125 0.010937500000000001 0.013671875
2 0.6257812500000001 0.458984375 0.0078125 0.0078125
2 0.6109375 0.453125 0.003125 0.00390625
2 0.6179687500000001 0.453125 0.004687500000000001 0.00390625
2 0.6000000000000001 0.4560546875 0.00625 0.005859375
7 0.23984375000000002 0.380859375 0.010937500000000001 0.04296875
7 0.23515625 0.4384765625 0.0140625 0.017578125
7 0.34296875000000004 0.388671875 0.010937500000000001 0.03125
7 0.34296875000000004 0.4326171875 0.0078125 0.013671875
7 0.40937500000000004 0.396484375 0.009375000000000001 0.03125
7 0.40546875000000004 0.43359375 0.010937500000000001 0.01171875
9 0.28046875 0.416015625 0.0328125 0.0078125
7 0.721875 0.390625 0.009375000000000001 0.03125
7 0.7171875000000001 0.427734375 0.009375000000000001 0.01171875
9 0.28515625 0.3818359375 0.0703125 0.013671875
7 0.8187500000000001 0.3876953125 0.009375000000000001 0.033203125
7 0.8210937500000001 0.4228515625 0.0078125 0.021484375
0 0.43593750000000003 0.47265625 0.015625 0.04296875
2 0.57421875 0.466796875 0.0078125 0.015625
