2 0.41640625000000003 0.4599609375 0.029687500000000002 0.021484375
2 0.44375000000000003 0.458984375 0.03125 0.0234375
2 0.478125 0.45703125 0.028125 0.0234375
2 0.49453125000000003 0.4443359375 0.0171875 0.025390625
2 0.5109375 0.4580078125 0.034375 0.052734375
2 0.55078125 0.46484375 0.0734375 0.078125
2 0.56796875 0.47265625 0.0734375 0.0859375
2 0.6078125000000001 0.4931640625 0.1 0.091796875
2 0.67890625 0.443359375 0.0703125 0.03515625
2 0.65546875 0.43359375 0.035937500000000004 0.01953125
2 0.29765625 0.478515625 0.09843750000000001 0.08203125
2 0.15546875000000002 0.4951171875 0.1953125 0.166015625
2 0.032031250000000004 0.5 0.06406250000000001 0.2890625
