7 0.23359375000000002 0.3291015625 0.0203125 0.056640625
7 0.23203125000000002 0.3896484375 0.0171875 0.021484375
7 0.5484375 0.1728515625 0.018750000000000003 0.060546875
7 0.74765625 0.3076171875 0.0203125 0.056640625
7 0.7429687500000001 0.373046875 0.010937500000000001 0.01953125
0 0.703125 0.4658203125 0.015625 0.044921875
0 0.21015625000000002 0.466796875 0.026562500000000003 0.0625
1 0.9773437500000001 0.4697265625 0.0421875 0.068359375
1 0.71484375 0.474609375 0.0203125 0.04296875
1 0.6390625000000001 0.4736328125 0.015625 0.037109375
1 0.6179687500000001 0.470703125 0.0140625 0.03515625
2 0.4921875 0.4580078125 0.037500000000000006 0.064453125
2 0.465625 0.4677734375 0.0625 0.076171875
2 0.34296875000000004 0.4736328125 0.0765625 0.072265625
2 0.3796875 0.4755859375 0.021875000000000002 0.048828125
2 0.43281250000000004 0.4794921875 0.08125 0.072265625
2 0.9625 0.7099609375 0.07187500000000001 0.310546875
0 0.71640625 0.462890625 0.0171875 0.05859375
0 0.6390625000000001 0.462890625 0.015625 0.046875
0 0.6179687500000001 0.4560546875 0.0140625 0.041015625
