4 0.51953125 0.44921875 0.0671875 0.08203125
4 0.43281250000000004 0.4541015625 0.096875 0.041015625
4 0.8210937500000001 0.4052734375 0.2578125 0.076171875
0 0.8703125 0.494140625 0.08750000000000001 0.2421875
0 0.7937500000000001 0.51953125 0.0625 0.19921875
0 0.6890625 0.462890625 0.025 0.09765625
0 0.66015625 0.4677734375 0.0203125 0.095703125
0 0.6421875 0.462890625 0.025 0.09375
0 0.6742187500000001 0.462890625 0.0171875 0.09375
0 0.6156250000000001 0.4638671875 0.025 0.099609375
0 0.5953125 0.4619140625 0.0125 0.052734375
0 0.5859375 0.458984375 0.009375000000000001 0.046875
0 0.5765625 0.4580078125 0.009375000000000001 0.044921875
0 0.5703125 0.4521484375 0.009375000000000001 0.029296875
0 0.5578125 0.458984375 0.0125 0.04296875
0 0.55078125 0.4599609375 0.010937500000000001 0.041015625
0 0.52890625 0.466796875 0.0140625 0.046875
0 0.3765625 0.46484375 0.00625 0.0234375
0 0.371875 0.46484375 0.00625 0.0234375
0 0.3640625 0.4619140625 0.00625 0.021484375
0 0.17500000000000002 0.486328125 0.021875000000000002 0.0546875
0 0.12890625 0.486328125 0.0140625 0.01953125
2 0.95234375 0.4853515625 0.0921875 0.107421875
2 0.93515625 0.447265625 0.1265625 0.12890625
2 0.47187500000000004 0.4619140625 0.028125 0.025390625
2 0.453125 0.462890625 0.025 0.0234375
2 0.31484375000000003 0.4970703125 0.09531250000000001 0.087890625
2 0.13359375 0.6162109375 0.2671875 0.271484375
2 0.7718750000000001 0.4365234375 0.115625 0.068359375
0 0.10859375 0.498046875 0.026562500000000003 0.046875
