7 0.11640625 0.37890625 0.010937500000000001 0.02734375
7 0.13671875 0.3701171875 0.0078125 0.025390625
7 0.140625 0.3984375 0.009375000000000001 0.015625
7 0.24375000000000002 0.3876953125 0.009375000000000001 0.029296875
7 0.25859375 0.4140625 0.0078125 0.01171875
7 0.6078125000000001 0.3994140625 0.0125 0.017578125
7 0.5359375000000001 0.3916015625 0.009375000000000001 0.025390625
7 0.53359375 0.4140625 0.0078125 0.0078125
9 0.05 0.359375 0.0125 0.0234375
9 0.72578125 0.345703125 0.0203125 0.03125
9 0.66171875 0.41015625 0.0171875 0.00390625
9 0.60859375 0.3671875 0.0140625 0.02734375
9 0.496875 0.4052734375 0.009375000000000001 0.013671875
0 0.54921875 0.4580078125 0.0203125 0.048828125
0 0.52578125 0.45703125 0.0140625 0.046875
0 0.50625 0.46875 0.028125 0.0703125
0 0.434375 0.4541015625 0.015625 0.044921875
0 0.45937500000000003 0.46484375 0.015625 0.0703125
0 0.47109375000000003 0.466796875 0.0234375 0.07421875
0 0.5765625 0.466796875 0.028125 0.07421875
0 0.3140625 0.455078125 0.015625 0.05078125
0 0.32656250000000003 0.4638671875 0.028125 0.080078125
0 0.11406250000000001 0.45703125 0.021875000000000002 0.078125
0 0.23750000000000002 0.42578125 0.00625 0.015625
2 0.38828125 0.4501953125 0.010937500000000001 0.009765625
2 0.46796875000000004 0.455078125 0.051562500000000004 0.02734375
2 0.6421875 0.4560546875 0.0625 0.060546875
2 0.30312500000000003 0.470703125 0.021875000000000002 0.06640625
2 0.290625 0.4765625 0.037500000000000006 0.078125
2 0.234375 0.482421875 0.1125 0.1015625
2 0.78671875 0.5234375 0.2484375 0.18359375
