4 0.6703125000000001 0.4482421875 0.037500000000000006 0.017578125
4 0.7265625 0.4482421875 0.040625 0.017578125
4 0.55234375 0.451171875 0.0703125 0.0234375
9 0.6976562500000001 0.4228515625 0.010937500000000001 0.021484375
0 0.36562500000000003 0.4560546875 0.0125 0.048828125
0 0.37421875000000004 0.4609375 0.0171875 0.05859375
0 0.40703125 0.4599609375 0.0078125 0.037109375
0 0.41328125000000004 0.462890625 0.010937500000000001 0.0390625
0 0.4234375 0.4658203125 0.0125 0.033203125
0 0.46875 0.455078125 0.003125 0.01171875
0 0.49609375 0.4541015625 0.004687500000000001 0.013671875
0 0.50234375 0.455078125 0.004687500000000001 0.015625
0 0.5078125 0.453125 0.003125 0.0078125
0 0.6101562500000001 0.47265625 0.0171875 0.06640625
0 0.6585937500000001 0.46484375 0.0078125 0.0234375
0 0.6484375 0.4765625 0.015625 0.06640625
0 0.6742187500000001 0.470703125 0.0078125 0.03125
0 0.6875 0.4736328125 0.0125 0.044921875
0 0.7078125000000001 0.4736328125 0.0125 0.044921875
0 0.7289062500000001 0.46875 0.010937500000000001 0.03515625
0 0.73984375 0.462890625 0.010937500000000001 0.01953125
2 0.56796875 0.458984375 0.0171875 0.01171875
2 0.5828125000000001 0.4599609375 0.018750000000000003 0.013671875
2 0.6296875000000001 0.4697265625 0.021875000000000002 0.025390625
2 0.74609375 0.51953125 0.0890625 0.109375
2 0.83515625 0.529296875 0.1765625 0.19140625
2 0.90546875 0.5947265625 0.1859375 0.326171875
8 0.41250000000000003 0.4794921875 0.00625 0.013671875
15 0.60859375 0.5087890625 0.010937500000000001 0.009765625
15 0.6484375 0.5126953125 0.0125 0.005859375
