7 0.2609375 0.3193359375 0.015625 0.064453125
7 0.30625 0.33203125 0.015625 0.0625
7 0.64375 0.34765625 0.0125 0.046875
7 0.6890625 0.3173828125 0.018750000000000003 0.072265625
7 0.63203125 0.3515625 0.010937500000000001 0.0390625
7 0.67578125 0.32421875 0.0078125 0.05859375
7 0.2515625 0.357421875 0.009375000000000001 0.03125
0 0.039843750000000004 0.4248046875 0.026562500000000003 0.072265625
0 0.17343750000000002 0.4326171875 0.034375 0.103515625
0 0.2515625 0.42578125 0.018750000000000003 0.0625
0 0.27734375 0.421875 0.0234375 0.0625
0 0.3015625 0.41796875 0.009375000000000001 0.046875
0 0.9750000000000001 0.4248046875 0.018750000000000003 0.044921875
0 0.8523437500000001 0.412109375 0.0078125 0.0234375
6 0.45156250000000003 0.3857421875 0.059375000000000004 0.041015625
6 0.50703125 0.3974609375 0.0578125 0.072265625
2 0.6976562500000001 0.4228515625 0.045312500000000006 0.048828125
2 0.7351562500000001 0.4208984375 0.045312500000000006 0.044921875
2 0.8054687500000001 0.44140625 0.1203125 0.10546875
2 0.9085937500000001 0.439453125 0.11093750000000001 0.09765625
2 0.5320312500000001 0.416015625 0.0203125 0.0234375
2 0.5484375 0.4208984375 0.025 0.037109375
2 0.49531250000000004 0.4287109375 0.046875 0.060546875
2 0.5867187500000001 0.4228515625 0.0671875 0.076171875
2 0.6375000000000001 0.4052734375 0.028125 0.017578125
2 0.4375 0.4482421875 0.11875000000000001 0.115234375
2 0.63046875 0.501953125 0.1703125 0.1796875
