9 0.6492187500000001 0.427734375 0.010937500000000001 0.0234375
9 0.47265625 0.4404296875 0.004687500000000001 0.005859375
9 0.46484375 0.439453125 0.004687500000000001 0.0078125
6 0.40390625 0.4462890625 0.0546875 0.029296875
2 0.57578125 0.46875 0.1078125 0.10546875
2 0.5140625 0.4609375 0.05 0.0625
2 0.48750000000000004 0.46875 0.0125 0.02734375
2 0.47890625000000003 0.4638671875 0.0171875 0.029296875
2 0.46875 0.4609375 0.015625 0.0234375
2 0.4625 0.4580078125 0.015625 0.017578125
2 0.4609375 0.4541015625 0.018750000000000003 0.017578125
2 0.44921875 0.45703125 0.0078125 0.01171875
2 0.43515625 0.4560546875 0.010937500000000001 0.013671875
2 0.37578125 0.45703125 0.0140625 0.015625
2 0.3484375 0.470703125 0.05 0.05078125
2 0.31328125 0.4677734375 0.029687500000000002 0.033203125
2 0.2734375 0.470703125 0.028125 0.05859375
2 0.24296875 0.4736328125 0.0546875 0.060546875
2 0.2171875 0.4814453125 0.053125000000000006 0.060546875
2 0.15937500000000002 0.4873046875 0.096875 0.080078125
2 0.096875 0.4609375 0.046875 0.046875
2 0.0421875 0.46484375 0.059375000000000004 0.05078125
2 0.025 0.4697265625 0.05 0.060546875
2 0.209375 0.4482421875 0.040625 0.029296875
