9 0.94296875 0.3837890625 0.0578125 0.076171875
0 0.8070312500000001 0.5234375 0.029687500000000002 0.08203125
0 0.76875 0.509765625 0.021875000000000002 0.078125
0 0.4296875 0.447265625 0.00625 0.01953125
0 0.41953125 0.4404296875 0.004687500000000001 0.017578125
1 0.36796875 0.4609375 0.010937500000000001 0.01953125
1 0.38359375 0.4560546875 0.010937500000000001 0.017578125
1 0.39375000000000004 0.458984375 0.0125 0.0234375
2 0.9484375 0.673828125 0.1 0.16015625
2 0.08125 0.7509765625 0.1625 0.392578125
2 0.1328125 0.59375 0.265625 0.29296875
2 0.23046875 0.455078125 0.0203125 0.046875
2 0.24531250000000002 0.451171875 0.03125 0.04296875
2 0.23125 0.421875 0.018750000000000003 0.015625
2 0.24921875000000002 0.4228515625 0.0203125 0.013671875
2 0.26875 0.4228515625 0.018750000000000003 0.013671875
2 0.309375 0.4736328125 0.053125000000000006 0.052734375
2 0.33125000000000004 0.4609375 0.037500000000000006 0.05078125
2 0.34296875000000004 0.44921875 0.029687500000000002 0.04296875
2 0.5398437500000001 0.4931640625 0.060937500000000006 0.060546875
2 0.5234375 0.478515625 0.053125000000000006 0.0546875
2 0.496875 0.4736328125 0.025 0.041015625
2 0.48515625 0.4677734375 0.0234375 0.033203125
2 0.46718750000000003 0.4638671875 0.018750000000000003 0.029296875
2 0.45937500000000003 0.45703125 0.015625 0.0234375
2 0.453125 0.4521484375 0.015625 0.021484375
2 0.4453125 0.4482421875 0.0125 0.021484375
2 0.43671875000000004 0.4453125 0.010937500000000001 0.01953125
2 0.42500000000000004 0.4404296875 0.0125 0.017578125
2 0.41250000000000003 0.4404296875 0.0125 0.017578125
2 0.359375 0.4384765625 0.009375000000000001 0.017578125
2 0.36640625000000004 0.43359375 0.010937500000000001 0.015625
2 0.18203125 0.4384765625 0.0484375 0.033203125
2 0.06796875000000001 0.43359375 0.029687500000000002 0.0234375
2 0.0890625 0.427734375 0.03125 0.03125
2 0.11015625000000001 0.431640625 0.010937500000000001 0.02734375
2 0.1203125 0.4306640625 0.0125 0.025390625
2 0.13046875 0.431640625 0.010937500000000001 0.01953125
2 0.2921875 0.42578125 0.018750000000000003 0.01171875
0 0.36796875 0.4521484375 0.010937500000000001 0.033203125
0 0.38359375 0.4462890625 0.010937500000000001 0.029296875
0 0.39375000000000004 0.4462890625 0.009375000000000001 0.029296875
9 0.9398437500000001 0.4287109375 0.0234375 0.013671875
