0 0.8500000000000001 0.4873046875 0.040625 0.134765625
0 0.2546875 0.5009765625 0.018750000000000003 0.064453125
0 0.2671875 0.5 0.015625 0.05859375
2 0.025781250000000002 0.5224609375 0.051562500000000004 0.060546875
2 0.047656250000000004 0.5048828125 0.0546875 0.041015625
2 0.1015625 0.5205078125 0.1 0.068359375
2 0.23515625 0.486328125 0.0203125 0.02734375
2 0.35390625000000003 0.494140625 0.035937500000000004 0.0390625
2 0.37265625 0.4912109375 0.0140625 0.033203125
2 0.13984375000000002 0.498046875 0.0234375 0.0234375
