0 0.7210937500000001 0.421875 0.0078125 0.0234375
0 0.728125 0.419921875 0.00625 0.01953125
0 0.8875000000000001 0.4443359375 0.009375000000000001 0.037109375
0 0.87890625 0.4443359375 0.010937500000000001 0.037109375
0 0.3984375 0.4013671875 0.0125 0.037109375
0 0.38203125000000004 0.400390625 0.0078125 0.03125
0 0.371875 0.3994140625 0.009375000000000001 0.033203125
0 0.36250000000000004 0.3984375 0.009375000000000001 0.03515625
0 0.5046875000000001 0.4033203125 0.00625 0.017578125
0 0.49843750000000003 0.4033203125 0.00625 0.017578125
0 0.49062500000000003 0.4013671875 0.00625 0.017578125
0 0.44296875 0.3974609375 0.004687500000000001 0.013671875
0 0.44609375 0.396484375 0.004687500000000001 0.01171875
0 0.7015625000000001 0.4150390625 0.00625 0.021484375
0 0.6890625 0.4140625 0.00625 0.015625
0 0.68359375 0.4140625 0.004687500000000001 0.015625
0 0.6484375 0.412109375 0.00625 0.02734375
0 0.67109375 0.4130859375 0.004687500000000001 0.017578125
0 0.6664062500000001 0.412109375 0.004687500000000001 0.015625
6 0.55 0.3623046875 0.040625 0.048828125
2 0.5375 0.4248046875 0.059375000000000004 0.076171875
2 0.5750000000000001 0.40625 0.0125 0.015625
2 0.5921875 0.408203125 0.015625 0.01171875
2 0.6062500000000001 0.408203125 0.0125 0.01171875
