7 0.5546875 0.40234375 0.009375000000000001 0.0234375
7 0.253125 0.4111328125 0.00625 0.021484375
7 0.1015625 0.412109375 0.00625 0.02734375
9 0.96796875 0.298828125 0.060937500000000006 0.07421875
9 0.553125 0.427734375 0.0125 0.0234375
9 0.25625000000000003 0.435546875 0.0125 0.0234375
0 0.20625000000000002 0.4765625 0.0125 0.046875
0 0.11328125 0.47265625 0.0234375 0.078125
1 0.5867187500000001 0.4921875 0.0234375 0.05078125
2 0.44765625000000003 0.47265625 0.13593750000000002 0.15625
2 0.3640625 0.4765625 0.018750000000000003 0.02734375
2 0.34140625 0.4755859375 0.029687500000000002 0.033203125
0 0.5875 0.470703125 0.025 0.078125
