0 0.85859375 0.3662109375 0.0171875 0.056640625
0 0.97421875 0.369140625 0.0234375 0.0546875
0 0.94140625 0.3720703125 0.0140625 0.048828125
2 0.9320312500000001 0.48828125 0.1328125 0.18359375
2 0.1171875 0.5078125 0.234375 0.23828125
2 0.23125 0.3935546875 0.053125000000000006 0.095703125
2 0.15859375 0.404296875 0.15156250000000002 0.11328125
2 0.28203125 0.3857421875 0.0703125 0.080078125
2 0.32265625000000003 0.3837890625 0.0234375 0.064453125
2 0.3484375 0.37890625 0.034375 0.046875
2 0.36796875 0.3798828125 0.0171875 0.041015625
2 0.3828125 0.37890625 0.021875000000000002 0.03125
2 0.39765625000000004 0.376953125 0.0171875 0.02734375
2 0.46015625000000004 0.3681640625 0.0140625 0.013671875
2 0.40937500000000004 0.3720703125 0.021875000000000002 0.025390625
2 0.59375 0.42578125 0.10312500000000001 0.09765625
2 0.55234375 0.412109375 0.029687500000000002 0.078125
2 0.5593750000000001 0.396484375 0.06875 0.07421875
2 0.5234375 0.392578125 0.03125 0.0546875
2 0.50546875 0.3837890625 0.0234375 0.037109375
2 0.49843750000000003 0.376953125 0.021875000000000002 0.03125
2 0.4859375 0.373046875 0.015625 0.0234375
2 0.478125 0.37109375 0.0125 0.01953125
2 0.43593750000000003 0.3671875 0.0125 0.01171875
2 0.44921875 0.3681640625 0.010937500000000001 0.013671875
