7 0.21875 0.318359375 0.0125 0.03515625
7 0.2671875 0.3291015625 0.0125 0.033203125
7 0.79296875 0.3232421875 0.010937500000000001 0.048828125
7 0.7296875 0.33984375 0.009375000000000001 0.03515625
7 0.921875 0.373046875 0.009375000000000001 0.03125
7 0.81640625 0.37109375 0.010937500000000001 0.02734375
9 0.79296875 0.357421875 0.010937500000000001 0.015625
9 0.728125 0.365234375 0.009375000000000001 0.01171875
9 0.7039062500000001 0.3642578125 0.0140625 0.017578125
0 0.08281250000000001 0.431640625 0.03125 0.125
0 0.1125 0.43359375 0.028125 0.12890625
0 0.12734375 0.431640625 0.029687500000000002 0.12890625
0 0.15546875000000002 0.4091796875 0.026562500000000003 0.107421875
0 0.18046875 0.4228515625 0.029687500000000002 0.130859375
0 0.20625000000000002 0.4208984375 0.043750000000000004 0.123046875
0 0.23125 0.421875 0.025 0.109375
0 0.24609375 0.4267578125 0.0234375 0.099609375
0 0.26640625 0.408203125 0.0171875 0.0859375
0 0.28359375000000003 0.40625 0.0203125 0.08984375
0 0.2984375 0.4189453125 0.015625 0.087890625
0 0.25078125 0.3671875 0.0140625 0.01953125
0 0.3125 0.4150390625 0.021875000000000002 0.099609375
0 0.328125 0.4130859375 0.015625 0.087890625
0 0.9460937500000001 0.4541015625 0.0203125 0.080078125
0 0.9375 0.4384765625 0.018750000000000003 0.060546875
0 0.77734375 0.4423828125 0.0203125 0.083984375
0 0.703125 0.4326171875 0.0125 0.064453125
0 0.7132812500000001 0.4306640625 0.0140625 0.072265625
0 0.7312500000000001 0.4365234375 0.0125 0.064453125
0 0.73828125 0.431640625 0.0171875 0.07421875
0 0.7578125 0.42578125 0.0125 0.0546875
0 0.7937500000000001 0.41796875 0.009375000000000001 0.02734375
0 0.82734375 0.4384765625 0.0171875 0.072265625
0 0.84296875 0.44140625 0.0140625 0.0625
0 0.8539062500000001 0.443359375 0.010937500000000001 0.06640625
0 0.87109375 0.4482421875 0.0234375 0.087890625
0 0.8796875000000001 0.431640625 0.0125 0.04296875
0 0.915625 0.4404296875 0.015625 0.064453125
0 0.90390625 0.4306640625 0.0078125 0.041015625
0 0.6328125 0.4140625 0.009375000000000001 0.0390625
0 0.640625 0.404296875 0.00625 0.0234375
0 0.65390625 0.404296875 0.0078125 0.0234375
0 0.6640625 0.408203125 0.00625 0.02734375
6 0.46953125 0.3876953125 0.30781250000000004 0.462890625
