7 0.64609375 0.376953125 0.010937500000000001 0.03125
7 0.7640625000000001 0.443359375 0.009375000000000001 0.02734375
7 0.5640625 0.431640625 0.0125 0.03515625
7 0.54296875 0.4599609375 0.004687500000000001 0.009765625
7 0.5281250000000001 0.4560546875 0.003125 0.009765625
7 0.5203125000000001 0.4345703125 0.003125 0.005859375
7 0.55078125 0.44140625 0.0015625 0.00390625
7 0.5234375 0.376953125 0.009375000000000001 0.02734375
7 0.4625 0.3818359375 0.009375000000000001 0.025390625
7 0.48046875 0.3173828125 0.0140625 0.044921875
7 0.38906250000000003 0.4375 0.009375000000000001 0.03515625
9 0.71875 0.4365234375 0.0125 0.025390625
9 0.56875 0.4609375 0.0125 0.015625
9 0.5234375 0.4560546875 0.003125 0.005859375
9 0.45859375 0.3076171875 0.0171875 0.021484375
9 0.45156250000000003 0.3779296875 0.009375000000000001 0.013671875
9 0.3875 0.4482421875 0.018750000000000003 0.025390625
1 0.6609375000000001 0.52734375 0.018750000000000003 0.02734375
2 0.37734375000000003 0.5244140625 0.0921875 0.068359375
2 0.5984375000000001 0.5166015625 0.07187500000000001 0.072265625
2 0.8875000000000001 0.5478515625 0.22187500000000002 0.232421875
2 0.76328125 0.52734375 0.11093750000000001 0.13671875
2 0.70703125 0.5341796875 0.026562500000000003 0.072265625
2 0.6898437500000001 0.5234375 0.0421875 0.0625
2 0.64375 0.5009765625 0.028125 0.025390625
2 0.5125000000000001 0.4990234375 0.021875000000000002 0.021484375
2 0.534375 0.4990234375 0.018750000000000003 0.017578125
0 0.66015625 0.5146484375 0.0140625 0.041015625
