4 0.4109375 0.4287109375 0.040625 0.052734375
7 0.7890625 0.2685546875 0.021875000000000002 0.068359375
7 0.790625 0.353515625 0.025 0.02734375
9 0.7796875000000001 0.3271484375 0.046875 0.021484375
9 0.56875 0.3994140625 0.0125 0.017578125
9 0.56875 0.4130859375 0.0125 0.009765625
0 0.321875 0.4736328125 0.03125 0.138671875
1 0.32890625 0.49609375 0.11406250000000001 0.0859375
2 0.61640625 0.462890625 0.08281250000000001 0.0859375
2 0.5734375 0.44921875 0.059375000000000004 0.06640625
2 0.540625 0.4541015625 0.018750000000000003 0.044921875
2 0.52734375 0.44921875 0.0234375 0.0390625
2 0.51484375 0.4462890625 0.0171875 0.033203125
2 0.4921875 0.4453125 0.0125 0.01171875
2 0.503125 0.4443359375 0.015625 0.025390625
2 0.4578125 0.44921875 0.037500000000000006 0.03515625
2 0.340625 0.458984375 0.05625 0.0703125
2 0.27890625 0.4697265625 0.09843750000000001 0.087890625
9 0.69296875 0.3681640625 0.0140625 0.025390625
