7 0.88671875 0.3544921875 0.0140625 0.048828125
7 0.83359375 0.353515625 0.0140625 0.04296875
7 0.8757812500000001 0.3984375 0.0171875 0.0234375
7 0.60703125 0.380859375 0.0078125 0.03125
7 0.16640625 0.38671875 0.010937500000000001 0.03515625
9 0.6023437500000001 0.416015625 0.0171875 0.02734375
0 0.8890625000000001 0.4580078125 0.021875000000000002 0.076171875
0 0.8679687500000001 0.474609375 0.029687500000000002 0.10546875
0 0.02890625 0.4853515625 0.0234375 0.076171875
0 0.16328125000000002 0.4736328125 0.0171875 0.056640625
1 0.22265625 0.498046875 0.0234375 0.05859375
1 0.24609375 0.498046875 0.0171875 0.05078125
2 0.4546875 0.4853515625 0.153125 0.173828125
2 0.3671875 0.4736328125 0.03125 0.041015625
2 0.31562500000000004 0.4833984375 0.08125 0.080078125
0 0.24531250000000002 0.47265625 0.018750000000000003 0.05078125
0 0.22578125000000002 0.47265625 0.026562500000000003 0.07421875
