0 0.46406250000000004 0.388671875 0.009375000000000001 0.03125
0 0.4 0.3828125 0.009375000000000001 0.03515625
0 0.40468750000000003 0.3828125 0.009375000000000001 0.03515625
0 0.028125 0.3447265625 0.043750000000000004 0.083984375
0 0.0734375 0.3779296875 0.053125000000000006 0.189453125
0 0.42031250000000003 0.3837890625 0.0125 0.033203125
2 0.03359375 0.4638671875 0.0671875 0.244140625
2 0.9046875000000001 0.47265625 0.1875 0.18359375
2 0.55859375 0.4267578125 0.1203125 0.119140625
2 0.5125000000000001 0.396484375 0.065625 0.08203125
2 0.4921875 0.3857421875 0.03125 0.060546875
2 0.47187500000000004 0.390625 0.0125 0.02734375
2 0.12734375 0.3955078125 0.09531250000000001 0.107421875
2 0.18203125 0.3916015625 0.06406250000000001 0.087890625
2 0.2421875 0.3857421875 0.07187500000000001 0.064453125
2 0.284375 0.384765625 0.037500000000000006 0.05859375
2 0.44140625 0.388671875 0.0203125 0.0234375
2 0.32265625000000003 0.3828125 0.045312500000000006 0.046875
2 0.34296875000000004 0.3818359375 0.0203125 0.044921875
2 0.3640625 0.3837890625 0.028125 0.037109375
2 0.3828125 0.3857421875 0.015625 0.025390625
0 0.3953125 0.3876953125 0.009375000000000001 0.025390625
