7 0.26875 0.3173828125 0.025 0.060546875
0 0.6796875 0.4970703125 0.096875 0.306640625
0 0.62421875 0.5322265625 0.0671875 0.201171875
0 0.484375 0.53125 0.1 0.328125
0 0.53125 0.5146484375 0.06875 0.275390625
0 0.5945312500000001 0.4697265625 0.0171875 0.076171875
0 0.42734375 0.4873046875 0.0484375 0.201171875
0 0.35468750000000004 0.5166015625 0.08125 0.279296875
0 0.284375 0.4921875 0.05625 0.23828125
0 0.7429687500000001 0.4619140625 0.029687500000000002 0.048828125
0 0.8031250000000001 0.4521484375 0.018750000000000003 0.029296875
1 0.14375000000000002 0.4951171875 0.08125 0.072265625
