9 0.18203125 0.4287109375 0.0078125 0.013671875
9 0.2828125 0.44140625 0.00625 0.01171875
0 0.41250000000000003 0.4775390625 0.025 0.076171875
0 0.51171875 0.4794921875 0.026562500000000003 0.087890625
2 0.03671875 0.4677734375 0.0328125 0.017578125
2 0.0890625 0.4658203125 0.053125000000000006 0.021484375
2 0.19921875 0.47265625 0.1046875 0.04296875
15 0.2734375 0.4609375 0.03125 0.03125
2 0.33906250000000004 0.4658203125 0.0625 0.033203125
2 0.37265625 0.466796875 0.0671875 0.046875
2 0.434375 0.4775390625 0.03125 0.037109375
15 0.51796875 0.451171875 0.15781250000000002 0.09765625
