9 0.36328125 0.44140625 0.0171875 0.0078125
2 0.9625 0.5986328125 0.07187500000000001 0.259765625
2 0.84765625 0.51171875 0.3015625 0.26171875
2 0.625 0.48046875 0.07187500000000001 0.03515625
2 0.55625 0.4638671875 0.028125 0.029296875
2 0.51484375 0.474609375 0.060937500000000006 0.03125
2 0.47109375000000003 0.4716796875 0.029687500000000002 0.029296875
2 0.4375 0.470703125 0.043750000000000004 0.03515625
2 0.39375000000000004 0.470703125 0.040625 0.02734375
2 0.2546875 0.4873046875 0.08750000000000001 0.080078125
2 0.14140625 0.5 0.13593750000000002 0.1171875
