9 0.93515625 0.3486328125 0.026562500000000003 0.048828125
0 0.71640625 0.4775390625 0.010937500000000001 0.017578125
2 0.46015625000000004 0.4990234375 0.010937500000000001 0.025390625
2 0.46718750000000003 0.501953125 0.00625 0.01953125
2 0.41640625000000003 0.490234375 0.0203125 0.0390625
2 0.4375 0.4951171875 0.021875000000000002 0.037109375
2 0.44375000000000003 0.494140625 0.021875000000000002 0.0390625
2 0.39296875000000003 0.4951171875 0.045312500000000006 0.041015625
2 0.54296875 0.4990234375 0.0203125 0.037109375
2 0.5703125 0.5 0.053125000000000006 0.0546875
2 0.86640625 0.63671875 0.26406250000000003 0.265625
2 0.9609375 0.7734375 0.07500000000000001 0.234375
2 0.0671875 0.57421875 0.134375 0.1796875
