4 0.37109375 0.5361328125 0.0390625 0.037109375
7 0.8765625 0.4638671875 0.021875000000000002 0.041015625
9 0.89765625 0.37890625 0.051562500000000004 0.0625
0 0.94921875 0.6474609375 0.029687500000000002 0.095703125
0 0.86875 0.59375 0.021875000000000002 0.08984375
0 0.98828125 0.642578125 0.0203125 0.1171875
0 0.8265625000000001 0.6201171875 0.03125 0.154296875
0 0.80859375 0.6328125 0.029687500000000002 0.15625
0 0.7718750000000001 0.640625 0.040625 0.1640625
0 0.6976562500000001 0.7119140625 0.07968750000000001 0.298828125
0 0.6640625 0.642578125 0.05625 0.18359375
0 0.521875 0.716796875 0.16875 0.3828125
0 0.41640625000000003 0.556640625 0.0078125 0.01953125
0 0.18984375 0.5673828125 0.010937500000000001 0.041015625
0 0.20625000000000002 0.5615234375 0.0125 0.033203125
0 0.22109375 0.556640625 0.0078125 0.02734375
0 0.23593750000000002 0.5625 0.009375000000000001 0.03125
0 0.2671875 0.548828125 0.00625 0.01953125
0 0.2765625 0.5517578125 0.00625 0.021484375
0 0.51328125 0.4453125 0.0390625 0.0859375
0 0.29531250000000003 0.548828125 0.00625 0.015625
0 0.29921875000000003 0.548828125 0.004687500000000001 0.015625
0 0.30625 0.5498046875 0.003125 0.013671875
0 0.9500000000000001 0.580078125 0.03125 0.05078125
0 0.9734375000000001 0.5927734375 0.03125 0.099609375
6 0.55234375 0.5205078125 0.2171875 0.275390625
2 0.35390625000000003 0.6337890625 0.1328125 0.154296875
