9 0.9859375 0.3935546875 0.025 0.072265625
0 0.8703125 0.52734375 0.028125 0.078125
0 0.83984375 0.513671875 0.0203125 0.078125
0 0.5078125 0.44921875 0.00625 0.0234375
1 0.446875 0.4580078125 0.009375000000000001 0.017578125
1 0.45937500000000003 0.455078125 0.0125 0.01953125
1 0.47187500000000004 0.4580078125 0.0125 0.021484375
2 0.971875 0.681640625 0.053125000000000006 0.1015625
2 0.6156250000000001 0.4921875 0.059375000000000004 0.0625
2 0.60078125 0.478515625 0.051562500000000004 0.0546875
2 0.5734375 0.474609375 0.025 0.0390625
2 0.55859375 0.4716796875 0.0140625 0.029296875
2 0.55 0.4638671875 0.015625 0.021484375
2 0.54296875 0.4609375 0.0140625 0.01953125
2 0.5359375000000001 0.458984375 0.0125 0.01953125
2 0.5296875 0.4560546875 0.0125 0.021484375
2 0.52265625 0.4521484375 0.0140625 0.021484375
2 0.51484375 0.44921875 0.010937500000000001 0.0234375
2 0.503125 0.4423828125 0.0125 0.017578125
2 0.49062500000000003 0.4404296875 0.015625 0.017578125
2 0.15000000000000002 0.736328125 0.30000000000000004 0.4140625
2 0.26015625000000003 0.576171875 0.2234375 0.2578125
2 0.08359375000000001 0.4912109375 0.16718750000000002 0.087890625
2 0.1640625 0.4267578125 0.028125 0.021484375
2 0.18046875 0.4208984375 0.0328125 0.025390625
2 0.2078125 0.4248046875 0.03125 0.021484375
2 0.22890625 0.4267578125 0.026562500000000003 0.017578125
2 0.32890625 0.44921875 0.035937500000000004 0.046875
2 0.26875 0.4345703125 0.043750000000000004 0.025390625
2 0.34765625 0.4228515625 0.0203125 0.013671875
2 0.37031250000000004 0.42578125 0.018750000000000003 0.01171875
2 0.325 0.4208984375 0.025 0.013671875
2 0.39375000000000004 0.474609375 0.05 0.05078125
2 0.41015625 0.4599609375 0.035937500000000004 0.048828125
2 0.42031250000000003 0.4482421875 0.028125 0.037109375
2 0.43281250000000004 0.443359375 0.015625 0.03125
2 0.4453125 0.4326171875 0.009375000000000001 0.009765625
2 0.45234375000000004 0.4306640625 0.010937500000000001 0.009765625
2 0.46171875 0.4296875 0.0078125 0.0078125
2 0.47890625000000003 0.431640625 0.010937500000000001 0.0078125
0 0.446875 0.44921875 0.009375000000000001 0.02734375
0 0.45937500000000003 0.4462890625 0.009375000000000001 0.029296875
0 0.47187500000000004 0.4462890625 0.0125 0.033203125
9 0.98828125 0.4384765625 0.0203125 0.017578125
