7 0.775 0.2353515625 0.03125 0.076171875
7 0.7273437500000001 0.259765625 0.029687500000000002 0.0625
7 0.5296875 0.3857421875 0.00625 0.013671875
9 0.728125 0.3046875 0.025 0.02734375
0 0.41718750000000004 0.4140625 0.009375000000000001 0.03125
0 0.40234375 0.408203125 0.010937500000000001 0.03125
0 0.35546875 0.4208984375 0.0171875 0.052734375
0 0.33046875000000003 0.4208984375 0.0234375 0.072265625
0 0.24375000000000002 0.3740234375 0.0125 0.029296875
0 0.2890625 0.4228515625 0.015625 0.068359375
0 0.27265625 0.4208984375 0.0171875 0.080078125
1 0.48515625 0.43359375 0.0171875 0.0390625
6 0.703125 0.40234375 0.08125 0.10546875
6 0.9007812500000001 0.3994140625 0.1921875 0.212890625
2 0.9640625 0.501953125 0.06875 0.140625
2 0.80625 0.4306640625 0.1375 0.166015625
2 0.6578125 0.4267578125 0.043750000000000004 0.041015625
2 0.6375000000000001 0.4189453125 0.025 0.044921875
2 0.62421875 0.4169921875 0.0234375 0.044921875
2 0.60703125 0.416015625 0.0203125 0.03515625
2 0.5953125 0.4140625 0.015625 0.03125
2 0.5234375 0.4169921875 0.021875000000000002 0.021484375
2 0.453125 0.4052734375 0.059375000000000004 0.087890625
2 0.56796875 0.41015625 0.026562500000000003 0.0234375
0 0.484375 0.4169921875 0.0125 0.044921875
