7 0.8500000000000001 0.3505859375 0.015625 0.041015625
7 0.71015625 0.2236328125 0.0234375 0.080078125
7 0.57734375 0.3583984375 0.010937500000000001 0.037109375
7 0.44843750000000004 0.271484375 0.009375000000000001 0.03125
7 0.31328125 0.365234375 0.010937500000000001 0.03515625
7 0.3796875 0.03125 0.028125 0.0625
7 0.878125 0.1884765625 0.015625 0.048828125
9 0.83125 0.3505859375 0.025 0.048828125
0 0.39609375 0.4697265625 0.0140625 0.060546875
0 0.35234375 0.4736328125 0.0234375 0.052734375
0 0.240625 0.462890625 0.0125 0.05859375
0 0.22421875000000002 0.45703125 0.0171875 0.0546875
0 0.115625 0.4658203125 0.018750000000000003 0.064453125
0 0.6062500000000001 0.453125 0.0125 0.05078125
1 0.8203125 0.50390625 0.065625 0.1171875
1 0.7367187500000001 0.5068359375 0.0703125 0.119140625
1 0.978125 0.5126953125 0.040625 0.166015625
1 0.33125000000000004 0.498046875 0.028125 0.0625
1 0.19062500000000002 0.5009765625 0.046875 0.099609375
2 0.80234375 0.482421875 0.16718750000000002 0.06640625
2 0.5109375 0.5224609375 0.21875 0.201171875
0 0.3328125 0.47265625 0.034375 0.09765625
0 0.19140625 0.4765625 0.051562500000000004 0.12109375
7 0.69453125 0.23828125 0.0328125 0.1015625
