9 0.78515625 0.3720703125 0.010937500000000001 0.017578125
1 0.30234375 0.4609375 0.035937500000000004 0.05078125
1 0.371875 0.455078125 0.028125 0.0390625
1 0.4421875 0.44921875 0.021875000000000002 0.04296875
1 0.48671875000000003 0.44921875 0.029687500000000002 0.03515625
1 0.52109375 0.4501953125 0.0140625 0.025390625
1 0.53046875 0.4443359375 0.010937500000000001 0.021484375
1 0.53828125 0.443359375 0.0078125 0.0234375
2 0.7546875000000001 0.4306640625 0.06875 0.072265625
2 0.0546875 0.427734375 0.109375 0.1015625
2 0.46484375 0.4306640625 0.0328125 0.033203125
2 0.5015625 0.4345703125 0.034375 0.041015625
0 0.30078125 0.4326171875 0.029687500000000002 0.068359375
0 0.37343750000000003 0.4375 0.025 0.0546875
0 0.44062500000000004 0.4287109375 0.018750000000000003 0.052734375
0 0.4859375 0.4365234375 0.015625 0.044921875
0 0.5203125000000001 0.4296875 0.015625 0.04296875
0 0.53125 0.431640625 0.0125 0.03125
0 0.53828125 0.427734375 0.010937500000000001 0.02734375
