7 0.37031250000000004 0.4541015625 0.00625 0.025390625
7 0.4140625 0.40234375 0.0125 0.0234375
7 0.45859375 0.412109375 0.010937500000000001 0.01953125
7 0.49375 0.4140625 0.00625 0.015625
7 0.32421875 0.4501953125 0.0078125 0.021484375
9 0.40078125000000003 0.4833984375 0.004687500000000001 0.005859375
9 0.35546875 0.4287109375 0.0328125 0.009765625
9 0.3453125 0.4580078125 0.00625 0.005859375
9 0.3453125 0.4619140625 0.003125 0.001953125
9 0.39921875 0.400390625 0.0078125 0.01171875
9 0.47421875 0.4111328125 0.0078125 0.013671875
9 0.51328125 0.4296875 0.0234375 0.0078125
9 0.553125 0.4287109375 0.00625 0.025390625
9 0.56953125 0.435546875 0.0140625 0.01171875
9 0.5921875 0.423828125 0.009375000000000001 0.01953125
9 0.7054687500000001 0.3525390625 0.06406250000000001 0.060546875
9 0.70703125 0.388671875 0.0234375 0.01171875
9 0.9750000000000001 0.2138671875 0.046875 0.115234375
9 0.98203125 0.294921875 0.0328125 0.046875
0 0.003125 0.5009765625 0.00625 0.056640625
0 0.018750000000000003 0.5 0.018750000000000003 0.078125
0 0.028125 0.501953125 0.009375000000000001 0.06640625
0 0.03828125 0.5 0.0171875 0.07421875
0 0.049218750000000006 0.498046875 0.0140625 0.0703125
0 0.06484375 0.498046875 0.0203125 0.06640625
0 0.07734375 0.4951171875 0.0171875 0.068359375
0 0.09375 0.49609375 0.015625 0.05078125
0 0.1203125 0.4931640625 0.0125 0.048828125
0 0.1375 0.5009765625 0.0125 0.044921875
0 0.13046875 0.4921875 0.010937500000000001 0.046875
0 0.15156250000000002 0.494140625 0.0125 0.04296875
0 0.16171875000000002 0.4951171875 0.0140625 0.052734375
0 0.17578125 0.494140625 0.0171875 0.05078125
0 0.19062500000000002 0.4921875 0.015625 0.046875
0 0.20468750000000002 0.4921875 0.015625 0.046875
0 0.2171875 0.490234375 0.0125 0.05078125
0 0.2390625 0.4921875 0.0125 0.03515625
0 0.25078125 0.4892578125 0.010937500000000001 0.037109375
0 0.2609375 0.4912109375 0.0125 0.033203125
0 0.2765625 0.4921875 0.009375000000000001 0.02734375
0 0.28671875 0.4892578125 0.010937500000000001 0.033203125
0 0.328125 0.490234375 0.00625 0.0234375
0 0.309375 0.48828125 0.00625 0.0234375
0 0.64375 0.455078125 0.009375000000000001 0.02734375
0 0.6570312500000001 0.458984375 0.0078125 0.02734375
6 0.47968750000000004 0.470703125 0.037500000000000006 0.0625
2 0.37734375000000003 0.486328125 0.035937500000000004 0.0390625
2 0.534375 0.4951171875 0.10625000000000001 0.107421875
2 0.453125 0.4892578125 0.015625 0.021484375
2 0.4390625 0.4931640625 0.0125 0.013671875
15 0.6101562500000001 0.4658203125 0.051562500000000004 0.029296875
