7 0.47968750000000004 0.283203125 0.015625 0.04296875
7 0.58203125 0.3740234375 0.0078125 0.033203125
7 0.5945312500000001 0.3720703125 0.010937500000000001 0.033203125
7 0.85859375 0.298828125 0.0171875 0.0546875
7 0.7125 0.4267578125 0.0125 0.021484375
7 0.70625 0.3642578125 0.0125 0.025390625
7 0.06796875000000001 0.427734375 0.010937500000000001 0.015625
7 0.05078125 0.3916015625 0.0171875 0.037109375
9 0.7210937500000001 0.283203125 0.0328125 0.0859375
9 0.6000000000000001 0.3193359375 0.03125 0.013671875
9 0.5593750000000001 0.376953125 0.009375000000000001 0.01953125
9 0.89453125 0.1123046875 0.0890625 0.138671875
0 0.6859375000000001 0.4697265625 0.021875000000000002 0.103515625
2 0.48281250000000003 0.466796875 0.1125 0.12890625
