7 0.021875000000000002 0.28515625 0.0125 0.03515625
7 0.06328125 0.310546875 0.010937500000000001 0.03515625
7 0.134375 0.2109375 0.03125 0.10546875
7 0.11328125 0.41015625 0.010937500000000001 0.02734375
7 0.23984375000000002 0.4130859375 0.010937500000000001 0.025390625
7 0.240625 0.4462890625 0.0125 0.013671875
7 0.96640625 0.357421875 0.0328125 0.109375
7 0.9546875 0.435546875 0.028125 0.03515625
7 0.83359375 0.396484375 0.010937500000000001 0.046875
7 0.8367187500000001 0.4375 0.010937500000000001 0.01171875
7 0.6937500000000001 0.3330078125 0.0125 0.041015625
9 0.08515625 0.412109375 0.0171875 0.00390625
9 0.465625 0.4345703125 0.009375000000000001 0.013671875
9 0.8289062500000001 0.361328125 0.0203125 0.01171875
9 0.6421875 0.435546875 0.009375000000000001 0.01171875
0 0.70234375 0.5478515625 0.026562500000000003 0.107421875
2 0.50703125 0.4599609375 0.0234375 0.021484375
