0 0.275 0.474609375 0.009375000000000001 0.0234375
0 0.12109375 0.455078125 0.0203125 0.02734375
1 0.321875 0.482421875 0.0125 0.02734375
2 0.029687500000000002 0.5234375 0.059375000000000004 0.1328125
2 0.1390625 0.5078125 0.12812500000000002 0.09765625
2 0.2109375 0.498046875 0.053125000000000006 0.0625
2 0.23750000000000002 0.490234375 0.034375 0.05859375
2 0.34453125 0.474609375 0.026562500000000003 0.0234375
2 0.3515625 0.46875 0.021875000000000002 0.0234375
2 0.36796875 0.4716796875 0.0140625 0.017578125
2 0.37421875000000004 0.46875 0.010937500000000001 0.015625
2 0.9421875000000001 0.5771484375 0.1125 0.232421875
2 0.8296875 0.533203125 0.290625 0.21875
2 0.9375 0.4560546875 0.12187500000000001 0.068359375
2 0.6765625000000001 0.5048828125 0.115625 0.142578125
2 0.60546875 0.4970703125 0.08281250000000001 0.080078125
2 0.5609375 0.48046875 0.065625 0.0703125
2 0.5421875 0.4736328125 0.0625 0.068359375
2 0.509375 0.4736328125 0.021875000000000002 0.048828125
2 0.47968750000000004 0.4677734375 0.028125 0.033203125
2 0.46171875 0.4658203125 0.0140625 0.025390625
2 0.43203125000000003 0.4677734375 0.010937500000000001 0.009765625
2 0.4421875 0.4658203125 0.009375000000000001 0.009765625
2 0.3953125 0.4677734375 0.009375000000000001 0.009765625
2 0.49765625 0.4638671875 0.0234375 0.029296875
2 0.41796875 0.466796875 0.0171875 0.01171875
0 0.32421875 0.4658203125 0.0140625 0.037109375
