9 0.33125000000000004 0.4501953125 0.028125 0.009765625
9 0.40703125 0.447265625 0.0421875 0.0078125
9 0.51875 0.4521484375 0.028125 0.009765625
2 0.19843750000000002 0.5283203125 0.06875 0.037109375
2 0.028125 0.5439453125 0.05625 0.052734375
2 0.32578125 0.513671875 0.051562500000000004 0.02734375
2 0.36328125 0.4951171875 0.0140625 0.009765625
2 0.33984375 0.4990234375 0.0140625 0.009765625
2 0.39140625 0.4912109375 0.010937500000000001 0.009765625
2 0.45625000000000004 0.4931640625 0.018750000000000003 0.017578125
2 0.47578125000000004 0.4873046875 0.0140625 0.017578125
2 0.5320312500000001 0.4892578125 0.0171875 0.017578125
2 0.52109375 0.509765625 0.0390625 0.04296875
2 0.5710937500000001 0.478515625 0.0078125 0.0078125
2 0.56484375 0.4833984375 0.010937500000000001 0.013671875
2 0.5593750000000001 0.48828125 0.015625 0.015625
2 0.584375 0.4951171875 0.021875000000000002 0.021484375
2 0.5828125000000001 0.4755859375 0.009375000000000001 0.009765625
2 0.60859375 0.556640625 0.11406250000000001 0.12109375
