4 0.55859375 0.552734375 0.0234375 0.03125
7 0.02734375 0.4228515625 0.0203125 0.064453125
7 0.8601562500000001 0.4443359375 0.0171875 0.048828125
7 0.59765625 0.5234375 0.004687500000000001 0.015625
7 0.11796875000000001 0.490234375 0.010937500000000001 0.03125
7 0.028125 0.5654296875 0.018750000000000003 0.052734375
9 0.8601562500000001 0.494140625 0.026562500000000003 0.03515625
9 0.9281250000000001 0.478515625 0.034375 0.0390625
9 0.81015625 0.4912109375 0.0328125 0.009765625
9 0.81015625 0.5048828125 0.0328125 0.009765625
0 0.41796875 0.5654296875 0.0078125 0.025390625
0 0.12890625 0.61328125 0.026562500000000003 0.1015625
0 0.10234375000000001 0.6083984375 0.029687500000000002 0.123046875
0 0.1859375 0.568359375 0.0125 0.03125
0 0.1640625 0.578125 0.015625 0.0625
0 0.15390625000000002 0.5859375 0.0234375 0.078125
0 0.74140625 0.55859375 0.010937500000000001 0.04296875
0 0.7515625 0.5595703125 0.0125 0.041015625
0 0.7640625000000001 0.564453125 0.0125 0.046875
0 0.77734375 0.564453125 0.0140625 0.0546875
0 0.8578125000000001 0.57421875 0.021875000000000002 0.08203125
0 0.68359375 0.5634765625 0.010937500000000001 0.037109375
0 0.696875 0.5673828125 0.009375000000000001 0.037109375
0 0.59375 0.564453125 0.009375000000000001 0.02734375
0 0.5875 0.5615234375 0.00625 0.025390625
0 0.6453125000000001 0.5615234375 0.00625 0.029296875
0 0.6664062500000001 0.564453125 0.010937500000000001 0.03125
0 0.6515625 0.5634765625 0.00625 0.029296875
0 0.6578125 0.5576171875 0.00625 0.021484375
3 0.34375 0.5869140625 0.025 0.041015625
2 0.47421875 0.583984375 0.0671875 0.06640625
2 0.43828125 0.5693359375 0.0234375 0.025390625
2 0.38671875 0.5703125 0.045312500000000006 0.046875
2 0.5242187500000001 0.56640625 0.0421875 0.04296875
0 0.34375 0.572265625 0.025 0.05078125
