4 0.5710937500000001 0.5361328125 0.0203125 0.033203125
7 0.33906250000000004 0.560546875 0.009375000000000001 0.01171875
9 0.16875 0.494140625 0.018750000000000003 0.0234375
9 0.16953125000000002 0.5185546875 0.0203125 0.025390625
9 0.1703125 0.5439453125 0.018750000000000003 0.025390625
9 0.946875 0.4091796875 0.043750000000000004 0.052734375
9 0.96015625 0.4658203125 0.0328125 0.025390625
9 0.8132812500000001 0.431640625 0.0328125 0.0390625
9 0.8125 0.462890625 0.03125 0.0234375
0 0.21250000000000002 0.59375 0.0125 0.0546875
0 0.60703125 0.5556640625 0.0078125 0.029296875
0 0.5984375000000001 0.5517578125 0.009375000000000001 0.025390625
0 0.70234375 0.580078125 0.0078125 0.03515625
0 0.74140625 0.5830078125 0.0140625 0.056640625
0 0.7546875000000001 0.5830078125 0.015625 0.056640625
0 0.7921875 0.5859375 0.018750000000000003 0.06640625
0 0.81015625 0.591796875 0.0203125 0.05859375
0 0.83359375 0.5771484375 0.0203125 0.076171875
0 0.8515625 0.59375 0.028125 0.07421875
1 0.8929687500000001 0.6650390625 0.0578125 0.126953125
1 0.940625 0.58984375 0.05625 0.06640625
3 0.51015625 0.625 0.0421875 0.08203125
2 0.06328125 0.6591796875 0.1265625 0.142578125
2 0.30703125000000003 0.6015625 0.0734375 0.06640625
2 0.39609375 0.6015625 0.0703125 0.0625
2 0.46328125000000003 0.578125 0.0234375 0.0234375
2 0.5078125 0.5498046875 0.0125 0.013671875
2 0.52109375 0.5517578125 0.0140625 0.013671875
2 0.53671875 0.548828125 0.0140625 0.015625
2 0.578125 0.5712890625 0.021875000000000002 0.025390625
2 0.571875 0.55078125 0.015625 0.015625
2 0.47968750000000004 0.5634765625 0.018750000000000003 0.025390625
2 0.5 0.6015625 0.059375000000000004 0.06640625
0 0.5085937500000001 0.599609375 0.035937500000000004 0.0859375
0 0.8921875 0.6279296875 0.059375000000000004 0.146484375
