9 0.43046875 0.419921875 0.010937500000000001 0.01171875
0 0.54140625 0.4794921875 0.0203125 0.056640625
0 0.48125 0.4482421875 0.00625 0.017578125
1 0.46015625000000004 0.482421875 0.0203125 0.0390625
1 0.50546875 0.4833984375 0.0171875 0.037109375
1 0.96015625 0.4912109375 0.0703125 0.056640625
1 0.94296875 0.4931640625 0.0578125 0.052734375
2 0.1125 0.58203125 0.225 0.1640625
2 0.06171875 0.4931640625 0.1234375 0.087890625
2 0.1390625 0.4775390625 0.08125 0.048828125
2 0.30781250000000004 0.5126953125 0.08750000000000001 0.083984375
2 0.35703125 0.48828125 0.0578125 0.05859375
2 0.384375 0.4814453125 0.03125 0.052734375
2 0.39296875000000003 0.470703125 0.0484375 0.05859375
2 0.4234375 0.46484375 0.025 0.0390625
2 0.43828125 0.462890625 0.010937500000000001 0.02734375
2 0.51796875 0.4580078125 0.0171875 0.029296875
2 0.44843750000000004 0.4609375 0.0125 0.02734375
2 0.46796875000000004 0.453125 0.010937500000000001 0.01953125
2 0.47578125000000004 0.4521484375 0.0078125 0.017578125
2 0.96484375 0.8515625 0.0671875 0.2734375
2 0.86640625 0.6923828125 0.26406250000000003 0.287109375
2 0.7734375 0.572265625 0.19375 0.19140625
2 0.6531250000000001 0.501953125 0.115625 0.1171875
2 0.59609375 0.50390625 0.026562500000000003 0.0625
2 0.584375 0.4814453125 0.059375000000000004 0.048828125
2 0.55390625 0.45703125 0.035937500000000004 0.02734375
0 0.46015625000000004 0.4658203125 0.0171875 0.060546875
0 0.50546875 0.466796875 0.0140625 0.05859375
0 0.05 0.44140625 0.009375000000000001 0.015625
0 0.05859375 0.4404296875 0.010937500000000001 0.013671875
0 0.20703125 0.44921875 0.0078125 0.015625
