9 0.32343750000000004 0.4697265625 0.0125 0.021484375
2 0.45546875000000003 0.4560546875 0.004687500000000001 0.005859375
2 0.45156250000000003 0.458984375 0.00625 0.0078125
2 0.43281250000000004 0.4677734375 0.009375000000000001 0.009765625
2 0.42031250000000003 0.4677734375 0.009375000000000001 0.009765625
2 0.4109375 0.46875 0.009375000000000001 0.01171875
2 0.39765625000000004 0.46875 0.004687500000000001 0.0078125
2 0.36640625000000004 0.4736328125 0.0140625 0.017578125
2 0.38125000000000003 0.4716796875 0.018750000000000003 0.017578125
2 0.340625 0.4755859375 0.015625 0.017578125
2 0.30078125 0.4775390625 0.026562500000000003 0.021484375
2 0.47265625 0.46875 0.010937500000000001 0.015625
0 0.40234375 0.4638671875 0.010937500000000001 0.021484375
8 0.6140625000000001 0.4755859375 0.009375000000000001 0.033203125
1 0.40234375 0.46875 0.010937500000000001 0.01171875
