0 0.67109375 0.51953125 0.035937500000000004 0.13671875
0 0.596875 0.53125 0.03125 0.11328125
0 0.47734375 0.5029296875 0.0140625 0.052734375
0 0.46406250000000004 0.505859375 0.0125 0.046875
0 0.321875 0.4931640625 0.009375000000000001 0.009765625
0 0.31640625 0.4951171875 0.004687500000000001 0.009765625
2 0.40390625 0.505859375 0.1078125 0.05078125
2 0.353125 0.5 0.037500000000000006 0.03125
2 0.14921875 0.5048828125 0.1453125 0.068359375
2 0.051562500000000004 0.623046875 0.10312500000000001 0.2265625
