9 0.62265625 0.4130859375 0.0078125 0.017578125
9 0.596875 0.41796875 0.00625 0.015625
9 0.2671875 0.4296875 0.00625 0.01171875
9 0.92734375 0.3525390625 0.0328125 0.013671875
2 0.9085937500000001 0.4765625 0.17343750000000002 0.07421875
2 0.5710937500000001 0.4755859375 0.0546875 0.052734375
2 0.546875 0.4736328125 0.025 0.044921875
2 0.54609375 0.466796875 0.0421875 0.05078125
2 0.5203125000000001 0.4677734375 0.021875000000000002 0.041015625
2 0.50625 0.46484375 0.025 0.03125
2 0.037500000000000006 0.4873046875 0.07500000000000001 0.158203125
2 0.109375 0.501953125 0.08750000000000001 0.08984375
2 0.19453125000000002 0.48828125 0.0859375 0.07421875
2 0.24609375 0.4833984375 0.0578125 0.052734375
2 0.28671875 0.478515625 0.045312500000000006 0.04296875
2 0.37265625 0.470703125 0.026562500000000003 0.0234375
2 0.3796875 0.466796875 0.025 0.02734375
2 0.34296875000000004 0.46484375 0.0390625 0.01953125
2 0.3984375 0.46484375 0.018750000000000003 0.01953125
2 0.45625000000000004 0.4599609375 0.0125 0.013671875
2 0.41171875 0.4609375 0.0140625 0.01171875
2 0.44062500000000004 0.4619140625 0.015625 0.013671875
