7 0.28671875 0.3701171875 0.035937500000000004 0.052734375
7 0.42734375 0.41796875 0.0140625 0.03515625
7 0.43281250000000004 0.490234375 0.00625 0.01953125
9 0.31953125000000004 0.2109375 0.0703125 0.1171875
9 0.31796875 0.2802734375 0.0734375 0.025390625
9 0.31875000000000003 0.31640625 0.07187500000000001 0.046875
9 0.31953125000000004 0.3623046875 0.0703125 0.048828125
9 0.328125 0.5546875 0.065625 0.08203125
9 0.42734375 0.4609375 0.0203125 0.0234375
9 0.5578125 0.4619140625 0.009375000000000001 0.009765625
9 0.09140625000000001 0.32421875 0.1453125 0.15625
0 0.88984375 0.4921875 0.0140625 0.046875
2 0.8171875000000001 0.5517578125 0.14375000000000002 0.126953125
2 0.6546875000000001 0.5986328125 0.215625 0.240234375
2 0.98203125 0.6669921875 0.0328125 0.232421875
