7 0.2890625 0.4482421875 0.009375000000000001 0.017578125
7 0.3453125 0.455078125 0.00625 0.02734375
7 0.39140625 0.396484375 0.0140625 0.0234375
7 0.44296875 0.41015625 0.010937500000000001 0.01953125
7 0.48125 0.4130859375 0.00625 0.017578125
9 0.32578125 0.4267578125 0.0328125 0.009765625
9 0.37578125 0.3955078125 0.010937500000000001 0.013671875
9 0.4609375 0.408203125 0.009375000000000001 0.015625
9 0.50390625 0.4296875 0.026562500000000003 0.0078125
9 0.5750000000000001 0.43359375 0.018750000000000003 0.015625
9 0.55 0.4326171875 0.009375000000000001 0.033203125
9 0.6156250000000001 0.4150390625 0.009375000000000001 0.025390625
9 0.38125000000000003 0.48828125 0.00625 0.00390625
9 0.9281250000000001 0.2421875 0.13125 0.12109375
9 0.9320312500000001 0.3173828125 0.0484375 0.021484375
0 0.00390625 0.5166015625 0.0078125 0.056640625
0 0.01015625 0.505859375 0.0140625 0.05859375
0 0.0234375 0.5078125 0.025 0.078125
0 0.0421875 0.5087890625 0.021875000000000002 0.072265625
0 0.05390625 0.5068359375 0.0203125 0.056640625
0 0.07187500000000001 0.5029296875 0.018750000000000003 0.068359375
0 0.08828125 0.5029296875 0.0171875 0.064453125
0 0.1046875 0.501953125 0.015625 0.0625
0 0.12109375 0.501953125 0.0171875 0.06640625
0 0.13359375 0.5048828125 0.0171875 0.056640625
0 0.14765625000000002 0.505859375 0.0140625 0.0546875
0 0.1640625 0.5029296875 0.0125 0.041015625
0 0.171875 0.4990234375 0.0125 0.048828125
0 0.22812500000000002 0.498046875 0.009375000000000001 0.03125
6 0.46718750000000003 0.4716796875 0.043750000000000004 0.064453125
2 0.2734375 0.4912109375 0.08125 0.076171875
2 0.53046875 0.50390625 0.09843750000000001 0.109375
2 0.43515625 0.4931640625 0.026562500000000003 0.037109375
2 0.41171875 0.498046875 0.0203125 0.0234375
15 0.61640625 0.4716796875 0.060937500000000006 0.033203125
0 0.66171875 0.4599609375 0.010937500000000001 0.037109375
