7 0.5328125 0.52734375 0.00625 0.015625
7 0.909375 0.46875 0.015625 0.04296875
7 0.03125 0.33203125 0.028125 0.09375
7 0.028125 0.5576171875 0.018750000000000003 0.048828125
7 0.3796875 0.50390625 0.00625 0.01953125
9 0.78515625 0.501953125 0.051562500000000004 0.02734375
0 0.5164062500000001 0.5625 0.010937500000000001 0.02734375
0 0.8968750000000001 0.6181640625 0.043750000000000004 0.146484375
0 0.8609375 0.6142578125 0.037500000000000006 0.150390625
0 0.940625 0.6240234375 0.03125 0.150390625
0 0.9625 0.630859375 0.040625 0.15234375
0 0.2421875 0.5654296875 0.009375000000000001 0.029296875
0 0.04453125 0.56640625 0.010937500000000001 0.03125
0 0.057031250000000006 0.5712890625 0.010937500000000001 0.033203125
0 0.06640625 0.5654296875 0.0078125 0.021484375
3 0.81953125 0.6298828125 0.0578125 0.095703125
2 0.1921875 0.58984375 0.053125000000000006 0.0546875
2 0.33906250000000004 0.568359375 0.028125 0.02734375
2 0.47187500000000004 0.5498046875 0.018750000000000003 0.017578125
2 0.46328125000000003 0.5478515625 0.0078125 0.009765625
2 0.453125 0.5458984375 0.0125 0.017578125
2 0.9796875 0.57421875 0.037500000000000006 0.0234375
