7 0.80859375 0.376953125 0.010937500000000001 0.03125
7 0.83515625 0.4130859375 0.0140625 0.017578125
7 0.565625 0.39453125 0.009375000000000001 0.02734375
7 0.1859375 0.400390625 0.009375000000000001 0.03125
9 0.9789062500000001 0.2958984375 0.035937500000000004 0.064453125
9 0.5609375 0.427734375 0.015625 0.03125
9 0.0578125 0.4013671875 0.0125 0.025390625
0 0.88828125 0.451171875 0.026562500000000003 0.046875
0 0.853125 0.4892578125 0.037500000000000006 0.115234375
0 0.8140625 0.48046875 0.025 0.08203125
0 0.796875 0.48046875 0.018750000000000003 0.0703125
0 0.7289062500000001 0.4794921875 0.0203125 0.076171875
0 0.70234375 0.4755859375 0.0234375 0.087890625
0 0.71640625 0.4736328125 0.0140625 0.080078125
0 0.11875000000000001 0.4853515625 0.018750000000000003 0.060546875
0 0.0890625 0.4873046875 0.018750000000000003 0.068359375
0 0.10078125 0.484375 0.0171875 0.0703125
0 0.065625 0.484375 0.018750000000000003 0.06640625
0 0.046875 0.48046875 0.018750000000000003 0.0703125
0 0.014843750000000001 0.494140625 0.029687500000000002 0.10546875
2 0.43125 0.501953125 0.1875 0.2109375
2 0.2859375 0.498046875 0.10312500000000001 0.0859375
