7 0.71875 0.357421875 0.009375000000000001 0.0234375
9 0.7921875 0.412109375 0.0125 0.01171875
9 0.7937500000000001 0.42578125 0.0125 0.015625
2 0.92578125 0.5849609375 0.1453125 0.244140625
2 0.6179687500000001 0.537109375 0.1203125 0.12890625
2 0.7289062500000001 0.5078125 0.0734375 0.07421875
2 0.70078125 0.48828125 0.045312500000000006 0.05078125
2 0.675 0.484375 0.021875000000000002 0.03515625
2 0.66171875 0.4775390625 0.0234375 0.025390625
2 0.6390625000000001 0.46875 0.028125 0.015625
2 0.6140625000000001 0.4697265625 0.018750000000000003 0.009765625
