0 0.33906250000000004 0.5166015625 0.025 0.095703125
1 0.47265625 0.4970703125 0.0171875 0.037109375
2 0.9773437500000001 0.4833984375 0.0421875 0.068359375
2 0.9554687500000001 0.47265625 0.0859375 0.08203125
2 0.8562500000000001 0.4677734375 0.06875 0.072265625
2 0.8992187500000001 0.47265625 0.0703125 0.06640625
2 0.81640625 0.46484375 0.0546875 0.05859375
2 0.7734375 0.44140625 0.05625 0.0234375
2 0.78515625 0.4765625 0.0546875 0.0546875
2 0.5164062500000001 0.435546875 0.0078125 0.0078125
2 0.5078125 0.4365234375 0.009375000000000001 0.009765625
2 0.49609375 0.4384765625 0.0140625 0.013671875
2 0.48515625 0.4462890625 0.0171875 0.021484375
2 0.4765625 0.453125 0.018750000000000003 0.02734375
2 0.45859375 0.45703125 0.0203125 0.02734375
2 0.43125 0.47265625 0.015625 0.046875
2 0.40625 0.4736328125 0.053125000000000006 0.064453125
2 0.3875 0.484375 0.053125000000000006 0.05859375
2 0.328125 0.5107421875 0.08750000000000001 0.080078125
2 0.060937500000000006 0.4951171875 0.12187500000000001 0.083984375
2 0.21953125 0.556640625 0.1609375 0.13671875
2 0.0484375 0.6416015625 0.096875 0.201171875
2 0.50625 0.455078125 0.025 0.03125
2 0.55 0.48046875 0.07500000000000001 0.08984375
2 0.6015625 0.474609375 0.03125 0.05078125
2 0.6328125 0.484375 0.0625 0.07421875
2 0.70703125 0.5146484375 0.1328125 0.138671875
2 0.7828125 0.5751953125 0.15625 0.154296875
2 0.890625 0.658203125 0.215625 0.24609375
0 0.47265625 0.4794921875 0.0171875 0.060546875
