7 0.55 0.44140625 0.00625 0.01953125
7 0.5437500000000001 0.4404296875 0.00625 0.021484375
7 0.5015625 0.46484375 0.00625 0.015625
7 0.83203125 0.484375 0.0234375 0.07421875
7 0.82578125 0.1640625 0.045312500000000006 0.14453125
9 0.82421875 0.3046875 0.07968750000000001 0.1015625
9 0.9632812500000001 0.404296875 0.035937500000000004 0.046875
9 0.9625 0.4375 0.034375 0.015625
0 0.0054687500000000005 0.5078125 0.0078125 0.03515625
0 0.014843750000000001 0.50390625 0.0078125 0.02734375
0 0.045312500000000006 0.509765625 0.009375000000000001 0.0390625
0 0.05859375 0.509765625 0.0078125 0.03515625
0 0.06875 0.509765625 0.009375000000000001 0.03515625
0 0.07890625000000001 0.505859375 0.0078125 0.03125
0 0.09531250000000001 0.5029296875 0.00625 0.021484375
0 0.15781250000000002 0.505859375 0.00625 0.02734375
0 0.17343750000000002 0.515625 0.0125 0.0546875
0 0.65234375 0.50390625 0.0078125 0.0234375
0 0.6734375 0.5048828125 0.00625 0.025390625
0 0.7015625000000001 0.5048828125 0.009375000000000001 0.029296875
0 0.7109375 0.50390625 0.00625 0.02734375
0 0.85859375 0.5078125 0.010937500000000001 0.03125
0 0.8796875000000001 0.5126953125 0.0125 0.041015625
0 0.8890625000000001 0.5009765625 0.00625 0.017578125
0 0.9226562500000001 0.599609375 0.07968750000000001 0.21875
0 0.9632812500000001 0.6181640625 0.0703125 0.201171875
0 0.10312500000000001 0.5009765625 0.003125 0.013671875
0 0.7359375 0.521484375 0.015625 0.06640625
6 0.421875 0.4970703125 0.13125 0.193359375
3 0.017968750000000002 0.5771484375 0.035937500000000004 0.119140625
3 0.026562500000000003 0.564453125 0.053125000000000006 0.1171875
2 0.2546875 0.5634765625 0.15937500000000002 0.177734375
2 0.5242187500000001 0.5048828125 0.0234375 0.029296875
2 0.58046875 0.5078125 0.0421875 0.02734375
2 0.6265625 0.5791015625 0.109375 0.134765625
2 0.5484375 0.6513671875 0.24375000000000002 0.263671875
