0 0.546875 0.4580078125 0.015625 0.052734375
0 0.540625 0.4619140625 0.0125 0.048828125
0 0.5281250000000001 0.4599609375 0.0125 0.056640625
1 0.48046875 0.4404296875 0.004687500000000001 0.005859375
2 0.94296875 0.7626953125 0.11093750000000001 0.283203125
2 0.8609375 0.6533203125 0.275 0.255859375
2 0.7484375000000001 0.5751953125 0.16562500000000002 0.154296875
2 0.80859375 0.478515625 0.1296875 0.0546875
2 0.6796875 0.515625 0.15625 0.13671875
2 0.59296875 0.474609375 0.0671875 0.078125
2 0.55625 0.453125 0.015625 0.02734375
2 0.5234375 0.4365234375 0.015625 0.021484375
2 0.5140625 0.4326171875 0.009375000000000001 0.013671875
2 0.49921875000000004 0.427734375 0.0078125 0.0078125
2 0.48750000000000004 0.4287109375 0.009375000000000001 0.013671875
2 0.478125 0.4345703125 0.009375000000000001 0.017578125
2 0.4703125 0.4375 0.0125 0.01953125
2 0.46171875 0.4404296875 0.0171875 0.021484375
2 0.4578125 0.4443359375 0.015625 0.021484375
2 0.44609375 0.4462890625 0.0203125 0.025390625
2 0.43593750000000003 0.451171875 0.018750000000000003 0.02734375
2 0.42265625 0.4541015625 0.0234375 0.037109375
2 0.4078125 0.4560546875 0.025 0.044921875
2 0.38125000000000003 0.4677734375 0.053125000000000006 0.068359375
2 0.35000000000000003 0.48046875 0.05625 0.0625
2 0.32421875 0.4951171875 0.051562500000000004 0.068359375
2 0.28671875 0.5068359375 0.0703125 0.080078125
2 0.246875 0.525390625 0.09062500000000001 0.1015625
2 0.13046875 0.5546875 0.2109375 0.1796875
2 0.11640625 0.4501953125 0.0421875 0.021484375
2 0.15781250000000002 0.453125 0.07500000000000001 0.0390625
2 0.21250000000000002 0.4482421875 0.05 0.029296875
2 0.3125 0.451171875 0.028125 0.01953125
2 0.34140625 0.439453125 0.0234375 0.0234375
2 0.0171875 0.6611328125 0.034375 0.150390625
2 0.2625 0.4482421875 0.046875 0.029296875
0 0.48046875 0.435546875 0.004687500000000001 0.01171875
