4 0.13359375 0.439453125 0.0921875 0.06640625
7 0.25625000000000003 0.333984375 0.00625 0.01953125
7 0.31562500000000004 0.326171875 0.00625 0.01953125
7 0.37890625 0.3330078125 0.004687500000000001 0.013671875
7 0.42812500000000003 0.33203125 0.00625 0.015625
9 0.19062500000000002 0.3642578125 0.03125 0.009765625
9 0.4703125 0.349609375 0.018750000000000003 0.0078125
9 0.484375 0.3564453125 0.025 0.005859375
9 0.5906250000000001 0.39453125 0.009375000000000001 0.015625
2 0.037500000000000006 0.5234375 0.07500000000000001 0.19140625
2 0.275 0.4306640625 0.034375 0.029296875
2 0.35468750000000004 0.41796875 0.025 0.01953125
2 0.415625 0.4140625 0.018750000000000003 0.0234375
2 0.43281250000000004 0.392578125 0.0125 0.015625
2 0.45625000000000004 0.388671875 0.0125 0.01171875
2 0.46953125 0.4345703125 0.029687500000000002 0.033203125
2 0.4453125 0.453125 0.05 0.046875
2 0.32734375000000004 0.40234375 0.0140625 0.015625
2 0.45546875000000003 0.416015625 0.0234375 0.0234375
