9 0.0484375 0.390625 0.0125 0.0078125
9 0.047656250000000004 0.361328125 0.0328125 0.04296875
6 0.74765625 0.376953125 0.5015625 0.39453125
2 0.21015625000000002 0.482421875 0.07968750000000001 0.0703125
2 0.25234375000000003 0.4775390625 0.029687500000000002 0.056640625
2 0.2734375 0.46875 0.05625 0.05859375
2 0.3015625 0.4619140625 0.040625 0.056640625
2 0.32734375000000004 0.4638671875 0.0171875 0.044921875
2 0.340625 0.46484375 0.015625 0.0390625
2 0.35781250000000003 0.4609375 0.025 0.03125
2 0.37343750000000003 0.462890625 0.009375000000000001 0.01953125
2 0.38359375 0.4609375 0.010937500000000001 0.01953125
2 0.41718750000000004 0.466796875 0.053125000000000006 0.05078125
2 0.50625 0.4619140625 0.028125 0.048828125
2 0.48984375 0.4638671875 0.0171875 0.033203125
2 0.47890625000000003 0.4609375 0.0171875 0.0234375
2 0.46015625000000004 0.4560546875 0.0328125 0.025390625
