0 0.415625 0.4775390625 0.018750000000000003 0.064453125
0 0.3796875 0.4775390625 0.021875000000000002 0.064453125
0 0.34296875000000004 0.48046875 0.029687500000000002 0.0703125
0 0.26796875000000003 0.4755859375 0.0203125 0.056640625
0 0.24609375 0.4794921875 0.029687500000000002 0.064453125
0 0.14375000000000002 0.4716796875 0.021875000000000002 0.048828125
0 0.18203125 0.4677734375 0.0234375 0.072265625
0 0.39921875 0.46875 0.0140625 0.04296875
0 0.42890625000000004 0.4794921875 0.010937500000000001 0.064453125
1 0.9695312500000001 0.6005859375 0.0578125 0.142578125
