9 0.05078125 0.3134765625 0.035937500000000004 0.052734375
9 0.05078125 0.3515625 0.0328125 0.01953125
9 0.790625 0.345703125 0.037500000000000006 0.05078125
9 0.84140625 0.34765625 0.0390625 0.05078125
0 0.03671875 0.4365234375 0.029687500000000002 0.083984375
0 0.27734375 0.4765625 0.029687500000000002 0.0859375
0 0.25625000000000003 0.4765625 0.018750000000000003 0.09765625
0 0.23515625 0.4599609375 0.0234375 0.048828125
2 0.059375000000000004 0.451171875 0.11875000000000001 0.05859375
2 0.12421875 0.5 0.2484375 0.1328125
2 0.32265625000000003 0.474609375 0.0734375 0.0625
2 0.34218750000000003 0.466796875 0.059375000000000004 0.0625
2 0.39140625 0.4677734375 0.0671875 0.072265625
2 0.55078125 0.529296875 0.3328125 0.3515625
2 0.7664062500000001 0.48828125 0.1703125 0.09765625
2 0.7289062500000001 0.4404296875 0.11093750000000001 0.041015625
