7 0.08671875000000001 0.3740234375 0.0140625 0.052734375
7 0.7992187500000001 0.375 0.0140625 0.05859375
9 0.09375 0.4375 0.028125 0.05078125
9 0.79609375 0.4423828125 0.026562500000000003 0.048828125
9 0.796875 0.498046875 0.009375000000000001 0.01953125
0 0.5390625 0.470703125 0.009375000000000001 0.0234375
0 0.3453125 0.4755859375 0.009375000000000001 0.021484375
0 0.35546875 0.4716796875 0.0140625 0.029296875
1 0.703125 0.548828125 0.03125 0.06640625
2 0.359375 0.5751953125 0.15000000000000002 0.126953125
2 0.46484375 0.525390625 0.07968750000000001 0.0703125
2 0.46171875 0.478515625 0.0203125 0.03125
2 0.43359375 0.4892578125 0.0484375 0.048828125
2 0.61484375 0.4697265625 0.0203125 0.017578125
2 0.60546875 0.4619140625 0.010937500000000001 0.009765625
2 0.5945312500000001 0.4609375 0.010937500000000001 0.01171875
0 0.7046875 0.5224609375 0.03125 0.095703125
0 0.0078125 0.4931640625 0.015625 0.052734375
