7 0.6648437500000001 0.357421875 0.0078125 0.03125
0 0.41250000000000003 0.40625 0.0125 0.04296875
0 0.325 0.4404296875 0.034375 0.150390625
0 0.37109375 0.408203125 0.0140625 0.0625
0 0.35546875 0.412109375 0.0171875 0.05859375
0 0.38671875 0.404296875 0.0140625 0.03125
0 0.34687500000000004 0.3984375 0.0125 0.0390625
0 0.29375 0.408203125 0.015625 0.08203125
0 0.2703125 0.419921875 0.03125 0.0859375
0 0.12578125 0.4384765625 0.0421875 0.150390625
0 0.0171875 0.4296875 0.034375 0.16015625
0 0.022656250000000003 0.416015625 0.0328125 0.1484375
0 0.07265625 0.439453125 0.035937500000000004 0.15625
0 0.05234375 0.4306640625 0.029687500000000002 0.154296875
0 0.17734375000000002 0.41796875 0.0421875 0.1015625
0 0.15625 0.4091796875 0.018750000000000003 0.107421875
0 0.20468750000000002 0.392578125 0.018750000000000003 0.046875
0 0.98359375 0.458984375 0.0171875 0.0703125
0 0.9031250000000001 0.4423828125 0.028125 0.095703125
0 0.91796875 0.4365234375 0.0171875 0.080078125
0 0.9320312500000001 0.443359375 0.0203125 0.0859375
0 0.95078125 0.4375 0.026562500000000003 0.08984375
0 0.703125 0.41796875 0.018750000000000003 0.05859375
0 0.765625 0.435546875 0.021875000000000002 0.0703125
0 0.7421875 0.416015625 0.021875000000000002 0.05859375
0 0.83359375 0.435546875 0.0234375 0.08203125
0 0.8453125 0.4306640625 0.009375000000000001 0.068359375
0 0.8 0.4091796875 0.021875000000000002 0.033203125
0 0.09531250000000001 0.4345703125 0.021875000000000002 0.107421875
2 0.52109375 0.4912109375 0.2578125 0.310546875
2 0.65 0.40234375 0.037500000000000006 0.02734375
