7 0.7453125 0.4560546875 0.015625 0.048828125
7 0.01015625 0.466796875 0.0171875 0.04296875
9 0.08359375000000001 0.5029296875 0.0328125 0.009765625
9 0.084375 0.4912109375 0.009375000000000001 0.013671875
9 0.01171875 0.5068359375 0.0234375 0.029296875
9 0.21875 0.484375 0.028125 0.0078125
9 0.21796875000000002 0.4951171875 0.029687500000000002 0.009765625
9 0.75546875 0.5029296875 0.026562500000000003 0.029296875
0 0.7351562500000001 0.5830078125 0.026562500000000003 0.087890625
0 0.70078125 0.572265625 0.0203125 0.0546875
0 0.66171875 0.568359375 0.0140625 0.03515625
0 0.6468750000000001 0.56640625 0.0125 0.03515625
0 0.62109375 0.568359375 0.004687500000000001 0.01953125
0 0.6273437500000001 0.56640625 0.0078125 0.0234375
0 0.03125 0.5634765625 0.009375000000000001 0.017578125
0 0.33671875 0.5703125 0.010937500000000001 0.03125
0 0.7296875 0.564453125 0.018750000000000003 0.05078125
3 0.4625 0.64453125 0.043750000000000004 0.08984375
3 0.5265625 0.5771484375 0.009375000000000001 0.013671875
2 0.40468750000000003 0.57421875 0.03125 0.03125
2 0.4390625 0.576171875 0.034375 0.04296875
2 0.45546875000000003 0.599609375 0.06406250000000001 0.0625
2 0.4859375 0.56640625 0.018750000000000003 0.03125
2 0.5046875000000001 0.556640625 0.0125 0.015625
2 0.5140625 0.5537109375 0.009375000000000001 0.013671875
2 0.52265625 0.5478515625 0.010937500000000001 0.013671875
2 0.5320312500000001 0.544921875 0.0078125 0.015625
2 0.5359375000000001 0.55078125 0.0125 0.015625
2 0.5609375 0.5546875 0.015625 0.015625
2 0.56015625 0.57421875 0.026562500000000003 0.02734375
2 0.0625 0.580078125 0.078125 0.046875
2 0.16562500000000002 0.59765625 0.09375 0.10546875
2 0.22968750000000002 0.6279296875 0.16562500000000002 0.138671875
0 0.4609375 0.5947265625 0.040625 0.087890625
0 0.5265625 0.56640625 0.009375000000000001 0.01953125
