9 0.15937500000000002 0.4013671875 0.015625 0.029296875
2 0.41953125 0.484375 0.0140625 0.02734375
2 0.39687500000000003 0.4853515625 0.037500000000000006 0.041015625
2 0.28203125 0.4931640625 0.09843750000000001 0.087890625
2 0.4625 0.48046875 0.065625 0.06640625
2 0.50625 0.484375 0.0125 0.01953125
2 0.51953125 0.4833984375 0.0203125 0.025390625
2 0.53125 0.4833984375 0.018750000000000003 0.029296875
2 0.55390625 0.48046875 0.0390625 0.05078125
2 0.55859375 0.48828125 0.026562500000000003 0.04296875
2 0.6117187500000001 0.4814453125 0.09531250000000001 0.091796875
2 0.7937500000000001 0.455078125 0.115625 0.05859375
2 0.7390625000000001 0.5107421875 0.1625 0.150390625
