7 0.043750000000000004 0.3662109375 0.018750000000000003 0.048828125
7 0.0390625 0.423828125 0.0125 0.01953125
7 0.096875 0.423828125 0.015625 0.015625
7 0.096875 0.361328125 0.021875000000000002 0.08203125
7 0.47265625 0.25 0.0328125 0.05859375
7 0.728125 0.3662109375 0.0125 0.041015625
7 0.73046875 0.4140625 0.0140625 0.01953125
7 0.8406250000000001 0.3447265625 0.015625 0.044921875
7 0.84140625 0.4013671875 0.0140625 0.021484375
7 0.9070312500000001 0.333984375 0.0390625 0.03515625
7 0.8929687500000001 0.1748046875 0.0484375 0.201171875
9 0.05390625 0.458984375 0.026562500000000003 0.02734375
9 0.5085937500000001 0.2490234375 0.0171875 0.029296875
9 0.6328125 0.3115234375 0.08125 0.021484375
9 0.6015625 0.4208984375 0.015625 0.013671875
9 0.31093750000000003 0.4501953125 0.0125 0.009765625
0 0.0765625 0.4931640625 0.021875000000000002 0.080078125
0 0.1859375 0.4814453125 0.018750000000000003 0.056640625
0 0.1234375 0.484375 0.021875000000000002 0.07421875
0 0.5554687500000001 0.484375 0.0078125 0.02734375
0 0.5625 0.486328125 0.00625 0.01953125
0 0.5710937500000001 0.4833984375 0.0078125 0.025390625
0 0.5789062500000001 0.484375 0.0078125 0.0234375
0 0.58984375 0.484375 0.010937500000000001 0.02734375
0 0.59921875 0.48046875 0.0078125 0.03515625
0 0.60703125 0.4814453125 0.0078125 0.033203125
0 0.61640625 0.4794921875 0.010937500000000001 0.037109375
0 0.6257812500000001 0.4833984375 0.0078125 0.029296875
0 0.6726562500000001 0.4765625 0.010937500000000001 0.0234375
0 0.6882812500000001 0.46875 0.010937500000000001 0.02734375
0 0.7046875 0.4609375 0.009375000000000001 0.01953125
0 0.7445312500000001 0.447265625 0.010937500000000001 0.01953125
0 0.7765625 0.451171875 0.009375000000000001 0.01953125
2 0.52734375 0.4814453125 0.0203125 0.029296875
2 0.49609375 0.4814453125 0.051562500000000004 0.060546875
2 0.4375 0.48828125 0.025 0.02734375
2 0.36875 0.490234375 0.037500000000000006 0.03515625
2 0.22421875000000002 0.4990234375 0.0765625 0.060546875
2 0.7375 0.4931640625 0.184375 0.072265625
