9 0.8250000000000001 0.3095703125 0.046875 0.041015625
9 0.8148437500000001 0.3427734375 0.026562500000000003 0.025390625
0 0.12578125 0.3955078125 0.0171875 0.083984375
6 0.15625 0.3720703125 0.1875 0.119140625
2 0.8304687500000001 0.517578125 0.3359375 0.28515625
2 0.58203125 0.4697265625 0.1859375 0.138671875
2 0.6421875 0.4248046875 0.12187500000000001 0.095703125
2 0.546875 0.3916015625 0.10625000000000001 0.091796875
2 0.45937500000000003 0.41796875 0.08750000000000001 0.078125
2 0.41015625 0.412109375 0.035937500000000004 0.046875
2 0.353125 0.40234375 0.059375000000000004 0.0625
2 0.29453125 0.400390625 0.0578125 0.05859375
2 0.25703125 0.3876953125 0.0171875 0.017578125
