0 0.68671875 0.5185546875 0.045312500000000006 0.169921875
1 0.36171875000000003 0.50390625 0.0234375 0.05859375
1 0.40546875000000004 0.5595703125 0.06406250000000001 0.173828125
2 0.11796875000000001 0.5068359375 0.23593750000000002 0.240234375
2 0.25234375000000003 0.4931640625 0.1078125 0.123046875
2 0.47578125000000004 0.4892578125 0.11093750000000001 0.162109375
2 0.9265625000000001 0.537109375 0.13125 0.28515625
2 0.83125 0.5380859375 0.134375 0.169921875
2 0.80390625 0.5009765625 0.20468750000000002 0.193359375
2 0.66796875 0.5146484375 0.1078125 0.130859375
2 0.6023437500000001 0.486328125 0.1265625 0.09765625
0 0.3609375 0.4794921875 0.028125 0.087890625
0 0.40156250000000004 0.5068359375 0.065625 0.201171875
