4 0.52890625 0.38671875 0.045312500000000006 0.078125
4 0.7921875 0.39453125 0.12187500000000001 0.109375
9 0.20859375000000002 0.2548828125 0.21406250000000002 0.185546875
2 0.44921875 0.4130859375 0.0703125 0.072265625
2 0.48281250000000003 0.4033203125 0.034375 0.052734375
2 0.5828125000000001 0.40625 0.037500000000000006 0.04296875
2 0.55859375 0.3974609375 0.0140625 0.029296875
2 0.6171875 0.404296875 0.018750000000000003 0.01953125
2 0.8171875000000001 0.439453125 0.08125 0.0703125
2 0.9640625 0.4375 0.06875 0.07421875
2 0.703125 0.419921875 0.043750000000000004 0.02734375
2 0.6664062500000001 0.4130859375 0.029687500000000002 0.025390625
2 0.5 0.39453125 0.0125 0.01953125
