4 0.815625 0.447265625 0.36562500000000003 0.3828125
9 0.62421875 0.3818359375 0.0078125 0.013671875
9 0.62421875 0.39453125 0.0078125 0.00390625
9 0.55390625 0.4287109375 0.004687500000000001 0.009765625
9 0.51875 0.44140625 0.00625 0.01171875
9 0.12265625000000001 0.353515625 0.0390625 0.01171875
2 0.46796875000000004 0.455078125 0.0078125 0.01171875
2 0.4890625 0.447265625 0.040625 0.0390625
2 0.44765625000000003 0.451171875 0.010937500000000001 0.01171875
2 0.43671875000000004 0.4501953125 0.0078125 0.009765625
2 0.38671875 0.4521484375 0.0546875 0.056640625
2 0.29531250000000003 0.4775390625 0.096875 0.083984375
2 0.09765625 0.5302734375 0.1953125 0.205078125
8 0.20859375000000002 0.4736328125 0.010937500000000001 0.029296875
15 0.6101562500000001 0.4287109375 0.045312500000000006 0.076171875
