4 0.7125 0.4287109375 0.21250000000000002 0.044921875
4 0.56640625 0.4375 0.0671875 0.0234375
4 0.4890625 0.4443359375 0.043750000000000004 0.052734375
4 0.40390625 0.439453125 0.08281250000000001 0.03125
9 0.8757812500000001 0.3203125 0.051562500000000004 0.08203125
9 0.8296875 0.3359375 0.021875000000000002 0.03125
0 0.055468750000000004 0.4423828125 0.0203125 0.041015625
0 0.06406250000000001 0.4677734375 0.025 0.080078125
0 0.09140625000000001 0.4697265625 0.0234375 0.076171875
0 0.25234375000000003 0.4501953125 0.0140625 0.029296875
0 0.31796875 0.443359375 0.0078125 0.0234375
0 0.325 0.4423828125 0.00625 0.021484375
0 0.359375 0.4443359375 0.003125 0.017578125
0 0.45234375000000004 0.4501953125 0.004687500000000001 0.025390625
0 0.53828125 0.447265625 0.004687500000000001 0.01171875
0 0.54453125 0.4541015625 0.004687500000000001 0.021484375
0 0.5476562500000001 0.4482421875 0.004687500000000001 0.017578125
0 0.55390625 0.4560546875 0.0078125 0.025390625
0 0.5734375 0.4677734375 0.015625 0.052734375
0 0.59375 0.46484375 0.0125 0.05078125
0 0.5867187500000001 0.46875 0.0171875 0.0546875
0 0.609375 0.44921875 0.009375000000000001 0.01953125
0 0.6648437500000001 0.54296875 0.0578125 0.10546875
0 0.7992187500000001 0.4619140625 0.0171875 0.044921875
0 0.81015625 0.5078125 0.0234375 0.125
0 0.8250000000000001 0.4951171875 0.028125 0.107421875
0 0.9609375 0.521484375 0.040625 0.1640625
0 0.92109375 0.5185546875 0.045312500000000006 0.169921875
0 0.51328125 0.4443359375 0.004687500000000001 0.009765625
1 0.8640625000000001 0.5556640625 0.043750000000000004 0.107421875
1 0.98828125 0.5732421875 0.0203125 0.068359375
1 0.7828125 0.5361328125 0.05625 0.076171875
2 0.42578125 0.451171875 0.0234375 0.0234375
2 0.52109375 0.47265625 0.045312500000000006 0.046875
2 0.6570312500000001 0.4501953125 0.0328125 0.021484375
2 0.6898437500000001 0.4658203125 0.0921875 0.048828125
2 0.7265625 0.47265625 0.10625000000000001 0.0546875
2 0.40156250000000004 0.4443359375 0.028125 0.017578125
0 0.6171875 0.5029296875 0.034375 0.126953125
0 0.7742187500000001 0.5107421875 0.0484375 0.134765625
0 0.8578125000000001 0.5166015625 0.0625 0.154296875
8 0.3515625 0.4541015625 0.003125 0.009765625
15 0.64765625 0.5810546875 0.0140625 0.021484375
15 0.62421875 0.56640625 0.0171875 0.0078125
