4 0.434375 0.455078125 0.0125 0.0234375
7 0.022656250000000003 0.2900390625 0.0203125 0.068359375
7 0.0171875 0.37109375 0.025 0.03125
7 0.76328125 0.298828125 0.0171875 0.06640625
7 0.76484375 0.376953125 0.0234375 0.02734375
9 0.028125 0.345703125 0.043750000000000004 0.01953125
9 0.5710937500000001 0.427734375 0.0140625 0.01171875
9 0.571875 0.4130859375 0.0125 0.017578125
9 0.6828125 0.3837890625 0.0125 0.025390625
9 0.7562500000000001 0.3515625 0.043750000000000004 0.01953125
0 0.6648437500000001 0.4638671875 0.0203125 0.052734375
2 0.30078125 0.482421875 0.0859375 0.08203125
2 0.46640625 0.4736328125 0.0734375 0.072265625
2 0.5085937500000001 0.45703125 0.0140625 0.0234375
2 0.51796875 0.4599609375 0.0203125 0.029296875
2 0.5359375000000001 0.462890625 0.03125 0.03515625
2 0.5453125 0.4697265625 0.018750000000000003 0.041015625
2 0.5734375 0.4638671875 0.053125000000000006 0.068359375
2 0.6125 0.474609375 0.078125 0.078125
