7 0.078125 0.3857421875 0.015625 0.048828125
7 0.81953125 0.4013671875 0.0140625 0.048828125
9 0.09062500000000001 0.4365234375 0.018750000000000003 0.041015625
9 0.81171875 0.455078125 0.0203125 0.0390625
0 0.33515625000000004 0.5 0.0078125 0.03125
0 0.041406250000000006 0.6103515625 0.08281250000000001 0.275390625
0 0.08046875 0.623046875 0.11406250000000001 0.30078125
2 0.6828125 0.5224609375 0.0625 0.060546875
2 0.6273437500000001 0.51171875 0.045312500000000006 0.046875
2 0.5398437500000001 0.498046875 0.0171875 0.0234375
2 0.525 0.505859375 0.028125 0.02734375
2 0.49843750000000003 0.5029296875 0.0125 0.017578125
2 0.48750000000000004 0.5068359375 0.021875000000000002 0.021484375
2 0.465625 0.5048828125 0.021875000000000002 0.021484375
2 0.353125 0.5107421875 0.03125 0.029296875
2 0.40859375000000003 0.4873046875 0.07968750000000001 0.115234375
8 0.7875000000000001 0.544921875 0.0125 0.0390625
7 0.096875 0.388671875 0.0125 0.046875
