7 0.32421875 0.353515625 0.004687500000000001 0.01953125
7 0.25625000000000003 0.3603515625 0.00625 0.017578125
7 0.35234375 0.3759765625 0.004687500000000001 0.013671875
7 0.3953125 0.3779296875 0.00625 0.017578125
7 0.46015625000000004 0.4111328125 0.004687500000000001 0.017578125
7 0.5296875 0.408203125 0.00625 0.015625
7 0.53125 0.4228515625 0.003125 0.005859375
9 0.31093750000000003 0.3525390625 0.009375000000000001 0.013671875
2 0.43359375 0.4814453125 0.0890625 0.087890625
2 0.37109375 0.4619140625 0.035937500000000004 0.044921875
2 0.32343750000000004 0.4716796875 0.06875 0.068359375
2 0.16171875000000002 0.515625 0.19843750000000002 0.16015625
2 0.2703125 0.451171875 0.037500000000000006 0.0390625
