9 0.49765625 0.384765625 0.0234375 0.0390625
0 0.32734375000000004 0.4873046875 0.0171875 0.072265625
0 0.3453125 0.48828125 0.018750000000000003 0.0703125
0 0.35703125 0.4912109375 0.010937500000000001 0.064453125
0 0.3765625 0.4912109375 0.0125 0.068359375
3 0.26640625 0.5810546875 0.09843750000000001 0.220703125
2 0.57265625 0.49609375 0.0421875 0.0625
2 0.54296875 0.501953125 0.051562500000000004 0.11328125
2 0.64375 0.4951171875 0.1 0.087890625
2 0.74765625 0.4990234375 0.19843750000000002 0.193359375
2 0.8835937500000001 0.5205078125 0.22968750000000002 0.181640625
2 0.9320312500000001 0.5439453125 0.1328125 0.193359375
2 0.4703125 0.5068359375 0.15937500000000002 0.169921875
0 0.26484375 0.51953125 0.09843750000000001 0.265625
9 0.19296875000000002 0.4150390625 0.010937500000000001 0.029296875
9 0.23515625 0.4052734375 0.0171875 0.017578125
