9 0.6953125 0.3740234375 0.009375000000000001 0.013671875
9 0.6976562500000001 0.39453125 0.0234375 0.02734375
0 0.15546875000000002 0.4140625 0.0484375 0.1171875
0 0.45859375 0.4091796875 0.0171875 0.048828125
0 0.49140625000000004 0.3994140625 0.0078125 0.025390625
0 0.97265625 0.4404296875 0.0234375 0.072265625
0 0.82578125 0.42578125 0.0140625 0.05078125
0 0.5281250000000001 0.39453125 0.00625 0.015625
0 0.5164062500000001 0.3974609375 0.004687500000000001 0.017578125
6 0.7671875 0.3896484375 0.1 0.130859375
2 0.5437500000000001 0.4091796875 0.025 0.025390625
2 0.54296875 0.392578125 0.0203125 0.01953125
2 0.5859375 0.3984375 0.025 0.03515625
2 0.6195312500000001 0.3994140625 0.0390625 0.025390625
2 0.5671875000000001 0.396484375 0.009375000000000001 0.01171875
2 0.5593750000000001 0.3984375 0.0125 0.015625
