9 0.35234375 0.4697265625 0.0140625 0.017578125
9 0.79296875 0.4384765625 0.0421875 0.021484375
0 0.6960937500000001 0.5390625 0.010937500000000001 0.0390625
0 0.7679687500000001 0.53515625 0.0078125 0.03515625
2 0.10546875 0.5615234375 0.2109375 0.330078125
2 0.30625 0.5869140625 0.1125 0.103515625
2 0.3875 0.5498046875 0.084375 0.072265625
2 0.5109375 0.60546875 0.14375000000000002 0.140625
2 0.4546875 0.544921875 0.034375 0.0390625
2 0.4859375 0.5205078125 0.025 0.029296875
2 0.6296875000000001 0.529296875 0.037500000000000006 0.04296875
2 0.8539062500000001 0.609375 0.1703125 0.125
