9 0.09609375 0.404296875 0.035937500000000004 0.046875
0 0.6484375 0.5185546875 0.059375000000000004 0.201171875
2 0.01953125 0.4951171875 0.0390625 0.068359375
2 0.06640625 0.4892578125 0.1078125 0.052734375
2 0.140625 0.484375 0.10312500000000001 0.046875
2 0.19453125000000002 0.484375 0.0734375 0.03515625
2 0.23125 0.4853515625 0.0625 0.033203125
2 0.36171875000000003 0.484375 0.0421875 0.04296875
2 0.44062500000000004 0.4814453125 0.034375 0.029296875
2 0.46640625 0.4833984375 0.0171875 0.013671875
