4 0.44062500000000004 0.3916015625 0.018750000000000003 0.025390625
7 0.17578125 0.3466796875 0.0140625 0.017578125
7 0.60546875 0.3173828125 0.0171875 0.021484375
9 0.60703125 0.3623046875 0.029687500000000002 0.048828125
9 0.1796875 0.3779296875 0.028125 0.037109375
9 0.50625 0.388671875 0.00625 0.01171875
0 0.140625 0.451171875 0.015625 0.04296875
0 0.13046875 0.451171875 0.0140625 0.046875
0 0.9710937500000001 0.419921875 0.0140625 0.05078125
0 0.8515625 0.4208984375 0.009375000000000001 0.044921875
0 0.8390625 0.419921875 0.0125 0.04296875
0 0.9226562500000001 0.423828125 0.0140625 0.046875
0 0.7601562500000001 0.41015625 0.010937500000000001 0.03515625
0 0.8046875 0.4326171875 0.018750000000000003 0.056640625
0 0.7859375000000001 0.435546875 0.015625 0.0546875
0 0.7289062500000001 0.4150390625 0.0140625 0.037109375
0 0.73046875 0.400390625 0.010937500000000001 0.03515625
0 0.784375 0.3974609375 0.00625 0.021484375
0 0.7125 0.39453125 0.00625 0.0234375
0 0.8828125 0.490234375 0.034375 0.11328125
0 0.7585937500000001 0.4814453125 0.029687500000000002 0.099609375
0 0.7312500000000001 0.4873046875 0.028125 0.095703125
0 0.7468750000000001 0.4599609375 0.015625 0.080078125
0 0.6765625000000001 0.4697265625 0.025 0.080078125
0 0.690625 0.4697265625 0.034375 0.083984375
0 0.7125 0.46484375 0.018750000000000003 0.06640625
0 0.6664062500000001 0.451171875 0.0140625 0.0546875
0 0.6796875 0.431640625 0.018750000000000003 0.02734375
0 0.6296875000000001 0.4609375 0.018750000000000003 0.0625
0 0.63828125 0.47265625 0.0203125 0.0625
0 0.6492187500000001 0.4619140625 0.0171875 0.076171875
0 0.5875 0.412109375 0.00625 0.02734375
0 0.59921875 0.41015625 0.0078125 0.02734375
0 0.628125 0.4306640625 0.0125 0.025390625
0 0.625 0.412109375 0.0125 0.0234375
0 0.6351562500000001 0.41796875 0.010937500000000001 0.02734375
0 0.6625000000000001 0.41796875 0.009375000000000001 0.0234375
0 0.60859375 0.447265625 0.0171875 0.0546875
0 0.5765625 0.42578125 0.00625 0.0390625
0 0.5398437500000001 0.4326171875 0.010937500000000001 0.037109375
0 0.515625 0.4130859375 0.00625 0.021484375
0 0.53125 0.4072265625 0.00625 0.017578125
0 0.540625 0.404296875 0.00625 0.01953125
0 0.7132812500000001 0.4521484375 0.0140625 0.068359375
0 0.5906250000000001 0.3994140625 0.00625 0.021484375
0 0.5453125 0.4306640625 0.009375000000000001 0.033203125
0 0.7429687500000001 0.400390625 0.0078125 0.0234375
0 0.9875 0.4169921875 0.0125 0.041015625
0 0.8859375 0.4189453125 0.0125 0.041015625
2 0.16484375 0.53125 0.17343750000000002 0.13671875
2 0.26171875 0.462890625 0.060937500000000006 0.0625
2 0.29375 0.4560546875 0.028125 0.048828125
2 0.3359375 0.4541015625 0.0625 0.064453125
2 0.36640625000000004 0.4365234375 0.0421875 0.048828125
2 0.38593750000000004 0.4287109375 0.021875000000000002 0.033203125
2 0.39296875000000003 0.412109375 0.0203125 0.0234375
2 0.5125000000000001 0.501953125 0.10312500000000001 0.10546875
2 0.49765625 0.44140625 0.051562500000000004 0.05078125
2 0.4734375 0.4326171875 0.034375 0.041015625
2 0.4625 0.4150390625 0.025 0.025390625
2 0.45234375000000004 0.40625 0.0140625 0.015625
2 0.41718750000000004 0.46875 0.06875 0.06640625
2 0.42890625000000004 0.4375 0.060937500000000006 0.0625
2 0.42265625 0.4033203125 0.0171875 0.009765625
2 0.42734375 0.392578125 0.010937500000000001 0.01171875
2 0.42109375000000004 0.396484375 0.010937500000000001 0.0078125
8 0.70859375 0.517578125 0.0234375 0.05859375
