9 0.696875 0.412109375 0.021875000000000002 0.02734375
9 0.43125 0.4609375 0.025 0.02734375
9 0.42421875000000003 0.419921875 0.029687500000000002 0.015625
9 0.42265625 0.404296875 0.029687500000000002 0.01171875
9 0.42890625000000004 0.3798828125 0.0140625 0.009765625
9 0.4234375 0.392578125 0.03125 0.01171875
9 0.43203125000000003 0.439453125 0.0140625 0.01171875
9 0.37031250000000004 0.45703125 0.0125 0.01171875
9 0.5632812500000001 0.435546875 0.0203125 0.01953125
9 0.3875 0.4482421875 0.015625 0.021484375
9 0.64765625 0.423828125 0.0171875 0.0078125
9 0.6468750000000001 0.4150390625 0.018750000000000003 0.005859375
9 0.6468750000000001 0.40625 0.018750000000000003 0.0078125
9 0.64609375 0.396484375 0.0203125 0.0078125
2 0.6296875000000001 0.4697265625 0.05625 0.033203125
2 0.60078125 0.48046875 0.0390625 0.0390625
2 0.55234375 0.5390625 0.1328125 0.13671875
2 0.1125 0.5244140625 0.028125 0.033203125
2 0.13515625 0.5224609375 0.0140625 0.029296875
2 0.14140625 0.521484375 0.010937500000000001 0.0234375
2 0.584375 0.48046875 0.043750000000000004 0.0390625
2 0.56640625 0.4521484375 0.026562500000000003 0.021484375
