7 0.22265625 0.3994140625 0.0203125 0.044921875
9 0.4859375 0.48046875 0.018750000000000003 0.0234375
9 0.65625 0.38671875 0.03125 0.05078125
9 0.84921875 0.44140625 0.0390625 0.0234375
9 0.8484375000000001 0.46484375 0.040625 0.01953125
9 0.65625 0.349609375 0.028125 0.0234375
9 0.6570312500000001 0.3271484375 0.029687500000000002 0.029296875
9 0.66015625 0.30859375 0.0140625 0.015625
9 0.73359375 0.259765625 0.035937500000000004 0.1171875
0 0.51484375 0.4970703125 0.0078125 0.013671875
6 0.659375 0.5009765625 0.265625 0.173828125
3 0.01015625 0.5322265625 0.0203125 0.068359375
2 0.15000000000000002 0.5849609375 0.28750000000000003 0.275390625
2 0.3828125 0.513671875 0.1 0.046875
2 0.46406250000000004 0.6005859375 0.178125 0.181640625
2 0.50703125 0.5439453125 0.0921875 0.083984375
