7 0.11328125 0.3017578125 0.0140625 0.052734375
7 0.675 0.3115234375 0.015625 0.056640625
7 0.46718750000000003 0.15625 0.015625 0.05859375
9 0.81015625 0.353515625 0.0484375 0.01953125
9 0.8093750000000001 0.333984375 0.018750000000000003 0.01953125
0 0.34609375000000003 0.4765625 0.0328125 0.125
0 0.27890625 0.5791015625 0.1640625 0.404296875
0 0.17265625 0.447265625 0.0203125 0.046875
0 0.08046875 0.4375 0.0203125 0.0234375
0 0.06484375 0.4375 0.0171875 0.0234375
0 0.0234375 0.439453125 0.018750000000000003 0.05859375
0 0.039843750000000004 0.4462890625 0.0234375 0.044921875
0 0.10078125 0.4443359375 0.0140625 0.029296875
0 0.9828125000000001 0.451171875 0.018750000000000003 0.046875
0 0.8539062500000001 0.4482421875 0.0234375 0.041015625
0 0.73828125 0.4658203125 0.026562500000000003 0.072265625
0 0.7093750000000001 0.458984375 0.018750000000000003 0.0703125
0 0.6882812500000001 0.4521484375 0.010937500000000001 0.048828125
0 0.515625 0.453125 0.009375000000000001 0.03125
0 0.5078125 0.4541015625 0.009375000000000001 0.033203125
0 0.49843750000000003 0.4453125 0.00625 0.01953125
1 0.33906250000000004 0.552734375 0.15937500000000002 0.125
1 0.90625 0.548828125 0.115625 0.0859375
2 0.2265625 0.46484375 0.10312500000000001 0.0546875
2 0.57421875 0.4765625 0.0703125 0.0625
2 0.5375 0.4609375 0.03125 0.05078125
2 0.47578125000000004 0.4462890625 0.0171875 0.013671875
0 0.56640625 0.6396484375 0.1328125 0.271484375
0 0.9070312500000001 0.5078125 0.060937500000000006 0.1484375
15 0.58203125 0.697265625 0.15156250000000002 0.19140625
1 0.17265625 0.4755859375 0.026562500000000003 0.048828125
