9 0.5867187500000001 0.4111328125 0.010937500000000001 0.017578125
0 0.43125 0.439453125 0.00625 0.015625
0 0.434375 0.443359375 0.00625 0.0234375
0 0.65 0.4443359375 0.0125 0.029296875
0 0.77109375 0.4521484375 0.0203125 0.060546875
0 0.97578125 0.5244140625 0.029687500000000002 0.111328125
0 0.9281250000000001 0.5166015625 0.025 0.095703125
0 0.94453125 0.515625 0.035937500000000004 0.0859375
1 0.7835937500000001 0.4736328125 0.035937500000000004 0.044921875
1 0.80625 0.5244140625 0.043750000000000004 0.064453125
1 0.82734375 0.5126953125 0.0421875 0.064453125
1 0.5281250000000001 0.455078125 0.009375000000000001 0.0234375
1 0.53828125 0.4599609375 0.010937500000000001 0.021484375
1 0.9750000000000001 0.609375 0.046875 0.1875
3 0.77734375 0.56640625 0.1546875 0.13671875
2 0.6203125 0.4404296875 0.021875000000000002 0.025390625
2 0.37890625 0.47265625 0.0671875 0.0703125
2 0.46171875 0.4443359375 0.0171875 0.021484375
2 0.48125 0.451171875 0.037500000000000006 0.03515625
2 0.55625 0.447265625 0.03125 0.0390625
2 0.515625 0.4404296875 0.0125 0.017578125
2 0.703125 0.5205078125 0.146875 0.142578125
2 0.625 0.494140625 0.0625 0.078125
2 0.6039062500000001 0.478515625 0.0484375 0.0546875
2 0.5859375 0.470703125 0.03125 0.05078125
2 0.4453125 0.44140625 0.018750000000000003 0.015625
0 0.18281250000000002 0.515625 0.046875 0.109375
0 0.53828125 0.4521484375 0.010937500000000001 0.033203125
0 0.5281250000000001 0.4462890625 0.0125 0.033203125
1 0.18046875 0.5439453125 0.0390625 0.068359375
