9 0.28750000000000003 0.4296875 0.015625 0.0234375
6 0.80234375 0.4775390625 0.2890625 0.240234375
2 0.4625 0.47265625 0.0125 0.01953125
2 0.484375 0.4697265625 0.037500000000000006 0.041015625
2 0.51328125 0.4814453125 0.0328125 0.044921875
2 0.3453125 0.4765625 0.021875000000000002 0.0234375
2 0.31562500000000004 0.4794921875 0.040625 0.037109375
2 0.2671875 0.486328125 0.07500000000000001 0.05859375
2 0.14609375 0.474609375 0.07968750000000001 0.046875
2 0.07421875 0.515625 0.1484375 0.14453125
2 0.55390625 0.478515625 0.0703125 0.07421875
2 0.63828125 0.4697265625 0.1015625 0.048828125
2 0.90625 0.5732421875 0.184375 0.267578125
