7 0.77265625 0.482421875 0.0140625 0.02734375
7 0.6578125 0.4765625 0.0125 0.01171875
0 0.049218750000000006 0.5859375 0.0484375 0.1328125
6 0.27265625 0.4892578125 0.32343750000000004 0.111328125
3 0.97578125 0.6591796875 0.045312500000000006 0.142578125
3 0.9453125 0.62890625 0.09375 0.140625
3 0.9031250000000001 0.6142578125 0.07500000000000001 0.126953125
2 0.046875 0.5751953125 0.09375 0.068359375
2 0.12109375 0.572265625 0.0890625 0.0703125
2 0.19765625 0.57421875 0.0890625 0.08984375
2 0.2921875 0.6005859375 0.12812500000000002 0.142578125
2 0.44921875 0.7412109375 0.37343750000000003 0.416015625
2 0.7046875 0.62109375 0.153125 0.15625
2 0.55703125 0.53515625 0.0328125 0.0390625
2 0.5281250000000001 0.5283203125 0.025 0.021484375
2 0.77109375 0.546875 0.07968750000000001 0.05078125
2 0.6179687500000001 0.5478515625 0.0765625 0.044921875
2 0.44062500000000004 0.52734375 0.021875000000000002 0.0234375
2 0.453125 0.5224609375 0.018750000000000003 0.021484375
2 0.41250000000000003 0.529296875 0.040625 0.02734375
