7 0.88046875 0.3779296875 0.029687500000000002 0.076171875
7 0.8875000000000001 0.5439453125 0.015625 0.048828125
7 0.875 0.4990234375 0.018750000000000003 0.029296875
7 0.13359375 0.3662109375 0.0234375 0.087890625
7 0.1390625 0.537109375 0.0125 0.0390625
7 0.9140625 0.44921875 0.0125 0.046875
9 0.6625000000000001 0.4921875 0.021875000000000002 0.0234375
9 0.66328125 0.5185546875 0.0171875 0.025390625
9 0.88203125 0.4482421875 0.0421875 0.056640625
0 0.80625 0.595703125 0.034375 0.12890625
0 0.240625 0.5654296875 0.0125 0.041015625
0 0.25234375000000003 0.5634765625 0.010937500000000001 0.044921875
0 0.26328125 0.568359375 0.010937500000000001 0.04296875
6 0.56953125 0.5546875 0.0578125 0.0859375
3 0.42109375000000004 0.576171875 0.0140625 0.02734375
3 0.940625 0.5966796875 0.05625 0.060546875
2 0.48046875 0.576171875 0.0484375 0.046875
2 0.47109375000000003 0.5546875 0.0328125 0.0234375
0 0.42109375000000004 0.5654296875 0.010937500000000001 0.033203125
