0 0.81015625 0.5185546875 0.0421875 0.205078125
2 0.671875 0.484375 0.08125 0.08203125
2 0.7953125000000001 0.4970703125 0.109375 0.072265625
2 0.5859375 0.486328125 0.096875 0.0703125
2 0.5203125000000001 0.484375 0.046875 0.04296875
2 0.8734375000000001 0.4453125 0.084375 0.078125
0 0.34375 0.4833984375 0.015625 0.037109375
1 0.34609375000000003 0.4921875 0.010937500000000001 0.0234375
9 0.44062500000000004 0.447265625 0.009375000000000001 0.015625
9 0.02890625 0.3017578125 0.0390625 0.033203125
9 0.030468750000000003 0.244140625 0.0484375 0.07421875
