7 0.28984375 0.291015625 0.0078125 0.03125
7 0.39921875 0.294921875 0.0078125 0.03125
7 0.6531250000000001 0.341796875 0.015625 0.04296875
7 0.6375000000000001 0.4111328125 0.00625 0.013671875
7 0.63203125 0.3740234375 0.010937500000000001 0.033203125
7 0.6890625 0.4833984375 0.00625 0.021484375
7 0.42812500000000003 0.408203125 0.003125 0.01171875
7 0.39765625000000004 0.4052734375 0.004687500000000001 0.009765625
7 0.59765625 0.380859375 0.0078125 0.03515625
7 0.7375 0.38671875 0.021875000000000002 0.0234375
7 0.009375000000000001 0.173828125 0.018750000000000003 0.0625
9 0.26484375 0.455078125 0.0140625 0.01953125
9 0.5 0.341796875 0.053125000000000006 0.01171875
9 0.6687500000000001 0.39453125 0.015625 0.01953125
9 0.60078125 0.416015625 0.0078125 0.01171875
9 0.5171875 0.4267578125 0.009375000000000001 0.009765625
9 0.0484375 0.4580078125 0.021875000000000002 0.037109375
9 0.45390625 0.419921875 0.0140625 0.00390625
2 0.44453125000000004 0.4560546875 0.0171875 0.017578125
2 0.3984375 0.4541015625 0.021875000000000002 0.017578125
2 0.3796875 0.4541015625 0.015625 0.013671875
