1 0.50703125 0.4443359375 0.004687500000000001 0.009765625
1 0.5296875 0.443359375 0.00625 0.01171875
1 0.37265625 0.720703125 0.0671875 0.15625
2 0.05078125 0.6337890625 0.1015625 0.197265625
2 0.25703125 0.490234375 0.1078125 0.0625
2 0.29609375 0.5107421875 0.0890625 0.083984375
2 0.37031250000000004 0.482421875 0.059375000000000004 0.0546875
2 0.39296875000000003 0.474609375 0.0390625 0.05078125
2 0.88984375 0.7431640625 0.2171875 0.357421875
2 0.7453125 0.4833984375 0.14375000000000002 0.076171875
2 0.9304687500000001 0.4833984375 0.13593750000000002 0.072265625
2 0.8914062500000001 0.4697265625 0.1328125 0.076171875
2 0.753125 0.4375 0.043750000000000004 0.01953125
2 0.6765625000000001 0.5341796875 0.12187500000000001 0.111328125
2 0.634375 0.49609375 0.09062500000000001 0.109375
2 0.5867187500000001 0.4736328125 0.0546875 0.068359375
2 0.5593750000000001 0.46484375 0.021875000000000002 0.04296875
2 0.55625 0.447265625 0.018750000000000003 0.02734375
2 0.4921875 0.443359375 0.015625 0.01953125
2 0.49765625 0.439453125 0.0140625 0.01953125
2 0.515625 0.4404296875 0.0125 0.017578125
2 0.5242187500000001 0.4384765625 0.004687500000000001 0.013671875
2 0.53671875 0.4375 0.0078125 0.015625
2 0.54453125 0.4365234375 0.0140625 0.013671875
2 0.41484375 0.46484375 0.035937500000000004 0.04296875
2 0.42578125 0.458984375 0.026562500000000003 0.0390625
2 0.43515625 0.45703125 0.0171875 0.03515625
2 0.43828125 0.4541015625 0.029687500000000002 0.037109375
2 0.47421875 0.4580078125 0.035937500000000004 0.029296875
2 0.4546875 0.4541015625 0.009375000000000001 0.021484375
2 0.021875000000000002 0.4921875 0.043750000000000004 0.09375
0 0.5296875 0.4375 0.00625 0.015625
0 0.50703125 0.4384765625 0.004687500000000001 0.013671875
0 0.3671875 0.62109375 0.1 0.26171875
0 0.675 0.5927734375 0.078125 0.271484375
15 0.675 0.7333984375 0.034375 0.033203125
3 0.13593750000000002 0.5009765625 0.03125 0.068359375
