9 0.49609375 0.400390625 0.0234375 0.01953125
9 0.9921875 0.4150390625 0.0125 0.021484375
9 0.7859375000000001 0.3935546875 0.0125 0.021484375
9 0.515625 0.40625 0.00625 0.015625
9 0.5484375 0.4052734375 0.00625 0.005859375
6 0.59375 0.404296875 0.018750000000000003 0.03125
6 0.6671875 0.400390625 0.021875000000000002 0.0234375
2 0.74921875 0.4677734375 0.1203125 0.107421875
2 0.6335937500000001 0.4208984375 0.0234375 0.029296875
2 0.6796875 0.4208984375 0.03125 0.037109375
2 0.7015625000000001 0.4189453125 0.015625 0.017578125
2 0.66171875 0.41796875 0.010937500000000001 0.015625
2 0.64453125 0.408203125 0.0171875 0.0234375
