9 0.83359375 0.3154296875 0.08281250000000001 0.107421875
0 0.25703125 0.5068359375 0.035937500000000004 0.095703125
0 0.41250000000000003 0.5009765625 0.0125 0.033203125
0 0.6335937500000001 0.501953125 0.004687500000000001 0.01171875
0 0.6390625000000001 0.5029296875 0.00625 0.009765625
1 0.246875 0.521484375 0.028125 0.05859375
2 0.48046875 0.5234375 0.09843750000000001 0.109375
2 0.6015625 0.5185546875 0.084375 0.037109375
2 0.8304687500000001 0.578125 0.3328125 0.1328125
2 0.75 0.5087890625 0.03125 0.017578125
2 0.54921875 0.50390625 0.045312500000000006 0.02734375
2 0.09531250000000001 0.482421875 0.05625 0.01953125
