9 0.58515625 0.3564453125 0.0203125 0.033203125
9 0.58515625 0.3837890625 0.0171875 0.021484375
9 0.16953125000000002 0.4013671875 0.010937500000000001 0.025390625
0 0.9015625 0.470703125 0.034375 0.10546875
0 0.6687500000000001 0.447265625 0.015625 0.0546875
0 0.6515625 0.458984375 0.018750000000000003 0.0703125
0 0.628125 0.443359375 0.015625 0.04296875
0 0.63984375 0.44921875 0.010937500000000001 0.0546875
0 0.61875 0.431640625 0.009375000000000001 0.0390625
0 0.609375 0.4345703125 0.009375000000000001 0.037109375
0 0.5921875 0.4345703125 0.009375000000000001 0.041015625
0 0.5750000000000001 0.4345703125 0.0125 0.037109375
0 0.5625 0.439453125 0.009375000000000001 0.02734375
0 0.5515625000000001 0.4365234375 0.009375000000000001 0.029296875
0 0.5296875 0.4453125 0.0125 0.0390625
0 0.32656250000000003 0.458984375 0.00625 0.0234375
0 0.31484375000000003 0.453125 0.0078125 0.03125
0 0.30390625000000004 0.4541015625 0.0078125 0.033203125
0 0.29375 0.4501953125 0.009375000000000001 0.033203125
0 0.28515625 0.453125 0.010937500000000001 0.0390625
2 0.46796875000000004 0.4501953125 0.029687500000000002 0.025390625
2 0.8984375 0.4638671875 0.06875 0.052734375
2 0.83515625 0.4697265625 0.0578125 0.044921875
2 0.7679687500000001 0.4580078125 0.0671875 0.064453125
2 0.95234375 0.4697265625 0.0421875 0.041015625
2 0.23750000000000002 0.4853515625 0.09375 0.080078125
2 0.08828125 0.5380859375 0.1765625 0.197265625
