7 0.078125 0.3876953125 0.0125 0.048828125
7 0.8234375 0.404296875 0.015625 0.05078125
9 0.08984375 0.439453125 0.0203125 0.0390625
9 0.8132812500000001 0.4580078125 0.0203125 0.041015625
0 0.33437500000000003 0.5 0.009375000000000001 0.02734375
2 0.68515625 0.5224609375 0.0578125 0.056640625
2 0.6265625 0.515625 0.046875 0.046875
2 0.5398437500000001 0.498046875 0.010937500000000001 0.01171875
2 0.5281250000000001 0.4951171875 0.009375000000000001 0.009765625
2 0.50546875 0.4951171875 0.004687500000000001 0.005859375
2 0.49843750000000003 0.494140625 0.00625 0.0078125
2 0.48750000000000004 0.4970703125 0.009375000000000001 0.009765625
2 0.47421875 0.509765625 0.026562500000000003 0.03125
2 0.45625000000000004 0.5126953125 0.018750000000000003 0.044921875
2 0.29140625000000003 0.5185546875 0.0859375 0.076171875
2 0.40859375000000003 0.490234375 0.0859375 0.1171875
8 0.7898437500000001 0.546875 0.010937500000000001 0.03515625
