0 0.9773437500000001 0.5546875 0.0421875 0.23828125
0 0.9546875 0.5048828125 0.040625 0.271484375
2 0.04609375 0.517578125 0.0921875 0.171875
2 0.2171875 0.5234375 0.259375 0.17578125
2 0.40703125 0.525390625 0.20468750000000002 0.1484375
2 0.5164062500000001 0.5126953125 0.17343750000000002 0.126953125
2 0.61875 0.5009765625 0.1625 0.134765625
2 0.7679687500000001 0.4970703125 0.09843750000000001 0.103515625
2 0.8328125000000001 0.5068359375 0.05 0.076171875
2 0.8718750000000001 0.501953125 0.06875 0.0703125
2 0.8757812500000001 0.4931640625 0.1203125 0.083984375
