0 0.7039062500000001 0.5244140625 0.06406250000000001 0.283203125
0 0.76484375 0.5703125 0.11093750000000001 0.39453125
2 0.32890625 0.4609375 0.0234375 0.0390625
2 0.31093750000000003 0.4638671875 0.03125 0.048828125
2 0.28515625 0.474609375 0.051562500000000004 0.06640625
2 0.246875 0.4775390625 0.053125000000000006 0.099609375
2 0.203125 0.447265625 0.078125 0.0546875
2 0.21015625000000002 0.49609375 0.0734375 0.11328125
2 0.15000000000000002 0.49609375 0.08750000000000001 0.16015625
2 0.13515625 0.5283203125 0.051562500000000004 0.169921875
2 0.06328125 0.4931640625 0.1265625 0.392578125
2 0.40156250000000004 0.4814453125 0.109375 0.130859375
2 0.47734375 0.4697265625 0.0484375 0.052734375
2 0.5 0.4716796875 0.07187500000000001 0.052734375
2 0.49921875000000004 0.474609375 0.035937500000000004 0.04296875
2 0.5109375 0.484375 0.046875 0.06640625
2 0.5765625 0.48046875 0.10625000000000001 0.0859375
2 0.565625 0.4912109375 0.065625 0.076171875
2 0.58203125 0.5009765625 0.035937500000000004 0.080078125
2 0.6492187500000001 0.5126953125 0.09843750000000001 0.138671875
2 0.76484375 0.5078125 0.1921875 0.19921875
2 0.8382812500000001 0.5390625 0.1328125 0.2265625
2 0.9304687500000001 0.4951171875 0.13593750000000002 0.318359375
