7 0.64375 0.3349609375 0.015625 0.056640625
9 0.6429687500000001 0.400390625 0.029687500000000002 0.05078125
0 0.014843750000000001 0.4609375 0.0203125 0.0390625
0 0.039843750000000004 0.46875 0.0203125 0.02734375
0 0.08515625 0.4736328125 0.010937500000000001 0.029296875
0 0.06406250000000001 0.4951171875 0.021875000000000002 0.080078125
0 0.8914062500000001 0.4970703125 0.0390625 0.115234375
0 0.8328125000000001 0.4931640625 0.03125 0.119140625
0 0.8054687500000001 0.4921875 0.0234375 0.109375
0 0.7734375 0.4677734375 0.028125 0.060546875
1 0.7796875000000001 0.525390625 0.040625 0.0703125
2 0.209375 0.5126953125 0.17500000000000002 0.166015625
2 0.32421875 0.4970703125 0.0703125 0.083984375
2 0.40468750000000003 0.4755859375 0.015625 0.017578125
2 0.37734375000000003 0.478515625 0.0140625 0.015625
2 0.3953125 0.48046875 0.021875000000000002 0.01953125
2 0.4296875 0.4755859375 0.009375000000000001 0.009765625
2 0.44921875 0.478515625 0.0171875 0.01953125
2 0.484375 0.48046875 0.025 0.02734375
2 0.5453125 0.5009765625 0.07187500000000001 0.064453125
