9 0.79296875 0.388671875 0.0328125 0.04296875
0 0.82734375 0.478515625 0.0171875 0.04296875
0 0.78125 0.4765625 0.009375000000000001 0.03125
0 0.7890625 0.474609375 0.009375000000000001 0.03125
0 0.86484375 0.4716796875 0.0171875 0.056640625
0 0.915625 0.4716796875 0.0125 0.029296875
0 0.9812500000000001 0.4765625 0.028125 0.0625
0 0.88828125 0.4912109375 0.0203125 0.076171875
1 0.88828125 0.5205078125 0.026562500000000003 0.056640625
2 0.553125 0.4697265625 0.025 0.037109375
2 0.58203125 0.47265625 0.0546875 0.0546875
2 0.659375 0.4609375 0.021875000000000002 0.0234375
