9 0.49765625 0.4521484375 0.0171875 0.021484375
9 0.29375 0.5 0.0125 0.015625
9 0.2921875 0.482421875 0.0125 0.015625
9 0.5546875 0.4326171875 0.009375000000000001 0.009765625
9 0.55390625 0.4169921875 0.0140625 0.017578125
9 0.55234375 0.3984375 0.0140625 0.01953125
9 0.05625 0.47265625 0.03125 0.05859375
9 0.8203125 0.400390625 0.015625 0.01953125
9 0.8 0.416015625 0.015625 0.01953125
6 0.90390625 0.4453125 0.0390625 0.0546875
2 0.215625 0.54296875 0.1 0.0859375
2 0.31562500000000004 0.642578125 0.31875000000000003 0.25390625
2 0.34609375000000003 0.5048828125 0.060937500000000006 0.029296875
2 0.39687500000000003 0.4990234375 0.040625 0.037109375
2 0.5625 0.5009765625 0.065625 0.068359375
2 0.6492187500000001 0.5234375 0.09843750000000001 0.109375
2 0.5867187500000001 0.4794921875 0.035937500000000004 0.044921875
2 0.74375 0.490234375 0.065625 0.06640625
2 0.6960937500000001 0.4736328125 0.029687500000000002 0.033203125
2 0.61328125 0.4814453125 0.0171875 0.025390625
2 0.93671875 0.4677734375 0.035937500000000004 0.037109375
2 0.87265625 0.4599609375 0.0140625 0.021484375
2 0.8617187500000001 0.4609375 0.0171875 0.0234375
2 0.9765625 0.45703125 0.037500000000000006 0.03125
