9 0.5789062500000001 0.40625 0.0140625 0.02734375
0 0.5203125000000001 0.4208984375 0.00625 0.021484375
0 0.540625 0.41796875 0.00625 0.01953125
2 0.31796875 0.4365234375 0.0546875 0.056640625
2 0.353125 0.439453125 0.021875000000000002 0.046875
2 0.39375000000000004 0.4326171875 0.025 0.025390625
2 0.4078125 0.427734375 0.018750000000000003 0.0234375
2 0.41875 0.427734375 0.009375000000000001 0.01953125
2 0.42265625 0.421875 0.0171875 0.0234375
2 0.48203125 0.42578125 0.010937500000000001 0.01171875
2 0.8859375 0.376953125 0.078125 0.0390625
2 0.446875 0.416015625 0.018750000000000003 0.015625
