4 0.49296875 0.5283203125 0.0078125 0.017578125
0 0.88828125 0.603515625 0.045312500000000006 0.08203125
0 0.7390625000000001 0.56640625 0.018750000000000003 0.0625
0 0.75390625 0.5693359375 0.0140625 0.068359375
0 0.6765625000000001 0.5615234375 0.015625 0.048828125
0 0.6390625000000001 0.5537109375 0.0125 0.037109375
0 0.62265625 0.5556640625 0.010937500000000001 0.029296875
3 0.4421875 0.603515625 0.03125 0.05859375
2 0.18671875000000002 0.7724609375 0.3671875 0.380859375
2 0.340625 0.576171875 0.065625 0.0625
2 0.46796875000000004 0.578125 0.0546875 0.0625
2 0.47265625 0.5419921875 0.0171875 0.013671875
2 0.45546875000000003 0.5322265625 0.0078125 0.009765625
2 0.46640625 0.53125 0.0078125 0.0078125
2 0.41875 0.54296875 0.034375 0.05078125
2 0.015625 0.654296875 0.03125 0.12109375
0 0.4421875 0.580078125 0.028125 0.0703125
