7 0.26015625000000003 0.4072265625 0.010937500000000001 0.037109375
7 0.34140625 0.349609375 0.0078125 0.02734375
7 0.40625 0.3447265625 0.009375000000000001 0.025390625
7 0.35625 0.271484375 0.018750000000000003 0.05078125
7 0.66328125 0.4189453125 0.0078125 0.029296875
7 0.5398437500000001 0.345703125 0.0078125 0.02734375
7 0.45156250000000003 0.4033203125 0.009375000000000001 0.037109375
7 0.41640625000000003 0.431640625 0.004687500000000001 0.01171875
7 0.43125 0.4345703125 0.003125 0.009765625
9 0.259375 0.419921875 0.021875000000000002 0.03125
9 0.33046875000000003 0.259765625 0.0203125 0.02734375
9 0.45703125 0.435546875 0.010937500000000001 0.015625
0 0.240625 0.482421875 0.0125 0.04296875
2 0.1609375 0.513671875 0.146875 0.1015625
2 0.875 0.5693359375 0.246875 0.400390625
2 0.7132812500000001 0.515625 0.16718750000000002 0.18359375
2 0.6257812500000001 0.5107421875 0.051562500000000004 0.103515625
2 0.59609375 0.5048828125 0.0578125 0.068359375
2 0.48515625 0.49609375 0.07968750000000001 0.08203125
7 0.17265625 0.4072265625 0.0078125 0.029296875
4 0.7312500000000001 0.453125 0.28750000000000003 0.125
