9 0.5078125 0.380859375 0.034375 0.04296875
9 0.5078125 0.40625 0.021875000000000002 0.0078125
0 0.9632812500000001 0.4541015625 0.0078125 0.037109375
0 0.94296875 0.4541015625 0.0078125 0.029296875
0 0.44140625 0.4765625 0.026562500000000003 0.0703125
0 0.26796875000000003 0.4560546875 0.0203125 0.048828125
0 0.27890625 0.453125 0.010937500000000001 0.0546875
0 0.18359375 0.4482421875 0.0171875 0.041015625
1 0.43828125 0.46875 0.0484375 0.03515625
1 0.4421875 0.46875 0.037500000000000006 0.03515625
1 0.19765625 0.484375 0.0484375 0.03515625
1 0.08750000000000001 0.47265625 0.034375 0.03125
2 0.9031250000000001 0.689453125 0.19062500000000002 0.265625
2 0.78125 0.5888671875 0.30312500000000003 0.177734375
2 0.62109375 0.54296875 0.1796875 0.13671875
2 0.5710937500000001 0.46875 0.11093750000000001 0.05859375
2 0.69140625 0.470703125 0.0890625 0.0546875
2 0.91953125 0.44921875 0.045312500000000006 0.03515625
2 0.9539062500000001 0.4501953125 0.0328125 0.033203125
2 0.015625 0.458984375 0.03125 0.03515625
2 0.0765625 0.4599609375 0.07187500000000001 0.041015625
0 0.2 0.45703125 0.025 0.0625
0 0.09375 0.4580078125 0.018750000000000003 0.052734375
