9 0.703125 0.416015625 0.015625 0.00390625
9 0.703125 0.4208984375 0.009375000000000001 0.005859375
9 0.6234375000000001 0.4248046875 0.00625 0.009765625
9 0.62421875 0.4345703125 0.004687500000000001 0.009765625
9 0.47421875 0.419921875 0.0171875 0.0234375
9 0.1234375 0.3955078125 0.00625 0.060546875
0 0.70078125 0.46484375 0.0140625 0.05078125
0 0.671875 0.4677734375 0.0125 0.048828125
0 0.54453125 0.474609375 0.0140625 0.0546875
0 0.540625 0.4755859375 0.0125 0.056640625
0 0.5320312500000001 0.47265625 0.010937500000000001 0.0625
0 0.52265625 0.4765625 0.0140625 0.05859375
0 0.5109375 0.4697265625 0.0125 0.060546875
0 0.5007812500000001 0.4599609375 0.010937500000000001 0.033203125
0 0.46718750000000003 0.44921875 0.015625 0.015625
0 0.36171875000000003 0.44921875 0.0140625 0.015625
0 0.30000000000000004 0.458984375 0.015625 0.02734375
0 0.2828125 0.44921875 0.015625 0.0234375
1 0.71875 0.4755859375 0.018750000000000003 0.029296875
2 0.5632812500000001 0.470703125 0.029687500000000002 0.03515625
2 0.4578125 0.482421875 0.09062500000000001 0.0546875
2 0.36328125 0.486328125 0.1015625 0.0625
2 0.259375 0.4921875 0.10625000000000001 0.07421875
2 0.14765625000000002 0.50390625 0.1390625 0.09375
2 0.040625 0.5107421875 0.08125 0.103515625
2 0.7546875000000001 0.4638671875 0.046875 0.041015625
0 0.7195312500000001 0.4619140625 0.0203125 0.041015625
