7 0.89765625 0.296875 0.0140625 0.09765625
7 0.7625000000000001 0.271484375 0.021875000000000002 0.078125
7 0.7507812500000001 0.2119140625 0.0140625 0.029296875
7 0.7046875 0.2392578125 0.0125 0.041015625
7 0.6421875 0.388671875 0.009375000000000001 0.02734375
7 0.6203125 0.390625 0.009375000000000001 0.02734375
7 0.625 0.4267578125 0.00625 0.013671875
7 0.909375 0.38671875 0.015625 0.02734375
7 0.77734375 0.37109375 0.0203125 0.03125
7 0.42031250000000003 0.337890625 0.0125 0.03515625
7 0.290625 0.3291015625 0.0125 0.033203125
9 0.84765625 0.271484375 0.0390625 0.0390625
9 0.728125 0.228515625 0.0125 0.0390625
9 0.48359375000000004 0.3681640625 0.035937500000000004 0.013671875
9 0.30859375 0.326171875 0.0171875 0.0234375
0 0.6101562500000001 0.466796875 0.0171875 0.046875
2 0.30781250000000004 0.4765625 0.07187500000000001 0.046875
2 0.2609375 0.46875 0.025 0.02734375
2 0.23125 0.47265625 0.043750000000000004 0.03515625
2 0.18359375 0.48046875 0.0421875 0.03515625
2 0.1296875 0.4970703125 0.115625 0.091796875
2 0.03828125 0.4990234375 0.0734375 0.158203125
2 0.4609375 0.4990234375 0.24375000000000002 0.244140625
