9 0.434375 0.43359375 0.025 0.015625
9 0.37109375 0.451171875 0.0234375 0.01171875
0 0.8109375000000001 0.4501953125 0.0125 0.041015625
0 0.6742187500000001 0.48046875 0.0203125 0.0625
0 0.53125 0.509765625 0.021875000000000002 0.0703125
0 0.48750000000000004 0.4873046875 0.009375000000000001 0.029296875
0 0.54921875 0.49609375 0.0203125 0.0703125
0 0.8304687500000001 0.44921875 0.0140625 0.04296875
0 0.446875 0.482421875 0.015625 0.015625
0 0.12890625 0.5263671875 0.010937500000000001 0.037109375
0 0.146875 0.529296875 0.015625 0.04296875
1 0.24765625000000002 0.6552734375 0.2609375 0.220703125
2 0.041406250000000006 0.5458984375 0.051562500000000004 0.037109375
2 0.078125 0.5361328125 0.034375 0.021484375
2 0.35546875 0.5537109375 0.22968750000000002 0.126953125
2 0.58984375 0.4833984375 0.0328125 0.029296875
0 0.9203125000000001 0.5537109375 0.07500000000000001 0.287109375
0 0.63671875 0.6240234375 0.09843750000000001 0.357421875
0 0.25859375 0.60546875 0.0921875 0.23046875
