9 0.6515625 0.4052734375 0.009375000000000001 0.005859375
9 0.65 0.3935546875 0.018750000000000003 0.017578125
9 0.38046875 0.3935546875 0.0234375 0.021484375
9 0.3796875 0.40625 0.015625 0.00390625
0 0.70625 0.458984375 0.021875000000000002 0.0234375
0 0.4421875 0.474609375 0.015625 0.0703125
0 0.45937500000000003 0.47265625 0.018750000000000003 0.06640625
0 0.484375 0.4736328125 0.018750000000000003 0.068359375
0 0.55859375 0.4580078125 0.0140625 0.037109375
0 0.609375 0.4501953125 0.003125 0.025390625
1 0.5296875 0.6162109375 0.040625 0.123046875
2 0.05390625 0.6728515625 0.1078125 0.240234375
2 0.1234375 0.5703125 0.234375 0.265625
2 0.2765625 0.5478515625 0.11875000000000001 0.154296875
2 0.34218750000000003 0.5263671875 0.065625 0.107421875
2 0.94921875 0.5126953125 0.09843750000000001 0.076171875
2 0.8953125000000001 0.65234375 0.20625000000000002 0.23046875
2 0.7140625 0.515625 0.084375 0.08984375
2 0.7890625 0.4814453125 0.053125000000000006 0.072265625
2 0.6453125000000001 0.54296875 0.12187500000000001 0.125
2 0.3953125 0.486328125 0.06875 0.0625
2 0.42578125 0.4775390625 0.029687500000000002 0.052734375
2 0.7328125000000001 0.4580078125 0.034375 0.029296875
2 0.696875 0.45703125 0.046875 0.02734375
2 0.6703125000000001 0.4580078125 0.034375 0.033203125
2 0.47109375000000003 0.4560546875 0.0171875 0.029296875
2 0.57734375 0.453125 0.026562500000000003 0.0234375
2 0.56640625 0.447265625 0.0078125 0.01953125
2 0.55625 0.443359375 0.0125 0.015625
2 0.5515625000000001 0.44140625 0.009375000000000001 0.015625
2 0.4859375 0.4521484375 0.018750000000000003 0.021484375
2 0.49375 0.451171875 0.0125 0.01953125
2 0.5078125 0.4443359375 0.0125 0.021484375
2 0.5007812500000001 0.4482421875 0.010937500000000001 0.017578125
2 0.50234375 0.4453125 0.0140625 0.01953125
0 0.5320312500000001 0.560546875 0.0765625 0.2109375
