7 0.3359375 0.2041015625 0.0125 0.048828125
7 0.6578125 0.3408203125 0.009375000000000001 0.033203125
7 0.659375 0.3876953125 0.0125 0.013671875
7 0.8078125 0.3173828125 0.009375000000000001 0.033203125
7 0.8148437500000001 0.373046875 0.010937500000000001 0.0234375
9 0.6742187500000001 0.3720703125 0.0390625 0.009765625
0 0.6078125000000001 0.4443359375 0.009375000000000001 0.037109375
0 0.5296875 0.4423828125 0.00625 0.025390625
2 0.21406250000000002 0.4853515625 0.178125 0.166015625
2 0.3671875 0.47265625 0.065625 0.0625
2 0.42265625 0.4521484375 0.026562500000000003 0.025390625
2 0.47890625000000003 0.4599609375 0.06406250000000001 0.072265625
