4 0.4421875 0.4443359375 0.009375000000000001 0.013671875
7 0.1875 0.2392578125 0.021875000000000002 0.072265625
7 0.1796875 0.33203125 0.025 0.02734375
7 0.890625 0.357421875 0.025 0.02734375
7 0.88828125 0.2705078125 0.0203125 0.076171875
9 0.31640625 0.4599609375 0.0140625 0.025390625
9 0.9125000000000001 0.3330078125 0.0625 0.017578125
9 0.7265625 0.400390625 0.009375000000000001 0.01953125
0 0.032031250000000004 0.5498046875 0.06406250000000001 0.349609375
0 0.225 0.4482421875 0.009375000000000001 0.041015625
0 0.246875 0.453125 0.015625 0.06640625
0 0.9476562500000001 0.4814453125 0.0390625 0.134765625
1 0.11796875000000001 0.4462890625 0.0578125 0.052734375
1 0.14296875 0.4482421875 0.0578125 0.048828125
2 0.32890625 0.4677734375 0.0703125 0.068359375
2 0.35078125000000004 0.4580078125 0.0671875 0.068359375
2 0.39296875000000003 0.462890625 0.0234375 0.03515625
2 0.40937500000000004 0.4609375 0.018750000000000003 0.02734375
2 0.98046875 0.4658203125 0.035937500000000004 0.056640625
2 0.7375 0.4892578125 0.31562500000000004 0.134765625
2 0.60078125 0.466796875 0.0578125 0.0546875
2 0.5640625 0.4560546875 0.05625 0.060546875
2 0.5296875 0.466796875 0.021875000000000002 0.03125
2 0.51796875 0.462890625 0.0203125 0.02734375
2 0.49765625 0.4599609375 0.035937500000000004 0.041015625
2 0.46484375 0.46484375 0.026562500000000003 0.02734375
2 0.4421875 0.4638671875 0.018750000000000003 0.017578125
2 0.42578125 0.4599609375 0.0203125 0.013671875
2 0.45937500000000003 0.4501953125 0.025 0.013671875
