7 0.83125 0.2294921875 0.025 0.087890625
7 0.5140625 0.02734375 0.028125 0.0546875
7 0.828125 0.333984375 0.025 0.03515625
7 0.010937500000000001 0.248046875 0.021875000000000002 0.0859375
0 0.70234375 0.478515625 0.0234375 0.0546875
0 0.7195312500000001 0.4775390625 0.0171875 0.052734375
0 0.62265625 0.466796875 0.010937500000000001 0.05078125
0 0.59765625 0.4697265625 0.0140625 0.041015625
0 0.5242187500000001 0.46875 0.0078125 0.02734375
1 0.7445312500000001 0.498046875 0.029687500000000002 0.0625
2 0.41484375 0.4677734375 0.051562500000000004 0.037109375
2 0.38906250000000003 0.46875 0.028125 0.03125
2 0.27187500000000003 0.4755859375 0.084375 0.083984375
2 0.134375 0.5361328125 0.26875 0.361328125
