7 0.4453125 0.244140625 0.021875000000000002 0.06640625
7 0.46953125 0.251953125 0.0171875 0.046875
7 0.921875 0.28125 0.015625 0.06640625
7 0.9078125 0.2822265625 0.009375000000000001 0.064453125
7 0.8562500000000001 0.30859375 0.015625 0.05859375
9 0.8609375 0.2470703125 0.021875000000000002 0.025390625
9 0.61875 0.3359375 0.018750000000000003 0.015625
0 0.19921875 0.3837890625 0.051562500000000004 0.154296875
0 0.39375000000000004 0.3759765625 0.021875000000000002 0.083984375
0 0.4890625 0.3759765625 0.009375000000000001 0.044921875
6 0.93359375 0.3759765625 0.1296875 0.150390625
2 0.7312500000000001 0.3564453125 0.07187500000000001 0.033203125
2 0.7835937500000001 0.3642578125 0.035937500000000004 0.021484375
2 0.7445312500000001 0.5458984375 0.5078125 0.345703125
