7 0.06875 0.3720703125 0.0125 0.041015625
7 0.09296875 0.4111328125 0.0140625 0.017578125
7 0.5265625 0.353515625 0.0125 0.0390625
7 0.525 0.39453125 0.0125 0.015625
7 0.690625 0.3330078125 0.0125 0.041015625
7 0.6984375 0.3837890625 0.0125 0.017578125
7 0.63984375 0.2998046875 0.045312500000000006 0.048828125
9 0.49375 0.3935546875 0.009375000000000001 0.017578125
9 0.73203125 0.3720703125 0.029687500000000002 0.009765625
9 0.6953125 0.3662109375 0.0125 0.013671875
9 0.65234375 0.2568359375 0.0140625 0.033203125
9 0.6359375 0.19921875 0.037500000000000006 0.078125
0 0.5125000000000001 0.455078125 0.015625 0.0625
0 0.46875 0.4658203125 0.028125 0.068359375
0 0.43828125 0.466796875 0.0234375 0.0703125
0 0.4234375 0.443359375 0.009375000000000001 0.02734375
0 0.40859375000000003 0.44140625 0.0171875 0.02734375
2 0.21640625000000002 0.46875 0.0546875 0.046875
2 0.3359375 0.48046875 0.203125 0.08203125
2 0.0484375 0.515625 0.096875 0.09765625
2 0.46953125 0.4609375 0.0390625 0.0390625
8 0.5171875 0.470703125 0.00625 0.03125
