0 0.8210937500000001 0.515625 0.035937500000000004 0.11328125
2 0.10703125000000001 0.4912109375 0.21406250000000002 0.158203125
2 0.21953125 0.4814453125 0.18281250000000002 0.126953125
2 0.39609375 0.4970703125 0.060937500000000006 0.044921875
2 0.42578125 0.484375 0.045312500000000006 0.03515625
2 0.50703125 0.4921875 0.026562500000000003 0.0390625
2 0.64453125 0.484375 0.0203125 0.01953125
2 0.67109375 0.48828125 0.029687500000000002 0.0234375
2 0.7289062500000001 0.4853515625 0.0234375 0.025390625
2 0.71484375 0.4775390625 0.0203125 0.025390625
2 0.7734375 0.48828125 0.025 0.0234375
2 0.74765625 0.486328125 0.0171875 0.0234375
2 0.53359375 0.490234375 0.0328125 0.03515625
15 0.58359375 0.4775390625 0.035937500000000004 0.048828125
