7 0.21328125 0.3203125 0.0171875 0.05859375
7 0.2109375 0.384765625 0.018750000000000003 0.02734375
7 0.54296875 0.1513671875 0.0171875 0.056640625
7 0.7523437500000001 0.296875 0.0171875 0.05859375
7 0.7523437500000001 0.3642578125 0.0171875 0.025390625
0 0.51484375 0.44921875 0.0078125 0.0234375
0 0.6859375000000001 0.451171875 0.0125 0.03125
0 0.70234375 0.462890625 0.0171875 0.04296875
0 0.71640625 0.4462890625 0.0171875 0.037109375
1 0.278125 0.498046875 0.025 0.05859375
1 0.5867187500000001 0.466796875 0.0078125 0.0234375
1 0.6023437500000001 0.46484375 0.004687500000000001 0.015625
2 0.32421875 0.470703125 0.0671875 0.0703125
2 0.37578125 0.4921875 0.1296875 0.09375
2 0.43281250000000004 0.466796875 0.07187500000000001 0.0859375
2 0.47734375 0.4580078125 0.045312500000000006 0.064453125
0 0.28125 0.4755859375 0.021875000000000002 0.083984375
0 0.5867187500000001 0.4560546875 0.010937500000000001 0.033203125
0 0.6015625 0.4541015625 0.0125 0.033203125
0 0.99140625 0.431640625 0.0140625 0.0546875
1 0.9875 0.4716796875 0.021875000000000002 0.064453125
1 0.71875 0.474609375 0.028125 0.05078125
