7 0.59765625 0.4541015625 0.004687500000000001 0.013671875
7 0.421875 0.4541015625 0.003125 0.013671875
0 0.77109375 0.509765625 0.0171875 0.0625
0 0.7273437500000001 0.4892578125 0.0203125 0.029296875
0 0.7562500000000001 0.509765625 0.015625 0.078125
0 0.42578125 0.4912109375 0.004687500000000001 0.013671875
0 0.35078125000000004 0.4921875 0.010937500000000001 0.01953125
0 0.25703125 0.4951171875 0.0078125 0.021484375
0 0.04609375 0.4921875 0.0203125 0.03515625
0 0.08046875 0.490234375 0.0234375 0.0390625
0 0.1203125 0.490234375 0.021875000000000002 0.0546875
0 0.14921875 0.4921875 0.0203125 0.05078125
0 0.16796875 0.5068359375 0.0203125 0.072265625
0 0.22187500000000002 0.4892578125 0.015625 0.025390625
0 0.18828125 0.490234375 0.0171875 0.03125
0 0.6140625000000001 0.486328125 0.00625 0.01171875
1 0.565625 0.5126953125 0.015625 0.029296875
2 0.45156250000000003 0.5009765625 0.025 0.025390625
2 0.503125 0.5234375 0.07187500000000001 0.07421875
2 0.5242187500000001 0.513671875 0.035937500000000004 0.05859375
2 0.52734375 0.5048828125 0.035937500000000004 0.048828125
2 0.55625 0.5078125 0.021875000000000002 0.0234375
2 0.59140625 0.50390625 0.0390625 0.03515625
0 0.565625 0.501953125 0.0125 0.04296875
