9 0.34140625 0.4482421875 0.0171875 0.025390625
9 0.534375 0.4990234375 0.00625 0.009765625
9 0.534375 0.4892578125 0.009375000000000001 0.009765625
0 0.42890625000000004 0.501953125 0.0078125 0.02734375
0 0.4375 0.50390625 0.00625 0.0234375
0 0.44921875 0.501953125 0.004687500000000001 0.015625
0 0.4546875 0.501953125 0.00625 0.015625
0 0.46484375 0.5029296875 0.004687500000000001 0.013671875
0 0.4609375 0.50390625 0.003125 0.01171875
2 0.4859375 0.5126953125 0.025 0.021484375
2 0.3671875 0.521484375 0.09375 0.09765625
2 0.24453125 0.5185546875 0.09531250000000001 0.064453125
2 0.15546875000000002 0.5185546875 0.17343750000000002 0.080078125
8 0.74140625 0.5517578125 0.0203125 0.091796875
