4 0.9140625 0.458984375 0.16875 0.34375
4 0.74765625 0.4443359375 0.0921875 0.134765625
4 0.6859375000000001 0.44921875 0.03125 0.05078125
4 0.6578125 0.453125 0.028125 0.03515625
4 0.49296875 0.4765625 0.0921875 0.1015625
7 0.5281250000000001 0.3828125 0.009375000000000001 0.03125
9 0.56796875 0.4326171875 0.0140625 0.017578125
9 0.5281250000000001 0.419921875 0.015625 0.01953125
9 0.40859375000000003 0.447265625 0.0171875 0.0234375
0 0.57734375 0.4658203125 0.0078125 0.021484375
0 0.5640625 0.466796875 0.00625 0.01953125
0 0.58828125 0.4619140625 0.004687500000000001 0.013671875
0 0.8226562500000001 0.46484375 0.010937500000000001 0.0390625
0 0.8140625 0.4638671875 0.009375000000000001 0.033203125
0 0.21328125 0.5322265625 0.026562500000000003 0.080078125
0 0.31093750000000003 0.5048828125 0.015625 0.021484375
0 0.42890625000000004 0.4853515625 0.0078125 0.021484375
0 0.42109375000000004 0.486328125 0.0078125 0.0234375
0 0.43984375000000003 0.49609375 0.0078125 0.03125
0 0.2625 0.52734375 0.021875000000000002 0.08203125
3 0.5437500000000001 0.5341796875 0.046875 0.099609375
3 0.665625 0.4755859375 0.0125 0.021484375
2 0.628125 0.4931640625 0.05625 0.060546875
2 0.62421875 0.4541015625 0.0328125 0.021484375
2 0.6484375 0.466796875 0.015625 0.0234375
2 0.35234375 0.5078125 0.035937500000000004 0.03125
2 0.38515625000000003 0.494140625 0.0234375 0.03515625
0 0.5398437500000001 0.509765625 0.0390625 0.109375
0 0.6640625 0.466796875 0.009375000000000001 0.0234375
