4 0.82421875 0.4267578125 0.2671875 0.119140625
4 0.6351562500000001 0.4248046875 0.0921875 0.029296875
4 0.5171875 0.43359375 0.0625 0.05078125
4 0.434375 0.453125 0.096875 0.0390625
0 0.6609375000000001 0.4697265625 0.03125 0.103515625
0 0.6328125 0.4599609375 0.018750000000000003 0.060546875
0 0.6140625000000001 0.462890625 0.015625 0.05859375
0 0.5945312500000001 0.46484375 0.0171875 0.05859375
0 0.6796875 0.431640625 0.015625 0.0234375
0 0.603125 0.4501953125 0.009375000000000001 0.033203125
0 0.57578125 0.455078125 0.0078125 0.03125
0 0.56953125 0.4541015625 0.004687500000000001 0.029296875
0 0.5578125 0.4609375 0.009375000000000001 0.0390625
0 0.54921875 0.455078125 0.0078125 0.02734375
0 0.28671875 0.4716796875 0.0078125 0.025390625
0 0.12812500000000002 0.4912109375 0.015625 0.029296875
2 0.95234375 0.4853515625 0.0921875 0.107421875
2 0.9078125 0.44921875 0.18125000000000002 0.1328125
2 0.84921875 0.4462890625 0.1453125 0.103515625
2 0.503125 0.51171875 0.12187500000000001 0.11328125
2 0.45234375000000004 0.462890625 0.026562500000000003 0.01953125
0 0.11093750000000001 0.4970703125 0.018750000000000003 0.044921875
