4 0.66328125 0.5576171875 0.1171875 0.119140625
7 0.38125000000000003 0.50390625 0.00625 0.01953125
0 0.8539062500000001 0.5732421875 0.0203125 0.068359375
0 0.75546875 0.572265625 0.0171875 0.0703125
0 0.7429687500000001 0.576171875 0.0140625 0.0625
0 0.7289062500000001 0.5751953125 0.0171875 0.064453125
0 0.8812500000000001 0.5478515625 0.0125 0.033203125
0 0.8210937500000001 0.544921875 0.0078125 0.0234375
0 0.8304687500000001 0.5439453125 0.010937500000000001 0.029296875
0 0.7921875 0.5751953125 0.015625 0.060546875
0 0.5921875 0.548828125 0.00625 0.02734375
0 0.58828125 0.5478515625 0.004687500000000001 0.025390625
2 0.6312500000000001 0.6484375 0.178125 0.17578125
2 0.534375 0.552734375 0.025 0.0234375
2 0.49453125000000003 0.5517578125 0.0203125 0.025390625
2 0.45390625 0.5498046875 0.0203125 0.021484375
2 0.51875 0.5498046875 0.009375000000000001 0.017578125
2 0.50234375 0.546875 0.0171875 0.015625
0 0.9750000000000001 0.580078125 0.03125 0.09765625
