0 0.045312500000000006 0.3955078125 0.025 0.099609375
0 0.07890625000000001 0.4013671875 0.0234375 0.103515625
0 0.28671875 0.390625 0.010937500000000001 0.03515625
0 0.29296875 0.3837890625 0.0078125 0.025390625
0 0.32578125 0.3896484375 0.010937500000000001 0.033203125
0 0.16953125000000002 0.3759765625 0.0078125 0.029296875
0 0.17578125 0.37890625 0.0078125 0.02734375
0 0.2234375 0.373046875 0.00625 0.01171875
0 0.4609375 0.359375 0.00625 0.01171875
0 0.48359375000000004 0.3681640625 0.004687500000000001 0.021484375
0 0.50703125 0.3681640625 0.004687500000000001 0.013671875
0 0.51484375 0.369140625 0.004687500000000001 0.01171875
0 0.62265625 0.3701171875 0.0078125 0.021484375
0 0.6140625000000001 0.37109375 0.00625 0.01953125
0 0.7421875 0.4169921875 0.009375000000000001 0.029296875
0 0.7546875000000001 0.4169921875 0.009375000000000001 0.029296875
0 0.765625 0.4169921875 0.009375000000000001 0.029296875
0 0.8375 0.4345703125 0.015625 0.048828125
0 0.853125 0.4384765625 0.015625 0.048828125
2 0.56796875 0.4814453125 0.1546875 0.138671875
2 0.54453125 0.4130859375 0.0734375 0.080078125
2 0.50234375 0.4169921875 0.0203125 0.048828125
2 0.41328125000000004 0.41796875 0.06406250000000001 0.05859375
2 0.32265625000000003 0.390625 0.0484375 0.02734375
2 0.24453125 0.3876953125 0.051562500000000004 0.029296875
2 0.19687500000000002 0.384765625 0.040625 0.02734375
2 0.15703125 0.3759765625 0.0234375 0.029296875
2 0.8406250000000001 0.427734375 0.05625 0.0390625
2 0.91953125 0.42578125 0.026562500000000003 0.01953125
2 0.93515625 0.439453125 0.035937500000000004 0.02734375
2 0.953125 0.4306640625 0.028125 0.029296875
2 0.978125 0.4345703125 0.028125 0.033203125
2 0.99375 0.435546875 0.009375000000000001 0.02734375
