7 0.30000000000000004 0.2900390625 0.015625 0.041015625
7 0.19375 0.3046875 0.015625 0.04296875
7 0.578125 0.380859375 0.009375000000000001 0.03125
7 0.43593750000000003 0.34765625 0.009375000000000001 0.02734375
7 0.3609375 0.3447265625 0.009375000000000001 0.025390625
7 0.540625 0.40625 0.00625 0.02734375
7 0.68671875 0.412109375 0.0078125 0.0234375
7 0.540625 0.4306640625 0.009375000000000001 0.009765625
9 0.71484375 0.3369140625 0.010937500000000001 0.041015625
9 0.52734375 0.369140625 0.045312500000000006 0.01171875
9 0.37812500000000004 0.34375 0.015625 0.01953125
9 0.61484375 0.3984375 0.0234375 0.03125
9 0.02734375 0.3486328125 0.0546875 0.021484375
9 0.16328125000000002 0.4189453125 0.0140625 0.029296875
9 0.7140625 0.2880859375 0.0125 0.056640625
9 0.7156250000000001 0.37109375 0.009375000000000001 0.0234375
2 0.47421875 0.486328125 0.0859375 0.08203125
2 0.3515625 0.4736328125 0.03125 0.033203125
2 0.41796875 0.46875 0.026562500000000003 0.02734375
9 0.8265625000000001 0.259765625 0.028125 0.046875
9 0.82734375 0.3037109375 0.029687500000000002 0.025390625
