7 0.6484375 0.3759765625 0.021875000000000002 0.021484375
7 0.6515625 0.310546875 0.018750000000000003 0.06640625
7 0.43671875000000004 0.390625 0.0078125 0.0234375
7 0.27968750000000003 0.4169921875 0.00625 0.017578125
7 0.9484375 0.353515625 0.021875000000000002 0.03125
9 0.6507812500000001 0.3525390625 0.045312500000000006 0.017578125
9 0.41328125000000004 0.404296875 0.0078125 0.01171875
9 0.9789062500000001 0.2978515625 0.035937500000000004 0.044921875
9 0.98828125 0.3388671875 0.0203125 0.017578125
0 0.9031250000000001 0.4638671875 0.037500000000000006 0.142578125
0 0.87421875 0.4736328125 0.0328125 0.134765625
0 0.8523437500000001 0.466796875 0.0328125 0.13671875
0 0.7898437500000001 0.470703125 0.0234375 0.125
0 0.775 0.48046875 0.037500000000000006 0.13671875
0 0.7562500000000001 0.474609375 0.03125 0.12109375
0 0.72421875 0.462890625 0.0328125 0.10546875
0 0.70703125 0.453125 0.0203125 0.078125
0 0.49140625000000004 0.462890625 0.010937500000000001 0.02734375
0 0.3515625 0.482421875 0.043750000000000004 0.12890625
0 0.004687500000000001 0.4619140625 0.009375000000000001 0.056640625
0 0.0140625 0.4599609375 0.015625 0.056640625
0 0.026562500000000003 0.4638671875 0.0125 0.056640625
0 0.5671875000000001 0.4560546875 0.009375000000000001 0.037109375
0 0.55625 0.4599609375 0.0125 0.041015625
1 0.01640625 0.482421875 0.0328125 0.046875
1 0.022656250000000003 0.482421875 0.045312500000000006 0.046875
2 0.41171875 0.4658203125 0.029687500000000002 0.033203125
2 0.39453125 0.4638671875 0.0078125 0.017578125
2 0.384375 0.4638671875 0.018750000000000003 0.021484375
2 0.375 0.46484375 0.021875000000000002 0.0234375
2 0.29296875 0.47265625 0.029687500000000002 0.0546875
2 0.2609375 0.4736328125 0.059375000000000004 0.068359375
2 0.19140625 0.4794921875 0.09531250000000001 0.083984375
