9 0.33203125 0.474609375 0.010937500000000001 0.015625
0 0.38906250000000003 0.509765625 0.0125 0.04296875
0 0.5984375000000001 0.51171875 0.00625 0.01953125
0 0.6062500000000001 0.5107421875 0.00625 0.021484375
2 0.5421875 0.5126953125 0.05625 0.037109375
2 0.76875 0.5146484375 0.034375 0.021484375
2 0.6328125 0.5390625 0.134375 0.0546875
2 0.4078125 0.521484375 0.03125 0.04296875
2 0.46640625 0.5341796875 0.1046875 0.119140625
2 0.11484375000000001 0.6064453125 0.22968750000000002 0.244140625
