7 0.7046875 0.3359375 0.015625 0.05859375
9 0.69921875 0.4111328125 0.035937500000000004 0.068359375
0 0.7859375000000001 0.5322265625 0.034375 0.154296875
0 0.8453125 0.5263671875 0.040625 0.158203125
0 0.9242187500000001 0.5693359375 0.0546875 0.173828125
0 0.97421875 0.56640625 0.045312500000000006 0.171875
0 0.95703125 0.517578125 0.0328125 0.1171875
0 0.9890625000000001 0.4814453125 0.018750000000000003 0.083984375
0 0.759375 0.4873046875 0.0125 0.033203125
0 0.6265625 0.4853515625 0.0125 0.044921875
0 0.63671875 0.48828125 0.010937500000000001 0.04296875
0 0.6046875 0.4794921875 0.0125 0.037109375
0 0.23515625 0.4736328125 0.0140625 0.017578125
0 0.31562500000000004 0.4755859375 0.0125 0.025390625
0 0.525 0.4736328125 0.00625 0.013671875
1 0.5593750000000001 0.5341796875 0.021875000000000002 0.052734375
2 0.47265625 0.5498046875 0.13593750000000002 0.138671875
2 0.41640625000000003 0.490234375 0.035937500000000004 0.0390625
2 0.49140625000000004 0.46875 0.0078125 0.0078125
2 0.48281250000000003 0.46875 0.00625 0.0078125
2 0.45 0.47265625 0.021875000000000002 0.015625
2 0.46796875000000004 0.47265625 0.0171875 0.015625
0 0.56015625 0.5087890625 0.0234375 0.072265625
