9 0.47187500000000004 0.439453125 0.00625 0.0078125
6 0.37265625 0.4453125 0.0546875 0.03125
2 0.584375 0.46875 0.1125 0.11328125
2 0.51875 0.4599609375 0.053125000000000006 0.064453125
2 0.4890625 0.4638671875 0.015625 0.037109375
2 0.4765625 0.4619140625 0.0125 0.029296875
2 0.46953125 0.4599609375 0.0140625 0.021484375
2 0.46015625000000004 0.4541015625 0.0171875 0.021484375
2 0.446875 0.4541015625 0.009375000000000001 0.013671875
2 0.434375 0.455078125 0.0125 0.01171875
2 0.37343750000000003 0.45703125 0.0125 0.015625
2 0.36328125 0.4580078125 0.010937500000000001 0.017578125
2 0.33671875 0.4716796875 0.0578125 0.056640625
2 0.30390625000000004 0.4677734375 0.0234375 0.033203125
2 0.26406250000000003 0.470703125 0.03125 0.05859375
2 0.23593750000000002 0.4736328125 0.05625 0.064453125
2 0.203125 0.482421875 0.05625 0.06640625
2 0.13828125 0.4912109375 0.1046875 0.087890625
2 0.08515625 0.4609375 0.0421875 0.046875
2 0.025 0.46484375 0.05 0.046875
2 0.014843750000000001 0.47265625 0.029687500000000002 0.03125
2 0.06406250000000001 0.4677734375 0.03125 0.037109375
2 0.2015625 0.443359375 0.040625 0.0234375
