9 0.86640625 0.1962890625 0.035937500000000004 0.068359375
9 0.6234375000000001 0.3515625 0.015625 0.03125
9 0.11875000000000001 0.375 0.009375000000000001 0.03125
9 0.43984375000000003 0.4453125 0.0078125 0.0078125
1 0.9171875 0.5634765625 0.125 0.220703125
1 0.7914062500000001 0.5 0.1046875 0.09375
1 0.7734375 0.5048828125 0.134375 0.115234375
1 0.57734375 0.49609375 0.0484375 0.05078125
1 0.65234375 0.5888671875 0.09843750000000001 0.263671875
1 0.5109375 0.5908203125 0.09062500000000001 0.232421875
1 0.3953125 0.50390625 0.040625 0.078125
0 0.5140625 0.5107421875 0.09062500000000001 0.314453125
0 0.6546875000000001 0.486328125 0.10625000000000001 0.3671875
0 0.5750000000000001 0.470703125 0.037500000000000006 0.078125
0 0.39296875000000003 0.474609375 0.045312500000000006 0.109375
1 0.96875 0.54296875 0.059375000000000004 0.2109375
