9 0.2984375 0.4052734375 0.009375000000000001 0.013671875
9 0.9773437500000001 0.3564453125 0.0421875 0.017578125
9 0.98203125 0.376953125 0.026562500000000003 0.015625
9 0.98046875 0.4169921875 0.035937500000000004 0.056640625
0 0.95234375 0.482421875 0.0203125 0.046875
1 0.5593750000000001 0.4970703125 0.043750000000000004 0.048828125
1 0.42500000000000004 0.4931640625 0.040625 0.041015625
1 0.4078125 0.4951171875 0.046875 0.052734375
1 0.38593750000000004 0.4970703125 0.034375 0.056640625
2 0.025 0.46875 0.05 0.046875
2 0.078125 0.4716796875 0.05 0.048828125
2 0.047656250000000004 0.509765625 0.0921875 0.0859375
2 0.1875 0.4794921875 0.07500000000000001 0.052734375
2 0.2484375 0.4853515625 0.08125 0.060546875
