9 0.94140625 0.3984375 0.029687500000000002 0.01953125
9 0.9421875000000001 0.3349609375 0.08125 0.107421875
9 0.29609375 0.4091796875 0.010937500000000001 0.029296875
0 0.421875 0.4658203125 0.015625 0.048828125
0 0.54140625 0.4697265625 0.0171875 0.052734375
0 0.5296875 0.470703125 0.0125 0.0546875
2 0.10312500000000001 0.466796875 0.09062500000000001 0.0703125
2 0.05859375 0.4775390625 0.1171875 0.083984375
2 0.88671875 0.70703125 0.2234375 0.53515625
2 0.18125000000000002 0.4716796875 0.059375000000000004 0.060546875
2 0.18515625000000002 0.46484375 0.07968750000000001 0.046875
2 0.24453125 0.458984375 0.035937500000000004 0.03515625
2 0.26640625 0.4755859375 0.051562500000000004 0.044921875
2 0.30546875 0.4658203125 0.035937500000000004 0.037109375
2 0.3328125 0.4833984375 0.06875 0.068359375
2 0.38203125000000004 0.474609375 0.045312500000000006 0.046875
2 0.403125 0.47265625 0.018750000000000003 0.04296875
2 0.41171875 0.4697265625 0.0171875 0.037109375
2 0.3671875 0.4501953125 0.0125 0.009765625
2 0.43359375 0.466796875 0.010937500000000001 0.02734375
2 0.4375 0.46484375 0.0125 0.02734375
2 0.44453125000000004 0.4638671875 0.0140625 0.025390625
2 0.45078125 0.4619140625 0.010937500000000001 0.021484375
2 0.45078125 0.45703125 0.026562500000000003 0.02734375
2 0.46406250000000004 0.4619140625 0.00625 0.017578125
2 0.465625 0.45703125 0.0125 0.01953125
2 0.47187500000000004 0.455078125 0.009375000000000001 0.01953125
2 0.47890625000000003 0.455078125 0.0078125 0.015625
2 0.48281250000000003 0.453125 0.00625 0.015625
2 0.4859375 0.4521484375 0.00625 0.013671875
2 0.49062500000000003 0.451171875 0.00625 0.01171875
2 0.6265625 0.4609375 0.037500000000000006 0.0546875
2 0.58828125 0.4755859375 0.0578125 0.072265625
2 0.5546875 0.470703125 0.015625 0.0390625
2 0.5609375 0.4697265625 0.018750000000000003 0.048828125
