4 0.6195312500000001 0.5361328125 0.1234375 0.103515625
7 0.7132812500000001 0.466796875 0.0078125 0.02734375
7 0.7765625 0.451171875 0.0125 0.03515625
7 0.6421875 0.4619140625 0.0125 0.029296875
7 0.21640625000000002 0.4658203125 0.0078125 0.029296875
9 0.6953125 0.45703125 0.025 0.0078125
9 0.7546875000000001 0.4384765625 0.028125 0.009765625
9 0.6937500000000001 0.43359375 0.025 0.03125
0 0.0140625 0.560546875 0.028125 0.0625
0 0.30000000000000004 0.5537109375 0.015625 0.041015625
0 0.28750000000000003 0.5537109375 0.009375000000000001 0.037109375
0 0.35000000000000003 0.5498046875 0.009375000000000001 0.033203125
0 0.3140625 0.55078125 0.009375000000000001 0.03125
0 0.33828125000000003 0.544921875 0.0078125 0.0234375
0 0.32578125 0.548828125 0.0078125 0.02734375
0 0.6953125 0.55078125 0.0125 0.0546875
0 0.70703125 0.55078125 0.0140625 0.05859375
0 0.7453125 0.552734375 0.018750000000000003 0.06640625
0 0.7609375 0.5625 0.015625 0.0546875
0 0.77890625 0.552734375 0.0171875 0.06640625
0 0.79609375 0.556640625 0.0140625 0.0625
0 0.7890625 0.5283203125 0.009375000000000001 0.025390625
0 0.8125 0.5625 0.015625 0.0703125
0 0.8187500000000001 0.54296875 0.015625 0.05859375
0 0.8382812500000001 0.5615234375 0.0234375 0.091796875
0 0.8656250000000001 0.5703125 0.03125 0.05859375
0 0.8765625 0.572265625 0.018750000000000003 0.0625
3 0.03359375 0.60546875 0.06406250000000001 0.10546875
2 0.41328125000000004 0.5986328125 0.1078125 0.123046875
2 0.509375 0.5546875 0.046875 0.046875
2 0.5703125 0.578125 0.09062500000000001 0.0859375
2 0.53671875 0.5283203125 0.0234375 0.025390625
2 0.46015625000000004 0.5576171875 0.026562500000000003 0.041015625
2 0.5015625 0.5263671875 0.009375000000000001 0.009765625
2 0.415625 0.533203125 0.018750000000000003 0.0078125
2 0.44375000000000003 0.53515625 0.015625 0.0078125
2 0.48359375000000004 0.5263671875 0.0140625 0.009765625
