4 0.5750000000000001 0.4453125 0.328125 0.12890625
4 0.8695312500000001 0.4228515625 0.2578125 0.150390625
4 0.39765625000000004 0.45703125 0.0328125 0.0390625
0 0.22031250000000002 0.490234375 0.028125 0.0703125
0 0.19609375 0.5009765625 0.026562500000000003 0.060546875
0 0.1703125 0.48828125 0.0125 0.05078125
0 0.11093750000000001 0.494140625 0.015625 0.0546875
0 0.12890625 0.4892578125 0.0140625 0.029296875
0 0.37890625 0.4638671875 0.0078125 0.025390625
0 0.35781250000000003 0.4609375 0.00625 0.015625
0 0.6015625 0.4619140625 0.021875000000000002 0.087890625
0 0.625 0.4619140625 0.018750000000000003 0.076171875
0 0.6820312500000001 0.4658203125 0.029687500000000002 0.111328125
2 0.9515625000000001 0.4892578125 0.09375 0.111328125
2 0.95078125 0.4423828125 0.09531250000000001 0.099609375
2 0.9109375000000001 0.4462890625 0.17500000000000002 0.138671875
8 0.340625 0.4775390625 0.00625 0.017578125
