0 0.7359375 0.5302734375 0.021875000000000002 0.076171875
0 0.7093750000000001 0.5234375 0.021875000000000002 0.06640625
0 0.6828125 0.4951171875 0.040625 0.166015625
0 0.58828125 0.494140625 0.0234375 0.06640625
0 0.5671875000000001 0.4931640625 0.025 0.068359375
0 0.534375 0.4921875 0.018750000000000003 0.0625
0 0.5234375 0.4873046875 0.015625 0.044921875
0 0.509375 0.4921875 0.018750000000000003 0.05078125
0 0.1421875 0.5205078125 0.05625 0.166015625
2 0.40078125000000003 0.498046875 0.0328125 0.03125
2 0.45 0.4970703125 0.037500000000000006 0.037109375
