0 0.79609375 0.5673828125 0.0484375 0.119140625
0 0.75390625 0.5380859375 0.045312500000000006 0.080078125
0 0.26953125 0.5283203125 0.045312500000000006 0.142578125
2 0.63046875 0.615234375 0.37343750000000003 0.21484375
2 0.6804687500000001 0.5087890625 0.09531250000000001 0.052734375
2 0.596875 0.5 0.037500000000000006 0.0234375
2 0.56640625 0.5009765625 0.029687500000000002 0.021484375
2 0.5007812500000001 0.498046875 0.010937500000000001 0.015625
2 0.49375 0.5 0.009375000000000001 0.015625
2 0.48515625 0.5 0.010937500000000001 0.01953125
2 0.47421875 0.5 0.0171875 0.0234375
2 0.45234375000000004 0.501953125 0.029687500000000002 0.0390625
2 0.44296875 0.5068359375 0.0234375 0.037109375
2 0.41718750000000004 0.5107421875 0.040625 0.044921875
2 0.38671875 0.515625 0.0390625 0.0546875
2 0.359375 0.515625 0.034375 0.05859375
2 0.32109375 0.5224609375 0.08281250000000001 0.072265625
2 0.17421875 0.5380859375 0.1703125 0.126953125
2 0.23359375000000002 0.4951171875 0.0484375 0.044921875
2 0.034375 0.4638671875 0.06875 0.080078125
9 0.10859375 0.3916015625 0.0140625 0.048828125
9 0.10625000000000001 0.42578125 0.015625 0.015625
