7 0.83515625 0.3681640625 0.0171875 0.021484375
7 0.82421875 0.3076171875 0.0203125 0.060546875
7 0.584375 0.3818359375 0.018750000000000003 0.021484375
7 0.58984375 0.328125 0.0140625 0.0546875
9 0.8835937500000001 0.353515625 0.035937500000000004 0.01171875
9 0.52734375 0.3876953125 0.0140625 0.021484375
9 0.83125 0.34375 0.021875000000000002 0.01953125
0 0.7671875 0.4599609375 0.034375 0.091796875
0 0.27890625 0.46484375 0.0078125 0.03125
0 0.284375 0.4638671875 0.00625 0.033203125
0 0.29765625 0.46484375 0.010937500000000001 0.03515625
0 0.30859375 0.4736328125 0.0328125 0.095703125
0 0.36640625000000004 0.5908203125 0.18906250000000002 0.669921875
2 0.9437500000000001 0.4873046875 0.109375 0.240234375
2 0.49921875000000004 0.4677734375 0.0484375 0.048828125
2 0.18984375 0.4716796875 0.0734375 0.056640625
2 0.065625 0.5009765625 0.13125 0.123046875
8 0.56953125 0.48046875 0.010937500000000001 0.046875
7 0.01015625 0.3916015625 0.0203125 0.025390625
