7 0.38593750000000004 0.4150390625 0.00625 0.017578125
7 0.38515625000000003 0.4326171875 0.004687500000000001 0.005859375
7 0.56015625 0.408203125 0.004687500000000001 0.01171875
7 0.51171875 0.40234375 0.0078125 0.015625
7 0.5476562500000001 0.4111328125 0.004687500000000001 0.009765625
7 0.53359375 0.408203125 0.004687500000000001 0.01171875
7 0.6273437500000001 0.4130859375 0.0078125 0.017578125
7 0.6265625 0.431640625 0.00625 0.0078125
9 0.5421875 0.4091796875 0.00625 0.009765625
9 0.6726562500000001 0.4189453125 0.0171875 0.021484375
0 0.6781250000000001 0.4580078125 0.009375000000000001 0.033203125
0 0.765625 0.4794921875 0.025 0.060546875
0 0.9343750000000001 0.5068359375 0.03125 0.115234375
0 0.8734375000000001 0.509765625 0.03125 0.11328125
0 0.26484375 0.46875 0.010937500000000001 0.05078125
1 0.15234375 0.515625 0.0578125 0.06640625
1 0.018750000000000003 0.5419921875 0.037500000000000006 0.068359375
1 0.9007812500000001 0.7177734375 0.0734375 0.205078125
2 0.31953125000000004 0.5048828125 0.1015625 0.099609375
2 0.5281250000000001 0.470703125 0.053125000000000006 0.05078125
2 0.55390625 0.4482421875 0.0140625 0.013671875
2 0.56875 0.451171875 0.0125 0.01171875
2 0.5609375 0.451171875 0.003125 0.0078125
0 0.9070312500000001 0.640625 0.08281250000000001 0.234375
