7 0.4078125 0.3408203125 0.015625 0.017578125
7 0.39453125 0.3408203125 0.0140625 0.013671875
7 0.2578125 0.4296875 0.00625 0.01171875
7 0.24765625000000002 0.4306640625 0.0078125 0.009765625
9 0.7484375000000001 0.3408203125 0.018750000000000003 0.037109375
9 0.47578125000000004 0.3701171875 0.0203125 0.025390625
9 0.25078125 0.408203125 0.0140625 0.01953125
9 0.596875 0.36328125 0.034375 0.02734375
9 0.6000000000000001 0.330078125 0.03125 0.0390625
0 0.7828125 0.4765625 0.034375 0.10546875
1 0.6171875 0.5439453125 0.07500000000000001 0.154296875
1 0.921875 0.6181640625 0.153125 0.267578125
2 0.046875 0.4912109375 0.09375 0.134765625
2 0.19453125000000002 0.4814453125 0.15781250000000002 0.119140625
2 0.44921875 0.4697265625 0.035937500000000004 0.048828125
2 0.50546875 0.474609375 0.0859375 0.078125
2 0.6195312500000001 0.5009765625 0.1640625 0.119140625
2 0.30625 0.462890625 0.018750000000000003 0.01953125
2 0.3203125 0.458984375 0.015625 0.01953125
2 0.0921875 0.458984375 0.053125000000000006 0.07421875
2 0.36328125 0.4599609375 0.0171875 0.017578125
0 0.61640625 0.486328125 0.0734375 0.21484375
0 0.915625 0.5078125 0.1375 0.3125
