0 0.15625 0.4697265625 0.015625 0.052734375
0 0.17890625000000002 0.4599609375 0.0171875 0.029296875
0 0.21640625000000002 0.474609375 0.0171875 0.046875
0 0.7484375000000001 0.4853515625 0.015625 0.052734375
0 0.625 0.5078125 0.015625 0.03125
0 0.421875 0.470703125 0.00625 0.02734375
0 0.4625 0.4697265625 0.00625 0.021484375
0 0.64765625 0.4736328125 0.004687500000000001 0.017578125
0 0.65234375 0.470703125 0.004687500000000001 0.01953125
0 0.8078125 0.48828125 0.0125 0.0390625
1 0.6039062500000001 0.5205078125 0.0203125 0.041015625
2 0.5453125 0.47265625 0.009375000000000001 0.01171875
2 0.52265625 0.46875 0.0078125 0.01171875
2 0.39687500000000003 0.478515625 0.037500000000000006 0.05078125
2 0.35078125000000004 0.482421875 0.045312500000000006 0.05859375
2 0.3796875 0.4814453125 0.028125 0.052734375
2 0.30234375 0.4853515625 0.0703125 0.064453125
2 0.5085937500000001 0.5322265625 0.1171875 0.123046875
0 0.6039062500000001 0.498046875 0.0203125 0.0703125
