0 0.0765625 0.490234375 0.03125 0.06640625
0 0.525 0.4345703125 0.00625 0.009765625
3 0.9851562500000001 0.4892578125 0.026562500000000003 0.052734375
2 0.12109375 0.568359375 0.2265625 0.1640625
2 0.54921875 0.4658203125 0.0546875 0.052734375
2 0.5234375 0.4580078125 0.025 0.037109375
2 0.5140625 0.455078125 0.0125 0.03125
2 0.50703125 0.4443359375 0.0203125 0.025390625
2 0.49765625 0.439453125 0.0078125 0.015625
2 0.49296875 0.4384765625 0.0078125 0.013671875
2 0.4625 0.4443359375 0.018750000000000003 0.021484375
2 0.48281250000000003 0.44140625 0.0125 0.01171875
8 0.246875 0.48828125 0.0125 0.02734375
