7 0.8484375000000001 0.2685546875 0.037500000000000006 0.068359375
7 0.8343750000000001 0.0859375 0.040625 0.14453125
7 0.7859375000000001 0.111328125 0.034375 0.1328125
7 0.6000000000000001 0.32421875 0.015625 0.05859375
7 0.5867187500000001 0.330078125 0.010937500000000001 0.05078125
7 0.478125 0.43359375 0.003125 0.0078125
7 0.46406250000000004 0.431640625 0.003125 0.0078125
7 0.43125 0.431640625 0.003125 0.0078125
7 0.59765625 0.390625 0.010937500000000001 0.01953125
7 0.38515625000000003 0.1640625 0.0140625 0.05859375
7 0.22890625 0.1494140625 0.0140625 0.056640625
9 0.8445312500000001 0.203125 0.035937500000000004 0.046875
9 0.60546875 0.2353515625 0.0734375 0.021484375
9 0.5476562500000001 0.4638671875 0.029687500000000002 0.033203125
9 0.50625 0.43359375 0.00625 0.01171875
0 0.7406250000000001 0.45703125 0.00625 0.01953125
6 0.2484375 0.4443359375 0.115625 0.107421875
2 0.465625 0.4599609375 0.0125 0.017578125
2 0.525 0.4677734375 0.021875000000000002 0.029296875
2 0.10625000000000001 0.4716796875 0.043750000000000004 0.025390625
