9 0.10390625 0.3388671875 0.029687500000000002 0.037109375
9 0.1046875 0.369140625 0.028125 0.015625
9 0.721875 0.365234375 0.015625 0.0234375
9 0.8679687500000001 0.3037109375 0.026562500000000003 0.017578125
9 0.8679687500000001 0.326171875 0.0546875 0.0234375
0 0.48046875 0.4541015625 0.004687500000000001 0.017578125
0 0.48515625 0.4541015625 0.004687500000000001 0.013671875
0 0.49765625 0.455078125 0.004687500000000001 0.015625
0 0.6000000000000001 0.4599609375 0.009375000000000001 0.033203125
0 0.6078125000000001 0.458984375 0.00625 0.02734375
0 0.6140625000000001 0.46484375 0.00625 0.02734375
0 0.62109375 0.4638671875 0.0078125 0.029296875
0 0.62890625 0.462890625 0.0078125 0.03125
0 0.6429687500000001 0.4599609375 0.010937500000000001 0.033203125
0 0.87421875 0.4921875 0.035937500000000004 0.1171875
2 0.53515625 0.4580078125 0.010937500000000001 0.013671875
2 0.5171875 0.458984375 0.0125 0.01171875
2 0.47187500000000004 0.455078125 0.0125 0.01171875
2 0.49062500000000003 0.4560546875 0.009375000000000001 0.013671875
2 0.234375 0.6064453125 0.46875 0.435546875
8 0.60546875 0.47265625 0.004687500000000001 0.015625
