0 0.5281250000000001 0.4736328125 0.009375000000000001 0.029296875
0 0.521875 0.4716796875 0.00625 0.029296875
0 0.51875 0.4736328125 0.00625 0.025390625
0 0.515625 0.4736328125 0.00625 0.025390625
0 0.6000000000000001 0.4755859375 0.0125 0.037109375
0 0.58515625 0.4765625 0.0140625 0.04296875
0 0.56875 0.474609375 0.009375000000000001 0.04296875
0 0.5734375 0.4755859375 0.00625 0.037109375
0 0.54140625 0.47265625 0.0140625 0.04296875
2 0.041406250000000006 0.4892578125 0.0578125 0.091796875
2 0.16171875000000002 0.5302734375 0.2078125 0.146484375
2 0.28515625 0.5078125 0.09843750000000001 0.10546875
2 0.35625 0.4716796875 0.043750000000000004 0.052734375
2 0.9203125000000001 0.673828125 0.15625 0.34765625
2 0.8375 0.5615234375 0.246875 0.216796875
2 0.7250000000000001 0.5244140625 0.078125 0.111328125
2 0.70234375 0.4921875 0.1078125 0.10546875
2 0.65234375 0.4833984375 0.0390625 0.083984375
2 0.6328125 0.4921875 0.0125 0.046875
2 0.62890625 0.484375 0.0234375 0.046875
2 0.6195312500000001 0.482421875 0.0234375 0.04296875
2 0.6101562500000001 0.4775390625 0.0140625 0.033203125
2 0.40390625 0.4853515625 0.0734375 0.068359375
2 0.43828125 0.48046875 0.029687500000000002 0.0625
2 0.46875 0.4775390625 0.043750000000000004 0.044921875
2 0.49921875000000004 0.4775390625 0.0203125 0.029296875
2 0.55078125 0.4677734375 0.0078125 0.009765625
2 0.5554687500000001 0.466796875 0.004687500000000001 0.0078125
2 0.509375 0.474609375 0.00625 0.0234375
