0 0.63203125 0.408203125 0.0078125 0.01953125
0 0.58828125 0.4013671875 0.0078125 0.013671875
0 0.5945312500000001 0.400390625 0.0078125 0.015625
0 0.6171875 0.4033203125 0.003125 0.021484375
0 0.06015625 0.4189453125 0.0078125 0.056640625
0 0.07187500000000001 0.421875 0.015625 0.0625
0 0.26328125 0.390625 0.0078125 0.015625
0 0.2734375 0.388671875 0.00625 0.015625
0 0.28046875 0.388671875 0.004687500000000001 0.015625
0 0.28984375 0.384765625 0.004687500000000001 0.015625
0 0.29531250000000003 0.3828125 0.00625 0.015625
2 0.51171875 0.3857421875 0.0140625 0.013671875
2 0.47109375000000003 0.4755859375 0.060937500000000006 0.056640625
