7 0.26875 0.5166015625 0.00625 0.021484375
9 0.26640625 0.615234375 0.0421875 0.0390625
9 0.06406250000000001 0.603515625 0.0125 0.04296875
0 0.045312500000000006 0.6025390625 0.015625 0.048828125
0 0.0140625 0.6005859375 0.009375000000000001 0.029296875
0 0.0054687500000000005 0.603515625 0.0078125 0.03515625
0 0.8617187500000001 0.5654296875 0.0078125 0.029296875
0 0.87890625 0.564453125 0.0140625 0.03125
0 0.89375 0.55859375 0.009375000000000001 0.01953125
2 0.43515625 0.6240234375 0.29531250000000003 0.427734375
2 0.125 0.6103515625 0.078125 0.072265625
2 0.17890625000000002 0.6015625 0.0421875 0.05078125
