9 0.43515625 0.3642578125 0.0421875 0.013671875
9 0.496875 0.3740234375 0.015625 0.021484375
0 0.8093750000000001 0.4228515625 0.028125 0.068359375
0 0.8484375000000001 0.4462890625 0.028125 0.095703125
0 0.44296875 0.455078125 0.0078125 0.01953125
0 0.46171875 0.474609375 0.010937500000000001 0.0390625
2 0.3515625 0.404296875 0.015625 0.015625
2 0.33437500000000003 0.41796875 0.015625 0.01953125
2 0.36953125000000003 0.4228515625 0.0203125 0.021484375
2 0.35000000000000003 0.466796875 0.03125 0.03515625
2 0.25234375000000003 0.4716796875 0.035937500000000004 0.044921875
2 0.17265625 0.4794921875 0.0421875 0.048828125
2 0.21875 0.4912109375 0.053125000000000006 0.048828125
2 0.33515625000000004 0.48828125 0.0578125 0.0625
2 0.42578125 0.5009765625 0.08281250000000001 0.080078125
