7 0.71875 0.3447265625 0.015625 0.060546875
7 0.026562500000000003 0.380859375 0.015625 0.046875
7 0.55234375 0.455078125 0.004687500000000001 0.015625
9 0.037500000000000006 0.4423828125 0.028125 0.052734375
0 0.83984375 0.501953125 0.0234375 0.078125
0 0.81953125 0.50390625 0.0234375 0.0703125
0 0.70625 0.4990234375 0.0125 0.056640625
0 0.6765625000000001 0.4892578125 0.021875000000000002 0.041015625
0 0.65 0.4951171875 0.0125 0.033203125
0 0.2328125 0.501953125 0.018750000000000003 0.03515625
0 0.00859375 0.5322265625 0.0171875 0.111328125
0 0.31484375000000003 0.48046875 0.0140625 0.01953125
0 0.30390625000000004 0.482421875 0.0078125 0.015625
1 0.8304687500000001 0.58984375 0.13593750000000002 0.11328125
1 0.56953125 0.5205078125 0.0140625 0.021484375
2 0.51171875 0.5546875 0.1390625 0.140625
2 0.41484375 0.5107421875 0.0546875 0.052734375
2 0.32656250000000003 0.5146484375 0.043750000000000004 0.048828125
2 0.2859375 0.521484375 0.065625 0.0625
2 0.5171875 0.474609375 0.00625 0.0078125
2 0.49609375 0.4814453125 0.010937500000000001 0.009765625
0 0.56953125 0.501953125 0.0171875 0.04296875
8 0.67578125 0.54296875 0.0171875 0.0625
