7 0.265625 0.3603515625 0.00625 0.025390625
7 0.31640625 0.3671875 0.004687500000000001 0.01953125
7 0.30703125000000003 0.357421875 0.004687500000000001 0.01171875
7 0.36562500000000003 0.36328125 0.00625 0.0234375
7 0.36015625 0.365234375 0.004687500000000001 0.01953125
0 0.64453125 0.4306640625 0.0171875 0.072265625
0 0.5945312500000001 0.421875 0.010937500000000001 0.04296875
0 0.53671875 0.4169921875 0.0140625 0.025390625
0 0.5242187500000001 0.4150390625 0.010937500000000001 0.033203125
0 0.2890625 0.3984375 0.0125 0.03515625
0 0.90234375 0.43359375 0.0078125 0.01953125
0 0.98828125 0.4345703125 0.0078125 0.021484375
1 0.4421875 0.4169921875 0.009375000000000001 0.021484375
1 0.4625 0.4140625 0.009375000000000001 0.01953125
1 0.6882812500000001 0.42578125 0.0171875 0.0078125
2 0.38359375 0.4189453125 0.060937500000000006 0.056640625
2 0.34609375000000003 0.408203125 0.035937500000000004 0.0390625
2 0.3359375 0.4033203125 0.034375 0.037109375
2 0.278125 0.404296875 0.009375000000000001 0.015625
2 0.19062500000000002 0.4033203125 0.021875000000000002 0.017578125
0 0.4625 0.4072265625 0.009375000000000001 0.025390625
0 0.44296875 0.4091796875 0.010937500000000001 0.033203125
0 0.690625 0.4208984375 0.009375000000000001 0.017578125
