0 0.98203125 0.509765625 0.0328125 0.1484375
0 0.671875 0.4541015625 0.0125 0.044921875
0 0.6609375000000001 0.4501953125 0.0125 0.044921875
0 0.6585937500000001 0.462890625 0.010937500000000001 0.04296875
0 0.74375 0.4521484375 0.018750000000000003 0.041015625
0 0.8140625 0.4609375 0.015625 0.02734375
0 0.7578125 0.455078125 0.015625 0.03125
0 0.27265625 0.4560546875 0.0140625 0.048828125
0 0.8390625 0.4580078125 0.0125 0.029296875
2 0.70625 0.4423828125 0.05625 0.052734375
2 0.42812500000000003 0.4404296875 0.040625 0.048828125
2 0.45234375000000004 0.439453125 0.010937500000000001 0.0234375
2 0.56015625 0.4501953125 0.0421875 0.044921875
2 0.4859375 0.43359375 0.009375000000000001 0.0078125
2 0.5203125000000001 0.4423828125 0.018750000000000003 0.017578125
2 0.51015625 0.4345703125 0.0140625 0.013671875
2 0.47421875 0.4345703125 0.010937500000000001 0.005859375
9 0.69453125 0.37890625 0.0328125 0.01171875
9 0.69453125 0.365234375 0.0078125 0.01171875
