4 0.56484375 0.5166015625 0.029687500000000002 0.041015625
7 0.7367187500000001 0.4814453125 0.010937500000000001 0.029296875
9 0.12421875 0.4580078125 0.029687500000000002 0.029296875
9 0.9484375 0.443359375 0.028125 0.0390625
9 0.9476562500000001 0.470703125 0.026562500000000003 0.015625
0 0.17421875 0.5517578125 0.010937500000000001 0.033203125
0 0.19062500000000002 0.544921875 0.009375000000000001 0.0234375
0 0.21484375 0.548828125 0.010937500000000001 0.02734375
0 0.026562500000000003 0.5478515625 0.0125 0.033203125
0 0.2828125 0.546875 0.009375000000000001 0.02734375
0 0.3015625 0.5439453125 0.00625 0.021484375
0 0.9203125000000001 0.52734375 0.015625 0.01953125
0 0.7273437500000001 0.546875 0.0140625 0.0546875
0 0.7140625 0.546875 0.015625 0.046875
0 0.6078125000000001 0.5380859375 0.00625 0.017578125
0 0.61484375 0.53515625 0.004687500000000001 0.01171875
0 0.33828125000000003 0.5458984375 0.004687500000000001 0.017578125
0 0.32890625 0.5458984375 0.004687500000000001 0.017578125
0 0.32265625000000003 0.544921875 0.004687500000000001 0.015625
0 0.31640625 0.5439453125 0.004687500000000001 0.017578125
6 0.1125 0.541015625 0.11875000000000001 0.13671875
3 0.6296875000000001 0.5849609375 0.034375 0.060546875
2 0.83984375 0.59765625 0.17343750000000002 0.1328125
2 0.665625 0.5537109375 0.05625 0.060546875
2 0.59375 0.5615234375 0.037500000000000006 0.052734375
2 0.52578125 0.5751953125 0.1015625 0.119140625
2 0.4390625 0.560546875 0.059375000000000004 0.06640625
2 0.39765625000000004 0.5849609375 0.07968750000000001 0.087890625
2 0.25390625 0.572265625 0.0703125 0.0625
0 0.628125 0.5595703125 0.028125 0.056640625
