7 0.46015625000000004 0.376953125 0.004687500000000001 0.01171875
0 0.73828125 0.4248046875 0.0234375 0.060546875
0 0.6828125 0.423828125 0.009375000000000001 0.04296875
0 0.553125 0.4228515625 0.00625 0.025390625
1 0.7757812500000001 0.4609375 0.035937500000000004 0.046875
2 0.13359375 0.4833984375 0.2609375 0.228515625
2 0.37734375000000003 0.443359375 0.060937500000000006 0.0546875
2 0.43125 0.427734375 0.025 0.0234375
2 0.47578125000000004 0.4404296875 0.0671875 0.076171875
0 0.7734375 0.4208984375 0.03125 0.083984375
