7 0.20078125000000002 0.32421875 0.0078125 0.0234375
7 0.215625 0.384765625 0.009375000000000001 0.02734375
7 0.28359375000000003 0.3642578125 0.0078125 0.037109375
7 0.39609375 0.28515625 0.0140625 0.0390625
7 0.41796875 0.333984375 0.0078125 0.02734375
7 0.51484375 0.359375 0.0140625 0.0390625
7 0.628125 0.310546875 0.00625 0.0234375
7 0.6429687500000001 0.3720703125 0.0078125 0.025390625
7 0.6039062500000001 0.3818359375 0.0078125 0.021484375
0 0.07265625 0.435546875 0.0234375 0.0546875
0 0.04453125 0.4462890625 0.0140625 0.072265625
0 0.47187500000000004 0.451171875 0.0125 0.046875
0 0.6195312500000001 0.439453125 0.0078125 0.0234375
0 0.63984375 0.4365234375 0.0078125 0.017578125
0 0.59375 0.439453125 0.009375000000000001 0.0234375
0 0.8234375 0.46875 0.046875 0.20703125
1 0.0203125 0.4921875 0.040625 0.078125
1 0.084375 0.4892578125 0.046875 0.076171875
1 0.096875 0.4873046875 0.046875 0.072265625
1 0.2765625 0.490234375 0.03125 0.0859375
1 0.5421875 0.4638671875 0.021875000000000002 0.056640625
1 0.5890625 0.45703125 0.018750000000000003 0.04296875
1 0.665625 0.498046875 0.034375 0.0859375
1 0.69921875 0.4833984375 0.0328125 0.115234375
1 0.74921875 0.4814453125 0.0421875 0.107421875
1 0.78046875 0.4970703125 0.051562500000000004 0.130859375
1 0.8109375000000001 0.50390625 0.046875 0.1328125
2 0.359375 0.44921875 0.115625 0.046875
0 0.1546875 0.48828125 0.059375000000000004 0.20703125
0 0.27734375 0.4560546875 0.0390625 0.123046875
15 0.15859375 0.580078125 0.029687500000000002 0.0234375
