0 0.31484375000000003 0.486328125 0.026562500000000003 0.0859375
0 0.3359375 0.484375 0.021875000000000002 0.0859375
2 0.8296875 0.5859375 0.3375 0.31640625
2 0.95078125 0.4765625 0.09531250000000001 0.10546875
2 0.6898437500000001 0.48046875 0.0421875 0.06640625
2 0.6218750000000001 0.490234375 0.084375 0.109375
2 0.49062500000000003 0.46484375 0.021875000000000002 0.01953125
2 0.5046875000000001 0.466796875 0.00625 0.015625
2 0.5109375 0.46875 0.00625 0.015625
2 0.51953125 0.4677734375 0.0171875 0.021484375
2 0.43046875 0.4765625 0.0859375 0.06640625
2 0.046875 0.54296875 0.09375 0.15625
2 0.109375 0.5126953125 0.140625 0.173828125
2 0.20625000000000002 0.4716796875 0.05 0.060546875
2 0.2546875 0.4951171875 0.1125 0.080078125
2 0.29609375 0.4697265625 0.0765625 0.087890625
2 0.35390625000000003 0.46875 0.051562500000000004 0.0703125
2 0.38359375 0.470703125 0.0171875 0.0390625
2 0.39453125 0.4599609375 0.0203125 0.021484375
0 0.56796875 0.498046875 0.0390625 0.109375
0 0.5375 0.478515625 0.03125 0.08984375
15 0.56640625 0.5546875 0.0140625 0.01171875
15 0.5398437500000001 0.52734375 0.0140625 0.0078125
