7 0.815625 0.28125 0.028125 0.08984375
7 0.37578125 0.09375 0.026562500000000003 0.08984375
7 0.0140625 0.0810546875 0.021875000000000002 0.076171875
7 0.8210937500000001 0.3740234375 0.0234375 0.033203125
7 0.63984375 0.3935546875 0.010937500000000001 0.048828125
9 0.56015625 0.19140625 0.1078125 0.03125
9 0.065625 0.068359375 0.043750000000000004 0.0546875
9 0.6578125 0.3876953125 0.025 0.041015625
9 0.56484375 0.4404296875 0.010937500000000001 0.017578125
9 0.521875 0.4482421875 0.00625 0.013671875
0 0.6312500000000001 0.4736328125 0.0125 0.029296875
0 0.59140625 0.482421875 0.010937500000000001 0.03515625
2 0.45937500000000003 0.4833984375 0.08750000000000001 0.099609375
2 0.4078125 0.4716796875 0.018750000000000003 0.029296875
2 0.21328125 0.48046875 0.0484375 0.0390625
