4 0.41328125000000004 0.4541015625 0.0140625 0.021484375
7 0.4921875 0.396484375 0.009375000000000001 0.02734375
7 0.415625 0.369140625 0.00625 0.01953125
7 0.4 0.33984375 0.009375000000000001 0.02734375
9 0.6101562500000001 0.369140625 0.0171875 0.03125
0 0.78125 0.474609375 0.03125 0.09765625
0 0.7109375 0.4765625 0.037500000000000006 0.09375
0 0.5320312500000001 0.46875 0.010937500000000001 0.046875
0 0.31328125 0.4716796875 0.0203125 0.080078125
0 0.19687500000000002 0.4736328125 0.018750000000000003 0.072265625
0 0.17734375000000002 0.4638671875 0.0171875 0.052734375
0 0.23203125000000002 0.4560546875 0.0140625 0.041015625
0 0.29140625000000003 0.46875 0.0140625 0.04296875
1 0.65625 0.49609375 0.053125000000000006 0.109375
1 0.6195312500000001 0.5048828125 0.0390625 0.095703125
1 0.5875 0.4912109375 0.03125 0.064453125
1 0.56484375 0.4833984375 0.0234375 0.064453125
1 0.5476562500000001 0.484375 0.0171875 0.05859375
1 0.50234375 0.4794921875 0.0140625 0.033203125
1 0.34921875 0.4833984375 0.0140625 0.033203125
1 0.328125 0.4990234375 0.018750000000000003 0.056640625
1 0.23046875 0.4873046875 0.029687500000000002 0.048828125
1 0.19453125000000002 0.4931640625 0.0140625 0.044921875
1 0.17578125 0.4892578125 0.0203125 0.056640625
1 0.14609375 0.5 0.0234375 0.0625
1 0.10625000000000001 0.5 0.025 0.0625
1 0.0171875 0.521484375 0.034375 0.09765625
2 0.9320312500000001 0.5830078125 0.1328125 0.310546875
2 0.4 0.46484375 0.018750000000000003 0.01953125
0 0.34921875 0.462890625 0.0171875 0.05078125
0 0.32890625 0.4833984375 0.0203125 0.076171875
