0 0.5015625 0.4765625 0.015625 0.07421875
0 0.52734375 0.4814453125 0.0171875 0.068359375
0 0.5171875 0.4677734375 0.015625 0.068359375
0 0.73828125 0.5107421875 0.0765625 0.251953125
2 0.05234375 0.5390625 0.1046875 0.2109375
2 0.09531250000000001 0.51953125 0.19062500000000002 0.19140625
2 0.146875 0.4814453125 0.23750000000000002 0.166015625
2 0.26875 0.50390625 0.059375000000000004 0.09765625
2 0.2703125 0.4638671875 0.07500000000000001 0.087890625
2 0.30859375 0.4912109375 0.0390625 0.056640625
2 0.33828125000000003 0.4775390625 0.08281250000000001 0.072265625
2 0.43281250000000004 0.4765625 0.12187500000000001 0.16015625
2 0.56875 0.4814453125 0.046875 0.083984375
2 0.55 0.486328125 0.034375 0.0703125
2 0.6429687500000001 0.474609375 0.1390625 0.1171875
2 0.6625000000000001 0.4853515625 0.096875 0.107421875
2 0.67109375 0.4970703125 0.0765625 0.115234375
2 0.7820312500000001 0.49609375 0.20468750000000002 0.15625
2 0.8859375 0.5205078125 0.225 0.189453125
2 0.96640625 0.572265625 0.06406250000000001 0.203125
