9 0.48281250000000003 0.4091796875 0.018750000000000003 0.029296875
9 0.30781250000000004 0.4287109375 0.009375000000000001 0.009765625
9 0.2578125 0.4345703125 0.009375000000000001 0.021484375
0 0.721875 0.5068359375 0.059375000000000004 0.201171875
0 0.328125 0.4833984375 0.0125 0.056640625
3 0.37265625 0.546875 0.1015625 0.16796875
2 0.8914062500000001 0.5439453125 0.21406250000000002 0.240234375
2 0.7265625 0.49609375 0.15937500000000002 0.12890625
2 0.64375 0.4892578125 0.08125 0.115234375
2 0.584375 0.4814453125 0.059375000000000004 0.103515625
2 0.51875 0.4873046875 0.07187500000000001 0.076171875
2 0.48046875 0.48828125 0.026562500000000003 0.0859375
2 0.43359375 0.4931640625 0.09843750000000001 0.126953125
0 0.36328125 0.5 0.07968750000000001 0.20703125
