7 0.5078125 0.42578125 0.003125 0.01171875
7 0.5554687500000001 0.396484375 0.004687500000000001 0.015625
7 0.5476562500000001 0.3837890625 0.004687500000000001 0.013671875
7 0.6046875 0.4228515625 0.00625 0.013671875
9 0.86328125 0.3876953125 0.0171875 0.033203125
0 0.07187500000000001 0.482421875 0.03125 0.140625
0 0.31015625 0.4599609375 0.0234375 0.056640625
0 0.33515625000000004 0.46875 0.0171875 0.0546875
0 0.375 0.462890625 0.0125 0.046875
0 0.38906250000000003 0.4560546875 0.009375000000000001 0.033203125
0 0.4109375 0.458984375 0.009375000000000001 0.03125
0 0.42109375000000004 0.4609375 0.0078125 0.03515625
0 0.43046875 0.4619140625 0.010937500000000001 0.037109375
0 0.4578125 0.4580078125 0.00625 0.021484375
0 0.58125 0.46484375 0.00625 0.0234375
0 0.59296875 0.4599609375 0.004687500000000001 0.017578125
0 0.6046875 0.455078125 0.003125 0.0078125
0 0.640625 0.4609375 0.00625 0.015625
0 0.64765625 0.462890625 0.010937500000000001 0.02734375
0 0.65546875 0.4658203125 0.004687500000000001 0.025390625
1 0.27421875 0.474609375 0.0421875 0.04296875
1 0.010937500000000001 0.5615234375 0.021875000000000002 0.076171875
1 0.44843750000000004 0.470703125 0.009375000000000001 0.0234375
2 0.5234375 0.4599609375 0.018750000000000003 0.013671875
2 0.57734375 0.4638671875 0.004687500000000001 0.009765625
2 0.6179687500000001 0.4794921875 0.0484375 0.052734375
2 0.6898437500000001 0.5078125 0.11093750000000001 0.11328125
2 0.7351562500000001 0.5439453125 0.1203125 0.142578125
2 0.85703125 0.599609375 0.2828125 0.23828125
