9 0.36328125 0.4140625 0.0140625 0.01953125
9 0.51015625 0.4345703125 0.010937500000000001 0.013671875
9 0.53046875 0.42578125 0.010937500000000001 0.015625
9 0.38125000000000003 0.4384765625 0.009375000000000001 0.013671875
0 0.253125 0.4892578125 0.03125 0.087890625
0 0.71484375 0.5419921875 0.0671875 0.291015625
2 0.92578125 0.5078125 0.1453125 0.18359375
2 0.596875 0.4775390625 0.1 0.068359375
2 0.6453125000000001 0.4794921875 0.1125 0.099609375
2 0.32421875 0.4501953125 0.09531250000000001 0.037109375
2 0.16171875000000002 0.4765625 0.1171875 0.0859375
2 0.06640625 0.48046875 0.1328125 0.078125
2 0.28125 0.4873046875 0.209375 0.099609375
15 0.49531250000000004 0.4580078125 0.065625 0.048828125
