7 0.9695312500000001 0.5546875 0.010937500000000001 0.0390625
7 0.95234375 0.38671875 0.026562500000000003 0.08203125
9 0.16015625 0.5224609375 0.045312500000000006 0.017578125
9 0.1609375 0.4970703125 0.040625 0.009765625
9 0.1421875 0.4814453125 0.037500000000000006 0.013671875
9 0.14140625 0.466796875 0.0390625 0.0078125
0 0.87890625 0.58984375 0.0328125 0.109375
0 0.7109375 0.576171875 0.0125 0.046875
0 0.6976562500000001 0.5712890625 0.0140625 0.052734375
0 0.40859375000000003 0.572265625 0.0078125 0.02734375
0 0.6507812500000001 0.5712890625 0.0078125 0.029296875
0 0.659375 0.5732421875 0.00625 0.029296875
0 0.6765625000000001 0.572265625 0.009375000000000001 0.03515625
0 0.6843750000000001 0.5625 0.00625 0.01953125
0 0.59765625 0.5546875 0.0078125 0.0234375
0 0.5859375 0.54296875 0.00625 0.015625
1 0.77265625 0.62890625 0.0421875 0.08203125
1 0.84296875 0.62890625 0.035937500000000004 0.0703125
1 0.5398437500000001 0.5693359375 0.0140625 0.021484375
3 0.46796875000000004 0.6318359375 0.0546875 0.111328125
2 0.571875 0.5791015625 0.025 0.025390625
2 0.56875 0.5517578125 0.015625 0.013671875
2 0.240625 0.5888671875 0.09062500000000001 0.083984375
2 0.33125000000000004 0.6015625 0.10312500000000001 0.08984375
2 0.43515625 0.5791015625 0.026562500000000003 0.029296875
2 0.47187500000000004 0.58984375 0.065625 0.0703125
2 0.5390625 0.546875 0.015625 0.015625
2 0.51015625 0.552734375 0.0140625 0.015625
2 0.521875 0.5498046875 0.0125 0.013671875
0 0.775 0.60546875 0.040625 0.10546875
0 0.84296875 0.58984375 0.026562500000000003 0.08984375
0 0.47187500000000004 0.59375 0.046875 0.09765625
0 0.5398437500000001 0.55859375 0.0140625 0.0234375
