7 0.22890625 0.3271484375 0.0078125 0.029296875
7 0.340625 0.3671875 0.00625 0.01953125
7 0.41015625 0.37109375 0.004687500000000001 0.01953125
7 0.5375 0.427734375 0.00625 0.01953125
7 0.5703125 0.4111328125 0.00625 0.025390625
7 0.5734375 0.4384765625 0.009375000000000001 0.009765625
7 0.5375 0.4501953125 0.00625 0.009765625
9 0.06328125 0.369140625 0.045312500000000006 0.01171875
9 0.4734375 0.40234375 0.034375 0.0078125
9 0.8460937500000001 0.3955078125 0.026562500000000003 0.033203125
9 0.5 0.44921875 0.00625 0.0078125
1 0.8671875 0.50390625 0.08750000000000001 0.08984375
2 0.18828125 0.498046875 0.1609375 0.1328125
2 0.2734375 0.4765625 0.05 0.05078125
2 0.3046875 0.4755859375 0.040625 0.048828125
2 0.33125000000000004 0.478515625 0.018750000000000003 0.03515625
2 0.35625 0.48046875 0.053125000000000006 0.046875
2 0.44296875 0.482421875 0.0765625 0.08203125
2 0.39296875000000003 0.4775390625 0.026562500000000003 0.025390625
0 0.8718750000000001 0.470703125 0.059375000000000004 0.12109375
