9 0.3828125 0.3857421875 0.025 0.029296875
9 0.3828125 0.404296875 0.015625 0.0078125
0 0.7578125 0.4951171875 0.037500000000000006 0.076171875
0 0.76953125 0.4404296875 0.010937500000000001 0.029296875
0 0.759375 0.443359375 0.00625 0.0234375
0 0.36328125 0.4619140625 0.0234375 0.060546875
0 0.15546875000000002 0.4482421875 0.0140625 0.041015625
0 0.1609375 0.44140625 0.009375000000000001 0.04296875
0 0.1046875 0.447265625 0.015625 0.046875
0 0.12109375 0.4462890625 0.0140625 0.041015625
0 0.06328125 0.4521484375 0.0171875 0.041015625
2 0.95703125 0.693359375 0.08281250000000001 0.21484375
2 0.8515625 0.6025390625 0.29375 0.220703125
2 0.6640625 0.5556640625 0.19375 0.134765625
2 0.54296875 0.5205078125 0.15156250000000002 0.111328125
2 0.4609375 0.498046875 0.115625 0.0859375
2 0.7453125 0.4404296875 0.028125 0.029296875
2 0.7890625 0.439453125 0.037500000000000006 0.03125
2 0.5453125 0.44921875 0.08750000000000001 0.03125
2 0.3328125 0.4609375 0.09062500000000001 0.0546875
2 0.01640625 0.4560546875 0.0328125 0.037109375
2 0.92734375 0.43359375 0.0390625 0.03515625
2 0.95625 0.4345703125 0.021875000000000002 0.029296875
2 0.9765625 0.435546875 0.018750000000000003 0.02734375
