4 0.6898437500000001 0.4384765625 0.2109375 0.111328125
7 0.6828125 0.3447265625 0.015625 0.044921875
7 0.72421875 0.34375 0.0140625 0.046875
7 0.56484375 0.39453125 0.004687500000000001 0.0234375
7 0.5593750000000001 0.39453125 0.00625 0.0234375
7 0.16484375 0.3720703125 0.010937500000000001 0.033203125
7 0.13203125000000002 0.3720703125 0.010937500000000001 0.033203125
9 0.71484375 0.3837890625 0.0140625 0.013671875
9 0.521875 0.4228515625 0.00625 0.009765625
9 0.14296875 0.41015625 0.0203125 0.03125
9 0.037500000000000006 0.396484375 0.009375000000000001 0.0234375
0 0.88203125 0.513671875 0.0859375 0.2890625
0 0.7859375000000001 0.46875 0.025 0.10546875
0 0.7625000000000001 0.4677734375 0.034375 0.115234375
0 0.14140625 0.4765625 0.0328125 0.08203125
0 0.109375 0.470703125 0.021875000000000002 0.08203125
1 0.5476562500000001 0.4736328125 0.0171875 0.033203125
2 0.93671875 0.58984375 0.1234375 0.24609375
2 0.47968750000000004 0.4833984375 0.08750000000000001 0.087890625
2 0.41875 0.4599609375 0.025 0.013671875
2 0.35234375 0.4638671875 0.045312500000000006 0.048828125
0 0.5484375 0.4541015625 0.015625 0.052734375
