0 0.46015625000000004 0.4169921875 0.0171875 0.052734375
0 0.46953125 0.4150390625 0.0140625 0.056640625
0 0.1875 0.40234375 0.0125 0.046875
2 0.48281250000000003 0.3994140625 0.018750000000000003 0.021484375
2 0.45156250000000003 0.4150390625 0.03125 0.037109375
2 0.52734375 0.408203125 0.026562500000000003 0.03125
2 0.39453125 0.3984375 0.1015625 0.13671875
2 0.34218750000000003 0.4521484375 0.06875 0.111328125
2 0.25703125 0.470703125 0.17343750000000002 0.1484375
2 0.5671875000000001 0.412109375 0.018750000000000003 0.03125
2 0.58515625 0.4150390625 0.029687500000000002 0.044921875
2 0.6062500000000001 0.4287109375 0.043750000000000004 0.044921875
2 0.67734375 0.44140625 0.0921875 0.0859375
2 0.696875 0.4599609375 0.10312500000000001 0.087890625
2 0.921875 0.5673828125 0.153125 0.271484375
