0 0.9382812500000001 0.419921875 0.004687500000000001 0.015625
0 0.9460937500000001 0.4189453125 0.004687500000000001 0.013671875
0 0.9578125000000001 0.423828125 0.00625 0.03125
0 0.9734375000000001 0.42578125 0.009375000000000001 0.03515625
0 0.0578125 0.4970703125 0.021875000000000002 0.037109375
1 0.496875 0.4775390625 0.0125 0.033203125
2 0.60078125 0.4326171875 0.0203125 0.017578125
2 0.6101562500000001 0.4375 0.026562500000000003 0.0234375
2 0.65625 0.435546875 0.07500000000000001 0.02734375
2 0.5789062500000001 0.4423828125 0.026562500000000003 0.025390625
2 0.51015625 0.4482421875 0.010937500000000001 0.029296875
2 0.5234375 0.4501953125 0.03125 0.044921875
2 0.52578125 0.458984375 0.0140625 0.0390625
2 0.5484375 0.4619140625 0.05 0.052734375
2 0.55625 0.482421875 0.05 0.06640625
2 0.56953125 0.4892578125 0.035937500000000004 0.068359375
2 0.6171875 0.5087890625 0.1125 0.123046875
2 0.48046875 0.4453125 0.026562500000000003 0.03515625
2 0.4609375 0.4345703125 0.009375000000000001 0.013671875
2 0.45078125 0.4345703125 0.010937500000000001 0.017578125
2 0.4421875 0.4384765625 0.009375000000000001 0.017578125
2 0.43281250000000004 0.4599609375 0.034375 0.052734375
2 0.4078125 0.46875 0.05625 0.07421875
2 0.36953125000000003 0.455078125 0.0203125 0.01953125
2 0.34453125 0.45703125 0.029687500000000002 0.01953125
2 0.3375 0.470703125 0.034375 0.03515625
2 0.29609375 0.482421875 0.060937500000000006 0.06640625
2 0.2703125 0.50390625 0.06875 0.078125
2 0.23125 0.5224609375 0.065625 0.091796875
2 0.13984375000000002 0.5380859375 0.1421875 0.150390625
2 0.06015625 0.6015625 0.1203125 0.1796875
2 0.67578125 0.5556640625 0.1453125 0.142578125
2 0.7859375000000001 0.6220703125 0.23750000000000002 0.216796875
2 0.88046875 0.79296875 0.23593750000000002 0.41015625
2 0.36328125 0.5029296875 0.0921875 0.080078125
0 0.496875 0.4609375 0.0125 0.04296875
