9 0.1875 0.4287109375 0.009375000000000001 0.013671875
9 0.290625 0.4423828125 0.00625 0.009765625
0 0.19296875000000002 0.4765625 0.010937500000000001 0.0390625
0 0.41796875 0.478515625 0.0234375 0.078125
0 0.55390625 0.4833984375 0.0328125 0.111328125
15 0.284375 0.4599609375 0.028125 0.029296875
2 0.3515625 0.46875 0.05625 0.0390625
2 0.37812500000000004 0.466796875 0.06875 0.05078125
2 0.44609375 0.4794921875 0.0328125 0.041015625
2 0.0328125 0.4697265625 0.028125 0.021484375
2 0.08281250000000001 0.4697265625 0.053125000000000006 0.033203125
2 0.17578125 0.4609375 0.035937500000000004 0.01953125
2 0.20546875 0.4755859375 0.09843750000000001 0.044921875
15 0.5390625 0.453125 0.17500000000000002 0.10546875
