9 0.74921875 0.3701171875 0.0421875 0.052734375
1 0.032031250000000004 0.5 0.06406250000000001 0.0546875
2 0.9453125 0.5859375 0.10625000000000001 0.25390625
2 0.86640625 0.529296875 0.26406250000000003 0.25
2 0.71484375 0.513671875 0.15156250000000002 0.14453125
2 0.52109375 0.4658203125 0.0546875 0.060546875
2 0.4921875 0.462890625 0.025 0.0390625
2 0.478125 0.466796875 0.0125 0.0234375
2 0.46796875000000004 0.46484375 0.010937500000000001 0.015625
2 0.44140625 0.462890625 0.010937500000000001 0.01171875
2 0.45234375000000004 0.4619140625 0.010937500000000001 0.013671875
2 0.46406250000000004 0.4609375 0.0125 0.015625
2 0.41250000000000003 0.4638671875 0.009375000000000001 0.009765625
2 0.40390625 0.462890625 0.0078125 0.01171875
2 0.39609375 0.4638671875 0.010937500000000001 0.013671875
2 0.38359375 0.46484375 0.0140625 0.015625
2 0.36953125000000003 0.4658203125 0.0171875 0.021484375
2 0.35468750000000004 0.470703125 0.028125 0.02734375
2 0.33359375 0.470703125 0.0140625 0.03515625
2 0.31875000000000003 0.4716796875 0.028125 0.037109375
2 0.31093750000000003 0.474609375 0.021875000000000002 0.03515625
2 0.28203125 0.478515625 0.051562500000000004 0.046875
2 0.23125 0.466796875 0.028125 0.02734375
2 0.18046875 0.46484375 0.0546875 0.03515625
2 0.15703125 0.4658203125 0.0484375 0.041015625
0 0.030468750000000003 0.4775390625 0.0328125 0.072265625
