7 0.56875 0.478515625 0.00625 0.0234375
7 0.390625 0.4873046875 0.00625 0.021484375
9 0.56796875 0.5009765625 0.0140625 0.017578125
9 0.6640625 0.4375 0.037500000000000006 0.04296875
9 0.6648437500000001 0.470703125 0.029687500000000002 0.015625
9 0.6648437500000001 0.490234375 0.026562500000000003 0.0234375
9 0.9453125 0.4365234375 0.03125 0.041015625
9 0.946875 0.505859375 0.028125 0.0390625
9 0.9453125 0.4716796875 0.021875000000000002 0.029296875
0 0.14375000000000002 0.5625 0.015625 0.06640625
0 0.17500000000000002 0.5576171875 0.015625 0.064453125
0 0.8046875 0.5361328125 0.009375000000000001 0.017578125
0 0.796875 0.53515625 0.00625 0.01953125
6 0.5078125 0.525390625 0.05 0.0625
2 0.0703125 0.6123046875 0.140625 0.177734375
2 0.2484375 0.5673828125 0.140625 0.177734375
2 0.328125 0.5654296875 0.059375000000000004 0.123046875
2 0.375 0.568359375 0.046875 0.05859375
2 0.4859375 0.6044921875 0.125 0.123046875
2 0.48125 0.5361328125 0.07500000000000001 0.033203125
2 0.9304687500000001 0.7060546875 0.13593750000000002 0.251953125
2 0.4390625 0.521484375 0.021875000000000002 0.0234375
