7 0.18203125 0.4267578125 0.010937500000000001 0.017578125
7 0.18281250000000002 0.384765625 0.015625 0.046875
7 0.259375 0.388671875 0.0125 0.0390625
7 0.2546875 0.4267578125 0.0125 0.013671875
7 0.61328125 0.3779296875 0.010937500000000001 0.037109375
7 0.61875 0.4169921875 0.0125 0.013671875
9 0.15000000000000002 0.400390625 0.03125 0.01171875
9 0.27187500000000003 0.3505859375 0.046875 0.017578125
9 0.26015625000000003 0.4140625 0.0234375 0.01171875
9 0.56953125 0.4130859375 0.010937500000000001 0.017578125
1 0.6937500000000001 0.4794921875 0.028125 0.041015625
2 0.5578125 0.5 0.05625 0.17578125
2 0.40390625 0.5400390625 0.33906250000000004 0.373046875
0 0.6937500000000001 0.4638671875 0.025 0.060546875
