9 0.8703125 0.3642578125 0.018750000000000003 0.052734375
0 0.50546875 0.46484375 0.026562500000000003 0.08984375
0 0.5421875 0.4609375 0.018750000000000003 0.07421875
0 0.55625 0.462890625 0.021875000000000002 0.0859375
0 0.5734375 0.4541015625 0.028125 0.091796875
0 0.58203125 0.4990234375 0.0390625 0.158203125
0 0.6140625000000001 0.4892578125 0.03125 0.146484375
0 0.63046875 0.4931640625 0.035937500000000004 0.166015625
0 0.6570312500000001 0.501953125 0.045312500000000006 0.171875
0 0.7054687500000001 0.4970703125 0.0484375 0.166015625
2 0.47500000000000003 0.46484375 0.018750000000000003 0.046875
2 0.16640625 0.4677734375 0.1546875 0.126953125
2 0.14296875 0.4931640625 0.1015625 0.119140625
2 0.06015625 0.494140625 0.1203125 0.30078125
2 0.34453125 0.5712890625 0.3140625 0.310546875
2 0.8031250000000001 0.4853515625 0.25 0.150390625
2 0.86328125 0.517578125 0.2703125 0.2109375
2 0.91015625 0.5380859375 0.1765625 0.240234375
