7 0.09375 0.1865234375 0.018750000000000003 0.083984375
7 0.08828125 0.291015625 0.0234375 0.03515625
7 0.7625000000000001 0.1923828125 0.025 0.087890625
7 0.76171875 0.2705078125 0.0234375 0.033203125
9 0.18906250000000002 0.2158203125 0.05 0.013671875
0 0.8460937500000001 0.4423828125 0.026562500000000003 0.134765625
0 0.8640625000000001 0.443359375 0.034375 0.13671875
0 0.8859375 0.4462890625 0.028125 0.138671875
0 0.9070312500000001 0.4130859375 0.0140625 0.044921875
0 0.78515625 0.4228515625 0.0328125 0.095703125
0 0.26640625 0.416015625 0.0140625 0.05078125
0 0.20468750000000002 0.390625 0.0125 0.03125
0 0.22187500000000002 0.3798828125 0.00625 0.017578125
0 0.23593750000000002 0.3857421875 0.0125 0.021484375
0 0.29140625000000003 0.412109375 0.010937500000000001 0.05078125
0 0.32421875 0.41015625 0.010937500000000001 0.03515625
0 0.33515625000000004 0.4130859375 0.0078125 0.029296875
0 0.34218750000000003 0.416015625 0.009375000000000001 0.03515625
0 0.34765625 0.4111328125 0.0078125 0.025390625
1 0.1640625 0.509765625 0.07500000000000001 0.12109375
2 0.47890625000000003 0.4150390625 0.0078125 0.013671875
2 0.47109375000000003 0.416015625 0.0140625 0.01953125
2 0.45390625 0.4140625 0.0234375 0.02734375
2 0.42578125 0.4140625 0.0328125 0.04296875
2 0.5750000000000001 0.423828125 0.025 0.03125
0 0.48671875000000003 0.4130859375 0.0078125 0.025390625
0 0.50546875 0.4130859375 0.0078125 0.025390625
0 0.16796875 0.46484375 0.0765625 0.18359375
8 0.6609375000000001 0.4736328125 0.021875000000000002 0.052734375
