2 0.5945312500000001 0.4462890625 0.026562500000000003 0.029296875
2 0.58046875 0.43359375 0.0234375 0.0234375
2 0.5632812500000001 0.4326171875 0.0140625 0.017578125
2 0.54921875 0.4296875 0.0140625 0.015625
2 0.53359375 0.4287109375 0.0140625 0.013671875
2 0.51015625 0.423828125 0.010937500000000001 0.01171875
2 0.4734375 0.4267578125 0.015625 0.013671875
2 0.41953125 0.427734375 0.010937500000000001 0.01171875
2 0.40468750000000003 0.4267578125 0.0125 0.013671875
2 0.16875 0.462890625 0.046875 0.0390625
