4 0.8445312500000001 0.3984375 0.30781250000000004 0.10546875
4 0.52109375 0.4501953125 0.0703125 0.083984375
4 0.43515625 0.4501953125 0.09843750000000001 0.033203125
0 0.6312500000000001 0.453125 0.0125 0.04296875
0 0.6179687500000001 0.4521484375 0.010937500000000001 0.044921875
0 0.60859375 0.4541015625 0.010937500000000001 0.044921875
0 0.5953125 0.4560546875 0.0125 0.048828125
0 0.5867187500000001 0.4580078125 0.010937500000000001 0.048828125
0 0.57734375 0.458984375 0.010937500000000001 0.04296875
0 0.5703125 0.458984375 0.009375000000000001 0.04296875
0 0.553125 0.458984375 0.009375000000000001 0.04296875
0 0.56015625 0.458984375 0.010937500000000001 0.04296875
0 0.546875 0.4609375 0.00625 0.0390625
0 0.1703125 0.486328125 0.0125 0.046875
0 0.11640625 0.494140625 0.0140625 0.0546875
1 0.45546875000000003 0.4853515625 0.0171875 0.033203125
2 0.95234375 0.486328125 0.0921875 0.109375
2 0.95078125 0.4423828125 0.09531250000000001 0.095703125
2 0.91015625 0.447265625 0.1765625 0.13671875
2 0.8617187500000001 0.44140625 0.1703125 0.109375
2 0.775 0.443359375 0.12812500000000002 0.08984375
2 0.64609375 0.4453125 0.0171875 0.01953125
0 0.453125 0.4677734375 0.018750000000000003 0.060546875
