9 0.37734375000000003 0.4521484375 0.010937500000000001 0.017578125
9 0.41640625000000003 0.4638671875 0.0078125 0.005859375
0 0.29609375 0.490234375 0.010937500000000001 0.0234375
0 0.44843750000000004 0.49609375 0.0125 0.05078125
0 0.46328125000000003 0.4931640625 0.0171875 0.060546875
0 0.728125 0.521484375 0.05 0.1875
0 0.96484375 0.3974609375 0.0203125 0.056640625
0 0.6156250000000001 0.53515625 0.043750000000000004 0.16015625
2 0.08828125 0.494140625 0.1640625 0.078125
2 0.15625 0.48046875 0.07187500000000001 0.04296875
2 0.33125000000000004 0.490234375 0.037500000000000006 0.03125
2 0.3828125 0.498046875 0.115625 0.0546875
