7 0.1796875 0.3583984375 0.018750000000000003 0.056640625
7 0.1765625 0.4189453125 0.018750000000000003 0.021484375
7 0.7781250000000001 0.2177734375 0.015625 0.056640625
9 0.8679687500000001 0.4208984375 0.0140625 0.021484375
9 0.8367187500000001 0.44921875 0.0203125 0.0234375
9 0.18671875000000002 0.3935546875 0.029687500000000002 0.009765625
0 0.1171875 0.49609375 0.03125 0.09375
0 0.1921875 0.498046875 0.021875000000000002 0.10546875
0 0.21015625000000002 0.498046875 0.0203125 0.0859375
0 0.23046875 0.5 0.026562500000000003 0.0859375
0 0.27265625 0.4775390625 0.010937500000000001 0.048828125
0 0.28203125 0.4765625 0.010937500000000001 0.04296875
0 0.26328125 0.4755859375 0.0140625 0.056640625
0 0.253125 0.478515625 0.0125 0.0546875
0 0.6171875 0.4853515625 0.00625 0.017578125
2 0.5476562500000001 0.490234375 0.0140625 0.015625
9 0.6671875 0.462890625 0.021875000000000002 0.0078125
9 0.6953125 0.470703125 0.00625 0.0078125
9 0.49062500000000003 0.4765625 0.009375000000000001 0.01171875
