0 0.9578125000000001 0.5166015625 0.08125 0.169921875
0 0.98828125 0.4501953125 0.0203125 0.158203125
0 0.8757812500000001 0.5478515625 0.08281250000000001 0.216796875
0 0.87890625 0.4287109375 0.060937500000000006 0.138671875
0 0.8203125 0.529296875 0.0625 0.1796875
0 0.7734375 0.5224609375 0.040625 0.173828125
0 0.7328125000000001 0.501953125 0.07500000000000001 0.25
0 0.6796875 0.52734375 0.053125000000000006 0.18359375
0 0.65 0.5341796875 0.07500000000000001 0.169921875
0 0.5828125000000001 0.5029296875 0.03125 0.103515625
0 0.609375 0.5009765625 0.037500000000000006 0.107421875
0 0.5515625000000001 0.505859375 0.03125 0.09765625
0 0.50546875 0.4990234375 0.0671875 0.201171875
0 0.5437500000000001 0.439453125 0.028125 0.05859375
0 0.45859375 0.48046875 0.0203125 0.05078125
0 0.43984375000000003 0.47265625 0.0234375 0.0703125
2 0.4140625 0.46875 0.037500000000000006 0.03125
2 0.39453125 0.4638671875 0.0328125 0.041015625
2 0.32265625000000003 0.4931640625 0.13593750000000002 0.162109375
