0 0.9578125000000001 0.556640625 0.08125 0.40625
0 0.87421875 0.4521484375 0.051562500000000004 0.076171875
0 0.7078125000000001 0.501953125 0.028125 0.10546875
0 0.6609375000000001 0.4951171875 0.040625 0.115234375
0 0.6140625000000001 0.4951171875 0.03125 0.107421875
0 0.5906250000000001 0.494140625 0.025 0.10546875
0 0.5703125 0.490234375 0.034375 0.1171875
0 0.5476562500000001 0.490234375 0.029687500000000002 0.10546875
0 0.525 0.4921875 0.015625 0.05859375
0 0.49921875000000004 0.4921875 0.0140625 0.046875
0 0.47968750000000004 0.494140625 0.0125 0.046875
0 0.46796875000000004 0.4931640625 0.010937500000000001 0.044921875
0 0.4890625 0.4921875 0.009375000000000001 0.03125
1 0.7601562500000001 0.5234375 0.0578125 0.09765625
2 0.42109375000000004 0.5 0.035937500000000004 0.0390625
2 0.3453125 0.4912109375 0.065625 0.068359375
2 0.1484375 0.521484375 0.215625 0.1875
