0 0.290625 0.517578125 0.03125 0.109375
0 0.5078125 0.43359375 0.00625 0.015625
0 0.5164062500000001 0.431640625 0.004687500000000001 0.015625
0 0.6078125000000001 0.5732421875 0.084375 0.236328125
1 0.384375 0.50390625 0.025 0.0625
1 0.44843750000000004 0.6220703125 0.0625 0.150390625
2 0.05859375 0.6357421875 0.1171875 0.216796875
2 0.15859375 0.53125 0.18281250000000002 0.171875
2 0.2578125 0.5107421875 0.053125000000000006 0.107421875
2 0.31328125 0.498046875 0.0703125 0.08203125
2 0.33359375 0.4677734375 0.0546875 0.041015625
2 0.3609375 0.4765625 0.028125 0.0546875
2 0.40546875000000004 0.4619140625 0.029687500000000002 0.037109375
2 0.41953125 0.4599609375 0.0140625 0.033203125
2 0.4265625 0.4541015625 0.028125 0.037109375
2 0.44140625 0.4443359375 0.0234375 0.025390625
2 0.46796875000000004 0.4482421875 0.0234375 0.025390625
2 0.47968750000000004 0.439453125 0.0125 0.015625
2 0.4859375 0.435546875 0.015625 0.01953125
2 0.5007812500000001 0.43359375 0.010937500000000001 0.015625
2 0.54140625 0.4560546875 0.026562500000000003 0.041015625
2 0.56796875 0.4609375 0.051562500000000004 0.05859375
2 0.57421875 0.4736328125 0.045312500000000006 0.056640625
2 0.6265625 0.455078125 0.06875 0.04296875
2 0.7562500000000001 0.4521484375 0.08125 0.037109375
2 0.73984375 0.4423828125 0.0859375 0.037109375
2 0.8718750000000001 0.712890625 0.253125 0.4296875
2 0.73984375 0.5888671875 0.16718750000000002 0.169921875
2 0.69453125 0.5390625 0.1203125 0.140625
2 0.6648437500000001 0.43359375 0.029687500000000002 0.01953125
0 0.38359375 0.4794921875 0.026562500000000003 0.091796875
0 0.44843750000000004 0.5625 0.07187500000000001 0.22265625
15 0.6000000000000001 0.693359375 0.03125 0.03125
