7 0.23593750000000002 0.451171875 0.009375000000000001 0.01171875
7 0.23593750000000002 0.4248046875 0.009375000000000001 0.029296875
7 0.5890625 0.4599609375 0.009375000000000001 0.009765625
7 0.59140625 0.431640625 0.0078125 0.02734375
7 0.50234375 0.4384765625 0.004687500000000001 0.013671875
0 0.75703125 0.4912109375 0.0203125 0.037109375
0 0.7453125 0.48828125 0.0125 0.0390625
0 0.73046875 0.5146484375 0.0234375 0.087890625
0 0.6960937500000001 0.5087890625 0.0171875 0.048828125
0 0.6351562500000001 0.4970703125 0.0078125 0.048828125
0 0.37031250000000004 0.486328125 0.00625 0.0234375
0 0.06406250000000001 0.4765625 0.009375000000000001 0.0234375
0 0.17421875 0.490234375 0.0078125 0.02734375
1 0.33671875 0.5537109375 0.035937500000000004 0.072265625
2 0.48515625 0.5263671875 0.07968750000000001 0.087890625
0 0.33671875 0.5224609375 0.035937500000000004 0.103515625
0 0.8851562500000001 0.5341796875 0.0140625 0.111328125
0 0.7875000000000001 0.5078125 0.034375 0.046875
