9 0.11796875000000001 0.357421875 0.045312500000000006 0.05859375
9 0.58359375 0.46875 0.010937500000000001 0.015625
9 0.58359375 0.4833984375 0.0078125 0.013671875
0 0.59296875 0.51171875 0.026562500000000003 0.0859375
0 0.46953125 0.486328125 0.004687500000000001 0.01953125
0 0.47578125000000004 0.484375 0.004687500000000001 0.01953125
0 0.49296875 0.4853515625 0.004687500000000001 0.013671875
0 0.49765625 0.4853515625 0.004687500000000001 0.013671875
0 0.43125 0.48828125 0.0125 0.0390625
0 0.4421875 0.490234375 0.009375000000000001 0.03515625
2 0.53046875 0.4912109375 0.0171875 0.017578125
