7 0.22812500000000002 0.0966796875 0.040625 0.080078125
7 0.43125 0.115234375 0.025 0.08203125
7 0.7429687500000001 0.30078125 0.0203125 0.0703125
7 0.7468750000000001 0.3828125 0.025 0.02734375
9 0.30078125 0.08984375 0.0421875 0.0625
9 0.75390625 0.357421875 0.045312500000000006 0.015625
9 0.7757812500000001 0.4033203125 0.0078125 0.033203125
2 0.5046875000000001 0.4736328125 0.03125 0.029296875
2 0.49375 0.4677734375 0.03125 0.033203125
2 0.47578125000000004 0.466796875 0.0140625 0.01953125
2 0.46484375 0.46484375 0.0140625 0.015625
2 0.41250000000000003 0.4609375 0.009375000000000001 0.0078125
2 0.40390625 0.466796875 0.0140625 0.015625
2 0.41796875 0.4580078125 0.0078125 0.009765625
2 0.28203125 0.474609375 0.035937500000000004 0.03125
2 0.24609375 0.482421875 0.0234375 0.03125
2 0.22968750000000002 0.4833984375 0.021875000000000002 0.033203125
2 0.20625000000000002 0.482421875 0.040625 0.03515625
2 0.15703125 0.490234375 0.0578125 0.04296875
2 0.31328125 0.474609375 0.026562500000000003 0.0234375
2 0.33437500000000003 0.4736328125 0.018750000000000003 0.017578125
2 0.3671875 0.46875 0.0125 0.01171875
2 0.37734375000000003 0.46875 0.010937500000000001 0.01171875
2 0.446875 0.4541015625 0.00625 0.005859375
2 0.42500000000000004 0.453125 0.003125 0.00390625
2 0.38984375000000004 0.466796875 0.0140625 0.01171875
2 0.34296875000000004 0.4638671875 0.0234375 0.033203125
2 0.43984375000000003 0.4541015625 0.004687500000000001 0.005859375
2 0.4296875 0.453125 0.003125 0.00390625
