4 0.5859375 0.4453125 0.05625 0.07421875
9 0.29921875000000003 0.4365234375 0.0140625 0.017578125
9 0.29921875000000003 0.4501953125 0.0140625 0.009765625
9 0.7429687500000001 0.376953125 0.0171875 0.01953125
9 0.7484375000000001 0.4169921875 0.015625 0.021484375
9 0.884375 0.345703125 0.046875 0.1015625
0 0.0125 0.5712890625 0.025 0.068359375
0 0.034375 0.56640625 0.028125 0.0703125
0 0.05625 0.564453125 0.034375 0.06640625
0 0.08359375000000001 0.5576171875 0.0234375 0.048828125
0 0.10312500000000001 0.5546875 0.025 0.0546875
0 0.23046875 0.494140625 0.0171875 0.03125
0 0.32578125 0.490234375 0.010937500000000001 0.03125
0 0.33125000000000004 0.4833984375 0.009375000000000001 0.029296875
0 0.7859375000000001 0.4580078125 0.015625 0.033203125
0 0.8304687500000001 0.44921875 0.0140625 0.0234375
0 0.31562500000000004 0.4833984375 0.0125 0.025390625
2 0.209375 0.5556640625 0.13125 0.099609375
2 0.5867187500000001 0.61328125 0.2171875 0.265625
2 0.5 0.546875 0.065625 0.12890625
2 0.93359375 0.568359375 0.1296875 0.21484375
2 0.87109375 0.5234375 0.1078125 0.125
2 0.80390625 0.5126953125 0.0890625 0.103515625
2 0.7484375000000001 0.4853515625 0.06875 0.044921875
2 0.6976562500000001 0.4775390625 0.0390625 0.041015625
2 0.63828125 0.490234375 0.09843750000000001 0.09765625
2 0.57578125 0.4736328125 0.029687500000000002 0.017578125
2 0.48046875 0.4912109375 0.045312500000000006 0.041015625
2 0.55 0.470703125 0.018750000000000003 0.01953125
2 0.3796875 0.49609375 0.09062500000000001 0.04296875
2 0.19453125000000002 0.5048828125 0.0546875 0.041015625
2 0.27265625 0.5126953125 0.0328125 0.048828125
2 0.53125 0.4765625 0.015625 0.01171875
2 0.15078125 0.5263671875 0.0390625 0.052734375
