4 0.55859375 0.3759765625 0.1328125 0.185546875
7 0.28125 0.2548828125 0.018750000000000003 0.091796875
7 0.31796875 0.29296875 0.0171875 0.08203125
7 0.8343750000000001 0.279296875 0.025 0.1015625
7 0.7718750000000001 0.3251953125 0.018750000000000003 0.068359375
7 0.7890625 0.3251953125 0.018750000000000003 0.068359375
7 0.9421875000000001 0.2939453125 0.028125 0.087890625
7 0.80078125 0.26171875 0.010937500000000001 0.0390625
7 0.9609375 0.3046875 0.021875000000000002 0.05859375
9 0.44921875 0.3828125 0.0140625 0.015625
0 0.9148437500000001 0.4296875 0.0234375 0.0859375
0 0.8640625000000001 0.4384765625 0.025 0.103515625
0 0.84140625 0.41015625 0.0234375 0.05078125
1 0.46328125000000003 0.4345703125 0.0140625 0.033203125
2 0.325 0.458984375 0.215625 0.23046875
2 0.5734375 0.46875 0.16562500000000002 0.18359375
2 0.48750000000000004 0.4208984375 0.0125 0.072265625
2 0.47500000000000003 0.421875 0.0125 0.0234375
2 0.9242187500000001 0.564453125 0.1484375 0.42578125
2 0.76953125 0.478515625 0.1640625 0.15234375
2 0.66953125 0.4384765625 0.060937500000000006 0.064453125
2 0.6898437500000001 0.4150390625 0.045312500000000006 0.048828125
0 0.46328125000000003 0.4228515625 0.0140625 0.044921875
