9 0.8375 0.3359375 0.015625 0.046875
9 0.8390625 0.3662109375 0.009375000000000001 0.013671875
9 0.83984375 0.291015625 0.0328125 0.015625
9 0.05859375 0.345703125 0.026562500000000003 0.03515625
9 0.05859375 0.3701171875 0.0203125 0.009765625
0 0.86875 0.498046875 0.05625 0.11328125
0 0.7015625000000001 0.4912109375 0.025 0.115234375
0 0.7406250000000001 0.3427734375 0.015625 0.033203125
0 0.72265625 0.33203125 0.010937500000000001 0.0234375
0 0.321875 0.408203125 0.00625 0.01953125
0 0.28828125 0.4169921875 0.010937500000000001 0.025390625
1 0.31562500000000004 0.4541015625 0.018750000000000003 0.041015625
1 0.2546875 0.4609375 0.015625 0.0390625
1 0.2171875 0.4599609375 0.015625 0.041015625
1 0.20703125 0.4638671875 0.0203125 0.048828125
2 0.4421875 0.4677734375 0.078125 0.080078125
2 0.41875 0.4501953125 0.07187500000000001 0.076171875
2 0.384375 0.4443359375 0.03125 0.048828125
2 0.3671875 0.427734375 0.03125 0.03125
2 0.35703125 0.4208984375 0.026562500000000003 0.029296875
2 0.34375 0.416015625 0.018750000000000003 0.0234375
2 0.33359375 0.41015625 0.0140625 0.01953125
2 0.3140625 0.4013671875 0.009375000000000001 0.009765625
2 0.28125 0.4072265625 0.009375000000000001 0.013671875
2 0.2859375 0.4033203125 0.009375000000000001 0.009765625
2 0.2921875 0.400390625 0.00625 0.0078125
2 0.27421875 0.4091796875 0.010937500000000001 0.017578125
2 0.2671875 0.4111328125 0.0125 0.021484375
2 0.2578125 0.4150390625 0.018750000000000003 0.029296875
2 0.23984375000000002 0.421875 0.0203125 0.0390625
2 0.215625 0.42578125 0.040625 0.046875
2 0.184375 0.439453125 0.043750000000000004 0.0546875
2 0.17265625 0.44921875 0.0546875 0.0546875
2 0.11953125 0.4697265625 0.0890625 0.076171875
2 0.07500000000000001 0.4384765625 0.05 0.048828125
2 0.02734375 0.4453125 0.051562500000000004 0.05859375
2 0.028125 0.416015625 0.05625 0.03515625
2 0.12578125 0.4033203125 0.0203125 0.013671875
2 0.1453125 0.4052734375 0.021875000000000002 0.013671875
2 0.16796875 0.404296875 0.0203125 0.015625
0 0.31484375000000003 0.4345703125 0.0203125 0.052734375
0 0.25390625 0.443359375 0.0171875 0.0625
0 0.21796875000000002 0.44140625 0.0140625 0.0546875
0 0.20546875 0.44921875 0.0203125 0.06640625
