7 0.7210937500000001 0.3212890625 0.0140625 0.044921875
7 0.7390625000000001 0.302734375 0.0125 0.015625
7 0.58203125 0.3505859375 0.0078125 0.025390625
7 0.35000000000000003 0.3564453125 0.009375000000000001 0.021484375
7 0.35468750000000004 0.3134765625 0.0125 0.041015625
7 0.33437500000000003 0.345703125 0.00625 0.01171875
7 0.31796875 0.2607421875 0.0140625 0.017578125
0 0.9875 0.5205078125 0.021875000000000002 0.216796875
0 0.7640625000000001 0.419921875 0.025 0.0390625
0 0.73984375 0.4384765625 0.0203125 0.060546875
0 0.7273437500000001 0.4208984375 0.0140625 0.033203125
0 0.70078125 0.416015625 0.010937500000000001 0.04296875
0 0.65546875 0.4072265625 0.0140625 0.033203125
0 0.68515625 0.4111328125 0.0140625 0.041015625
0 0.6328125 0.4130859375 0.0125 0.044921875
0 0.6101562500000001 0.4140625 0.0078125 0.0390625
0 0.62109375 0.4130859375 0.010937500000000001 0.037109375
0 0.59609375 0.41015625 0.0140625 0.04296875
0 0.48515625 0.3896484375 0.010937500000000001 0.037109375
0 0.46953125 0.388671875 0.0140625 0.03515625
0 0.41875 0.4111328125 0.0125 0.044921875
0 0.40937500000000004 0.4130859375 0.0125 0.044921875
0 0.26406250000000003 0.41796875 0.0125 0.0625
0 0.15781250000000002 0.4306640625 0.03125 0.107421875
0 0.18515625000000002 0.43359375 0.0234375 0.08203125
0 0.22421875000000002 0.4326171875 0.0328125 0.095703125
0 0.21406250000000002 0.421875 0.028125 0.10546875
2 0.5421875 0.41796875 0.10625000000000001 0.0546875
