4 0.45234375000000004 0.42578125 0.0140625 0.01953125
9 0.64609375 0.376953125 0.010937500000000001 0.015625
9 0.6546875000000001 0.3564453125 0.034375 0.017578125
0 0.5734375 0.43359375 0.009375000000000001 0.01953125
3 0.578125 0.4541015625 0.015625 0.044921875
2 0.08984375 0.6015625 0.1796875 0.4375
2 0.8835937500000001 0.46875 0.22968750000000002 0.3125
2 0.74140625 0.4677734375 0.11093750000000001 0.150390625
2 0.6781250000000001 0.4677734375 0.07187500000000001 0.095703125
2 0.640625 0.4619140625 0.059375000000000004 0.076171875
2 0.61640625 0.44921875 0.0671875 0.078125
2 0.5085937500000001 0.435546875 0.0171875 0.01953125
2 0.49140625000000004 0.4296875 0.010937500000000001 0.01171875
2 0.47265625 0.42578125 0.0078125 0.0078125
2 0.26953125 0.46484375 0.0890625 0.0703125
2 0.31484375000000003 0.4541015625 0.0484375 0.048828125
2 0.3296875 0.44140625 0.078125 0.0625
2 0.37265625 0.4345703125 0.0421875 0.052734375
2 0.39140625 0.4384765625 0.0234375 0.033203125
2 0.41015625 0.439453125 0.0171875 0.015625
