7 0.9476562500000001 0.35546875 0.0203125 0.03125
7 0.6507812500000001 0.30859375 0.029687500000000002 0.07421875
7 0.64765625 0.3759765625 0.0171875 0.021484375
7 0.4375 0.3896484375 0.00625 0.021484375
9 0.9789062500000001 0.2978515625 0.035937500000000004 0.044921875
9 0.41328125000000004 0.4052734375 0.0078125 0.009765625
9 0.65234375 0.3515625 0.0421875 0.01953125
0 0.8984375 0.466796875 0.034375 0.14453125
0 0.8695312500000001 0.474609375 0.0328125 0.13671875
0 0.79453125 0.48046875 0.029687500000000002 0.1328125
0 0.7601562500000001 0.4765625 0.026562500000000003 0.109375
0 0.70703125 0.4560546875 0.0203125 0.080078125
0 0.553125 0.4775390625 0.046875 0.119140625
0 0.49140625000000004 0.46484375 0.010937500000000001 0.0234375
0 0.46875 0.4638671875 0.0125 0.029296875
0 0.08281250000000001 0.490234375 0.015625 0.08984375
0 0.0625 0.4794921875 0.034375 0.115234375
0 0.171875 0.4794921875 0.040625 0.126953125
0 0.19375 0.484375 0.046875 0.1171875
1 0.0171875 0.4814453125 0.034375 0.048828125
2 0.4390625 0.4619140625 0.028125 0.013671875
2 0.41250000000000003 0.466796875 0.03125 0.03515625
2 0.39453125 0.4638671875 0.0078125 0.013671875
2 0.3828125 0.4638671875 0.018750000000000003 0.021484375
2 0.37343750000000003 0.466796875 0.021875000000000002 0.0234375
2 0.29609375 0.4736328125 0.0328125 0.052734375
2 0.2578125 0.4765625 0.053125000000000006 0.0625
2 0.1875 0.4794921875 0.09062500000000001 0.083984375
