0 0.634375 0.4501953125 0.015625 0.041015625
0 0.46875 0.443359375 0.009375000000000001 0.02734375
0 0.92734375 0.5068359375 0.051562500000000004 0.119140625
1 0.078125 0.6884765625 0.08125 0.212890625
1 0.51953125 0.451171875 0.0078125 0.01953125
2 0.034375 0.6025390625 0.06875 0.224609375
2 0.88203125 0.7607421875 0.2328125 0.388671875
2 0.7859375000000001 0.47265625 0.065625 0.06640625
2 0.728125 0.46875 0.078125 0.05859375
2 0.6796875 0.515625 0.13125 0.1328125
2 0.6000000000000001 0.4775390625 0.0625 0.060546875
2 0.22109375 0.5390625 0.13593750000000002 0.1171875
2 0.28125 0.50390625 0.09062500000000001 0.09765625
2 0.40078125000000003 0.466796875 0.0390625 0.04296875
2 0.415625 0.4599609375 0.025 0.033203125
2 0.4234375 0.4580078125 0.021875000000000002 0.033203125
2 0.43125 0.4560546875 0.015625 0.029296875
2 0.44062500000000004 0.447265625 0.028125 0.02734375
2 0.45234375000000004 0.443359375 0.0171875 0.02734375
2 0.45937500000000003 0.4423828125 0.0125 0.021484375
2 0.47500000000000003 0.439453125 0.009375000000000001 0.015625
2 0.47578125000000004 0.4365234375 0.010937500000000001 0.013671875
2 0.48984375 0.4443359375 0.0234375 0.021484375
2 0.5046875000000001 0.43359375 0.015625 0.015625
2 0.5140625 0.4326171875 0.00625 0.013671875
2 0.565625 0.455078125 0.043750000000000004 0.046875
2 0.54453125 0.453125 0.010937500000000001 0.02734375
2 0.5437500000000001 0.44921875 0.015625 0.02734375
2 0.54453125 0.443359375 0.029687500000000002 0.03515625
2 0.53046875 0.4384765625 0.0078125 0.021484375
2 0.5265625 0.43359375 0.00625 0.015625
2 0.52109375 0.43359375 0.0078125 0.015625
2 0.58984375 0.4287109375 0.0203125 0.013671875
0 0.09453125000000001 0.607421875 0.0890625 0.28125
0 0.51953125 0.4443359375 0.0078125 0.025390625
