0 0.9328125 0.49609375 0.0625 0.1796875
0 0.853125 0.482421875 0.059375000000000004 0.1796875
0 0.79296875 0.4775390625 0.045312500000000006 0.091796875
0 0.77265625 0.4765625 0.035937500000000004 0.078125
1 0.6570312500000001 0.5283203125 0.18906250000000002 0.154296875
1 0.83125 0.5244140625 0.140625 0.142578125
3 0.2609375 0.4951171875 0.10625000000000001 0.095703125
2 0.42734375 0.4833984375 0.1328125 0.158203125
2 0.19296875000000002 0.4609375 0.0703125 0.05859375
2 0.309375 0.4599609375 0.08125 0.044921875
2 0.52578125 0.466796875 0.0546875 0.0390625
2 0.49375 0.474609375 0.025 0.1015625
0 0.6578125 0.48046875 0.096875 0.2265625
9 0.659375 0.3779296875 0.021875000000000002 0.037109375
0 0.60703125 0.470703125 0.029687500000000002 0.0859375
9 0.18515625000000002 0.30078125 0.045312500000000006 0.04296875
3 0.18359375 0.517578125 0.0484375 0.0703125
