0 0.5789062500000001 0.443359375 0.0078125 0.015625
0 0.5710937500000001 0.443359375 0.0078125 0.015625
0 0.15234375 0.5048828125 0.035937500000000004 0.099609375
2 0.9125000000000001 0.6689453125 0.171875 0.365234375
2 0.81796875 0.6064453125 0.16718750000000002 0.177734375
2 0.753125 0.541015625 0.1625 0.1484375
2 0.67890625 0.5244140625 0.0765625 0.107421875
2 0.6335937500000001 0.498046875 0.060937500000000006 0.05859375
2 0.6140625000000001 0.4892578125 0.040625 0.048828125
2 0.6000000000000001 0.4814453125 0.05 0.048828125
2 0.57421875 0.46875 0.035937500000000004 0.03515625
2 0.55625 0.458984375 0.025 0.03125
2 0.546875 0.4501953125 0.018750000000000003 0.025390625
2 0.5390625 0.4423828125 0.018750000000000003 0.021484375
2 0.09453125000000001 0.638671875 0.18906250000000002 0.2265625
2 0.07500000000000001 0.490234375 0.08125 0.0703125
2 0.17109375000000002 0.4951171875 0.08281250000000001 0.080078125
2 0.2515625 0.47265625 0.09375 0.05078125
2 0.32578125 0.49609375 0.09843750000000001 0.1015625
2 0.36796875 0.447265625 0.051562500000000004 0.02734375
2 0.41171875 0.4453125 0.026562500000000003 0.03125
2 0.46171875 0.4404296875 0.026562500000000003 0.029296875
2 0.49609375 0.4375 0.0171875 0.015625
2 0.153125 0.462890625 0.115625 0.05078125
