7 0.8406250000000001 0.2763671875 0.05 0.052734375
7 0.90546875 0.099609375 0.0234375 0.0703125
7 0.521875 0.3974609375 0.018750000000000003 0.021484375
7 0.52734375 0.3408203125 0.0171875 0.044921875
7 0.49843750000000003 0.3427734375 0.0125 0.044921875
9 0.5281250000000001 0.3759765625 0.03125 0.009765625
9 0.51015625 0.4287109375 0.0078125 0.013671875
0 0.7562500000000001 0.4443359375 0.0125 0.029296875
1 0.24531250000000002 0.5625 0.05 0.14453125
0 0.2578125 0.5048828125 0.07187500000000001 0.259765625
