4 0.56953125 0.462890625 0.010937500000000001 0.01953125
7 0.5921875 0.4306640625 0.003125 0.009765625
7 0.5554687500000001 0.4296875 0.004687500000000001 0.01171875
9 0.634375 0.4033203125 0.009375000000000001 0.013671875
9 0.6843750000000001 0.396484375 0.0125 0.0234375
9 0.68359375 0.4150390625 0.010937500000000001 0.013671875
0 0.84765625 0.474609375 0.026562500000000003 0.1015625
0 0.8656250000000001 0.4931640625 0.037500000000000006 0.056640625
2 0.46484375 0.47265625 0.026562500000000003 0.02734375
2 0.6039062500000001 0.47265625 0.0203125 0.0234375
