7 0.41796875 0.39453125 0.004687500000000001 0.015625
7 0.34687500000000004 0.3828125 0.009375000000000001 0.0234375
0 0.52265625 0.4736328125 0.0390625 0.080078125
0 0.46015625000000004 0.45703125 0.010937500000000001 0.02734375
0 0.4140625 0.458984375 0.0125 0.02734375
2 0.515625 0.4609375 0.043750000000000004 0.04296875
2 0.36562500000000003 0.4560546875 0.015625 0.013671875
2 0.38125000000000003 0.451171875 0.0125 0.01171875
2 0.34375 0.4609375 0.025 0.01953125
2 0.278125 0.4697265625 0.03125 0.029296875
2 0.24609375 0.46875 0.0328125 0.0390625
2 0.22734375 0.4755859375 0.026562500000000003 0.037109375
2 0.19921875 0.4765625 0.045312500000000006 0.03515625
2 0.10234375000000001 0.546875 0.20468750000000002 0.3046875
2 0.39687500000000003 0.44921875 0.018750000000000003 0.01171875
