7 0.434375 0.4228515625 0.00625 0.013671875
7 0.40156250000000004 0.4140625 0.00625 0.015625
9 0.8210937500000001 0.302734375 0.035937500000000004 0.07421875
9 0.22421875000000002 0.359375 0.035937500000000004 0.08984375
9 0.7445312500000001 0.341796875 0.035937500000000004 0.05859375
9 0.15703125 0.3505859375 0.0390625 0.060546875
0 0.9632812500000001 0.53125 0.0421875 0.1171875
0 0.92734375 0.537109375 0.0546875 0.16015625
0 0.89453125 0.5302734375 0.0234375 0.119140625
0 0.8757812500000001 0.52734375 0.0203125 0.1015625
0 0.846875 0.5283203125 0.025 0.142578125
0 0.78828125 0.533203125 0.0421875 0.12109375
0 0.7328125000000001 0.544921875 0.025 0.1015625
0 0.7546875000000001 0.5322265625 0.025 0.103515625
0 0.7039062500000001 0.51171875 0.029687500000000002 0.09765625
0 0.09765625 0.4912109375 0.0140625 0.060546875
0 0.078125 0.4951171875 0.015625 0.056640625
0 0.5359375000000001 0.49609375 0.0125 0.03515625
0 0.7468750000000001 0.5625 0.021875000000000002 0.0859375
6 0.39609375 0.486328125 0.0328125 0.04296875
2 0.1546875 0.49609375 0.1 0.0703125
2 0.23828125 0.5 0.07968750000000001 0.0546875
