9 0.4140625 0.427734375 0.009375000000000001 0.015625
0 0.20546875 0.4697265625 0.0171875 0.029296875
0 0.2171875 0.46875 0.0125 0.02734375
1 0.025 0.6689453125 0.05 0.138671875
2 0.1125 0.599609375 0.178125 0.140625
2 0.19140625 0.548828125 0.1390625 0.12890625
2 0.27109375 0.541015625 0.0578125 0.0859375
2 0.3046875 0.5244140625 0.0625 0.076171875
2 0.3375 0.4736328125 0.053125000000000006 0.033203125
2 0.38593750000000004 0.4638671875 0.040625 0.025390625
2 0.4453125 0.484375 0.053125000000000006 0.0390625
2 0.8601562500000001 0.5205078125 0.09843750000000001 0.134765625
2 0.7609375 0.5888671875 0.225 0.208984375
2 0.6882812500000001 0.537109375 0.1640625 0.16796875
2 0.6156250000000001 0.5078125 0.065625 0.1015625
2 0.48671875000000003 0.474609375 0.029687500000000002 0.03125
2 0.5046875000000001 0.4716796875 0.015625 0.029296875
2 0.5171875 0.4677734375 0.015625 0.025390625
2 0.53515625 0.466796875 0.0234375 0.02734375
2 0.56953125 0.466796875 0.010937500000000001 0.0234375
2 0.5703125 0.466796875 0.015625 0.02734375
2 0.5609375 0.46484375 0.0125 0.0234375
2 0.5859375 0.462890625 0.018750000000000003 0.01953125
0 0.02109375 0.6162109375 0.0421875 0.193359375
0 0.13203125000000002 0.50390625 0.0203125 0.0546875
0 0.5789062500000001 0.4775390625 0.0140625 0.029296875
1 0.5710937500000001 0.4951171875 0.0234375 0.021484375
