9 0.52578125 0.4658203125 0.11093750000000001 0.142578125
9 0.6296875000000001 0.4130859375 0.0125 0.021484375
9 0.5554687500000001 0.4189453125 0.0078125 0.013671875
9 0.0203125 0.30859375 0.018750000000000003 0.0390625
0 0.50546875 0.1884765625 0.0203125 0.033203125
2 0.06406250000000001 0.5166015625 0.12812500000000002 0.123046875
2 0.13828125 0.5078125 0.0765625 0.09765625
2 0.2546875 0.4853515625 0.06875 0.072265625
2 0.28671875 0.478515625 0.0203125 0.05859375
2 0.3015625 0.478515625 0.025 0.046875
2 0.3984375 0.5224609375 0.20625000000000002 0.189453125
15 0.46875 0.4169921875 0.10312500000000001 0.080078125
