7 0.6492187500000001 0.3095703125 0.0171875 0.060546875
7 0.4375 0.3876953125 0.00625 0.021484375
7 0.64609375 0.375 0.0171875 0.01953125
9 0.97421875 0.2978515625 0.0328125 0.041015625
9 0.6492187500000001 0.3525390625 0.045312500000000006 0.017578125
0 0.8625 0.439453125 0.034375 0.06640625
0 0.8929687500000001 0.4365234375 0.0328125 0.087890625
0 0.53046875 0.4541015625 0.026562500000000003 0.083984375
0 0.5593750000000001 0.458984375 0.03125 0.06640625
0 0.59140625 0.451171875 0.0328125 0.0703125
0 0.62109375 0.44921875 0.0171875 0.05859375
1 0.49062500000000003 0.46875 0.009375000000000001 0.015625
1 0.018750000000000003 0.4814453125 0.037500000000000006 0.044921875
1 0.02890625 0.482421875 0.035937500000000004 0.0390625
2 0.41250000000000003 0.4658203125 0.03125 0.033203125
2 0.32734375000000004 0.4658203125 0.0390625 0.041015625
2 0.37343750000000003 0.462890625 0.025 0.0234375
2 0.27265625 0.470703125 0.0703125 0.06640625
2 0.19375 0.4755859375 0.096875 0.083984375
2 0.69921875 0.513671875 0.4234375 0.16015625
0 0.49062500000000003 0.45703125 0.009375000000000001 0.02734375
7 0.9460937500000001 0.353515625 0.026562500000000003 0.03125
