9 0.74765625 0.3203125 0.026562500000000003 0.046875
9 0.7484375000000001 0.35546875 0.025 0.0234375
9 0.8015625000000001 0.5029296875 0.028125 0.025390625
9 0.04453125 0.3515625 0.0390625 0.09375
9 0.049218750000000006 0.4296875 0.029687500000000002 0.05078125
9 0.5398437500000001 0.4365234375 0.0140625 0.017578125
9 0.52265625 0.4443359375 0.0078125 0.005859375
9 0.6140625000000001 0.4423828125 0.00625 0.009765625
9 0.6046875 0.4404296875 0.0125 0.005859375
9 0.31093750000000003 0.443359375 0.00625 0.015625
0 0.06796875000000001 0.4873046875 0.0140625 0.048828125
0 0.03515625 0.490234375 0.0203125 0.05078125
0 0.6265625 0.474609375 0.0125 0.0390625
0 0.6101562500000001 0.474609375 0.010937500000000001 0.0390625
0 0.60078125 0.474609375 0.010937500000000001 0.0390625
0 0.58203125 0.4775390625 0.010937500000000001 0.037109375
0 0.5710937500000001 0.4775390625 0.010937500000000001 0.033203125
0 0.56015625 0.4755859375 0.010937500000000001 0.037109375
0 0.55078125 0.4697265625 0.0078125 0.033203125
2 0.38203125000000004 0.451171875 0.0171875 0.015625
2 0.359375 0.48046875 0.028125 0.03125
2 0.19375 0.498046875 0.109375 0.09375
2 0.45156250000000003 0.4931640625 0.078125 0.076171875
2 0.4546875 0.447265625 0.0125 0.015625
