9 0.20390625 0.392578125 0.026562500000000003 0.03515625
9 0.9851562500000001 0.2763671875 0.026562500000000003 0.083984375
0 0.696875 0.4814453125 0.025 0.072265625
0 0.6671875 0.4794921875 0.025 0.076171875
0 0.5242187500000001 0.462890625 0.0140625 0.03125
0 0.5046875000000001 0.462890625 0.0125 0.0390625
0 0.4921875 0.462890625 0.009375000000000001 0.0390625
0 0.478125 0.4658203125 0.009375000000000001 0.033203125
0 0.46484375 0.4658203125 0.010937500000000001 0.033203125
2 0.9242187500000001 0.5673828125 0.1484375 0.275390625
2 0.58515625 0.4697265625 0.051562500000000004 0.052734375
2 0.34375 0.4716796875 0.028125 0.044921875
2 0.29140625000000003 0.466796875 0.07968750000000001 0.078125
