7 0.4578125 0.42578125 0.00625 0.01953125
7 0.35859375000000004 0.380859375 0.0140625 0.0234375
7 0.284375 0.3837890625 0.009375000000000001 0.025390625
9 0.65546875 0.408203125 0.0234375 0.01171875
9 0.565625 0.3623046875 0.018750000000000003 0.029296875
9 0.84375 0.2158203125 0.065625 0.083984375
9 0.846875 0.302734375 0.034375 0.0703125
9 0.46328125000000003 0.3916015625 0.0203125 0.005859375
9 0.30000000000000004 0.380859375 0.015625 0.01953125
2 0.76171875 0.443359375 0.060937500000000006 0.0390625
2 0.48671875000000003 0.47265625 0.0765625 0.03515625
2 0.31640625 0.4609375 0.06406250000000001 0.06640625
2 0.27109375 0.470703125 0.0734375 0.07421875
2 0.20078125000000002 0.470703125 0.045312500000000006 0.0546875
2 0.16875 0.474609375 0.040625 0.078125
2 0.084375 0.46875 0.13125 0.12109375
