7 0.64453125 0.2890625 0.0140625 0.05078125
7 0.8453125 0.2685546875 0.021875000000000002 0.060546875
7 0.8484375000000001 0.3447265625 0.018750000000000003 0.025390625
7 0.88984375 0.3447265625 0.0234375 0.025390625
9 0.5085937500000001 0.396484375 0.004687500000000001 0.0078125
9 0.5085937500000001 0.384765625 0.0078125 0.01171875
9 0.5085937500000001 0.3671875 0.010937500000000001 0.015625
9 0.65 0.33984375 0.037500000000000006 0.01171875
0 0.37265625 0.38671875 0.010937500000000001 0.03125
1 0.40859375000000003 0.4619140625 0.08281250000000001 0.068359375
2 0.3203125 0.4482421875 0.08125 0.068359375
2 0.32109375 0.416015625 0.0734375 0.0546875
2 0.3640625 0.431640625 0.021875000000000002 0.04296875
2 0.37734375000000003 0.421875 0.035937500000000004 0.04296875
2 0.48281250000000003 0.4306640625 0.040625 0.044921875
2 0.45937500000000003 0.4267578125 0.018750000000000003 0.025390625
2 0.45156250000000003 0.412109375 0.018750000000000003 0.01953125
2 0.44453125000000004 0.3984375 0.0140625 0.015625
2 0.60546875 0.4970703125 0.4546875 0.212890625
0 0.4140625 0.435546875 0.03125 0.1015625
8 0.12578125 0.4580078125 0.0140625 0.048828125
