7 0.30390625000000004 0.3583984375 0.0078125 0.021484375
7 0.22421875000000002 0.369140625 0.0078125 0.01953125
7 0.1171875 0.4169921875 0.00625 0.029296875
7 0.37421875000000004 0.3828125 0.0078125 0.01953125
7 0.44062500000000004 0.388671875 0.00625 0.01953125
7 0.5125000000000001 0.419921875 0.00625 0.015625
7 0.53671875 0.419921875 0.004687500000000001 0.01171875
7 0.5484375 0.431640625 0.00625 0.0078125
7 0.54296875 0.408203125 0.010937500000000001 0.02734375
7 0.56953125 0.365234375 0.0078125 0.01953125
7 0.56015625 0.36328125 0.0078125 0.01953125
7 0.23125 0.4296875 0.00625 0.015625
7 0.60078125 0.4326171875 0.004687500000000001 0.009765625
7 0.5984375000000001 0.408203125 0.009375000000000001 0.02734375
9 0.7203125 0.3798828125 0.018750000000000003 0.033203125
9 0.71875 0.3408203125 0.018750000000000003 0.037109375
9 0.47109375000000003 0.4052734375 0.0171875 0.005859375
9 0.59296875 0.390625 0.0078125 0.0078125
9 0.38359375 0.380859375 0.0078125 0.01171875
0 0.49843750000000003 0.458984375 0.0125 0.03515625
0 0.50703125 0.4599609375 0.010937500000000001 0.029296875
2 0.12578125 0.4609375 0.0484375 0.02734375
2 0.73046875 0.4560546875 0.060937500000000006 0.044921875
2 0.46484375 0.4599609375 0.0421875 0.044921875
2 0.39609375 0.4580078125 0.0421875 0.021484375
2 0.359375 0.458984375 0.037500000000000006 0.03515625
2 0.43281250000000004 0.458984375 0.03125 0.03125
2 0.33125000000000004 0.4560546875 0.018750000000000003 0.021484375
2 0.30234375 0.458984375 0.026562500000000003 0.01953125
2 0.26875 0.478515625 0.065625 0.0546875
2 0.27578125000000003 0.4560546875 0.0390625 0.029296875
