0 0.4578125 0.455078125 0.0125 0.0390625
0 0.759375 0.4296875 0.00625 0.01953125
0 0.75390625 0.4287109375 0.004687500000000001 0.017578125
0 0.671875 0.453125 0.018750000000000003 0.03515625
0 0.98984375 0.435546875 0.0078125 0.02734375
0 0.9656250000000001 0.4345703125 0.009375000000000001 0.029296875
1 0.51875 0.4599609375 0.009375000000000001 0.021484375
2 0.08125 0.603515625 0.1625 0.22265625
2 0.36953125000000003 0.4814453125 0.0546875 0.056640625
2 0.39296875000000003 0.47265625 0.026562500000000003 0.046875
2 0.40703125 0.4697265625 0.0203125 0.041015625
2 0.41484375 0.466796875 0.0171875 0.0390625
2 0.42890625000000004 0.4560546875 0.0328125 0.037109375
2 0.44296875 0.4521484375 0.0140625 0.033203125
2 0.4609375 0.4462890625 0.021875000000000002 0.021484375
2 0.47187500000000004 0.4404296875 0.0125 0.013671875
2 0.48359375000000004 0.453125 0.029687500000000002 0.02734375
2 0.50703125 0.439453125 0.0171875 0.0234375
2 0.65625 0.5126953125 0.10312500000000001 0.091796875
2 0.58515625 0.46875 0.060937500000000006 0.0625
2 0.55625 0.4638671875 0.018750000000000003 0.037109375
2 0.5421875 0.4580078125 0.015625 0.033203125
2 0.54921875 0.44921875 0.035937500000000004 0.03515625
2 0.52734375 0.443359375 0.0078125 0.015625
2 0.79453125 0.470703125 0.0765625 0.0546875
2 0.8460937500000001 0.498046875 0.1640625 0.0859375
2 0.884375 0.7021484375 0.22812500000000002 0.388671875
2 0.96015625 0.478515625 0.0765625 0.05859375
0 0.51875 0.451171875 0.009375000000000001 0.02734375
8 0.2109375 0.5302734375 0.015625 0.033203125
