9 0.78046875 0.3544921875 0.0234375 0.041015625
9 0.5546875 0.33984375 0.025 0.02734375
9 0.5546875 0.3642578125 0.03125 0.021484375
9 0.1171875 0.3525390625 0.037500000000000006 0.021484375
1 0.87890625 0.548828125 0.08281250000000001 0.140625
1 0.70234375 0.5263671875 0.0484375 0.107421875
6 0.8953125000000001 0.48046875 0.12187500000000001 0.08984375
2 0.23828125 0.47265625 0.11093750000000001 0.08203125
2 0.78515625 0.4833984375 0.1171875 0.068359375
2 0.6609375000000001 0.447265625 0.096875 0.0546875
2 0.80390625 0.501953125 0.060937500000000006 0.04296875
0 0.7015625000000001 0.490234375 0.043750000000000004 0.1328125
0 0.8773437500000001 0.4990234375 0.0703125 0.158203125
