7 0.35703125 0.2392578125 0.0234375 0.111328125
7 0.96796875 0.2978515625 0.0203125 0.080078125
9 0.053125000000000006 0.1787109375 0.10625000000000001 0.076171875
9 0.1859375 0.2373046875 0.096875 0.072265625
0 0.17500000000000002 0.435546875 0.015625 0.0546875
0 0.284375 0.43359375 0.0125 0.03515625
0 0.30625 0.4326171875 0.009375000000000001 0.033203125
0 0.3171875 0.4248046875 0.009375000000000001 0.017578125
0 0.54296875 0.4306640625 0.0078125 0.037109375
0 0.5515625000000001 0.4326171875 0.009375000000000001 0.037109375
0 0.50625 0.4248046875 0.00625 0.017578125
0 0.5109375 0.4248046875 0.00625 0.021484375
0 0.515625 0.4248046875 0.00625 0.021484375
2 0.33515625000000004 0.443359375 0.0546875 0.0390625
2 0.39453125 0.4384765625 0.051562500000000004 0.048828125
2 0.46171875 0.439453125 0.0390625 0.0390625
2 0.47968750000000004 0.4384765625 0.0125 0.033203125
2 0.6820312500000001 0.4345703125 0.0484375 0.064453125
2 0.64375 0.4365234375 0.037500000000000006 0.041015625
2 0.92109375 0.4306640625 0.0328125 0.037109375
2 0.890625 0.423828125 0.034375 0.02734375
2 0.5890625 0.419921875 0.040625 0.05859375
2 0.5625 0.4287109375 0.015625 0.021484375
