4 0.75 0.44921875 0.15000000000000002 0.1875
7 0.43359375 0.4296875 0.0078125 0.01953125
7 0.628125 0.380859375 0.0125 0.02734375
9 0.54609375 0.466796875 0.0171875 0.015625
9 0.9398437500000001 0.4462890625 0.0140625 0.017578125
2 0.11093750000000001 0.75 0.22187500000000002 0.3828125
2 0.49375 0.5087890625 0.037500000000000006 0.044921875
2 0.4390625 0.5390625 0.11875000000000001 0.125
2 0.3296875 0.59375 0.234375 0.17578125
2 0.6023437500000001 0.62890625 0.2984375 0.31640625
2 0.6414062500000001 0.48828125 0.1484375 0.0703125
2 0.796875 0.53125 0.109375 0.1015625
2 0.85703125 0.4990234375 0.0328125 0.056640625
2 0.884375 0.5068359375 0.059375000000000004 0.072265625
2 0.9304687500000001 0.5107421875 0.08281250000000001 0.087890625
2 0.9710937500000001 0.5146484375 0.0546875 0.091796875
2 0.98984375 0.5380859375 0.0171875 0.072265625
