7 0.05234375 0.34375 0.029687500000000002 0.08984375
7 0.90390625 0.35546875 0.0328125 0.08984375
7 0.9078125 0.5546875 0.015625 0.04296875
7 0.0546875 0.5458984375 0.0125 0.041015625
7 0.06953125 0.5 0.0171875 0.03125
7 0.6953125 0.5166015625 0.0125 0.017578125
0 0.95703125 0.5107421875 0.0171875 0.087890625
0 0.8390625 0.572265625 0.040625 0.1171875
0 0.6335937500000001 0.5556640625 0.010937500000000001 0.041015625
0 0.6046875 0.5556640625 0.009375000000000001 0.037109375
0 0.28515625 0.5634765625 0.026562500000000003 0.056640625
0 0.26328125 0.5556640625 0.0203125 0.029296875
0 0.25 0.5537109375 0.015625 0.033203125
3 0.42578125 0.7138671875 0.1078125 0.224609375
2 0.19687500000000002 0.6875 0.284375 0.2421875
2 0.47890625000000003 0.556640625 0.0203125 0.01953125
2 0.49531250000000004 0.5517578125 0.0125 0.013671875
0 0.42812500000000003 0.677734375 0.09375 0.2578125
