7 0.7375 0.3798828125 0.0125 0.017578125
7 0.73046875 0.3291015625 0.010937500000000001 0.041015625
7 0.68671875 0.28515625 0.0484375 0.05078125
7 0.55859375 0.390625 0.0140625 0.015625
7 0.56171875 0.349609375 0.010937500000000001 0.0390625
7 0.09062500000000001 0.369140625 0.0125 0.04296875
7 0.115625 0.4091796875 0.018750000000000003 0.021484375
9 0.76953125 0.3681640625 0.0328125 0.009765625
9 0.7351562500000001 0.3623046875 0.010937500000000001 0.013671875
9 0.6820312500000001 0.1767578125 0.0421875 0.083984375
9 0.696875 0.2392578125 0.028125 0.041015625
9 0.52734375 0.390625 0.010937500000000001 0.015625
0 0.8406250000000001 0.466796875 0.05 0.203125
0 0.26406250000000003 0.4677734375 0.028125 0.076171875
0 0.27265625 0.466796875 0.0171875 0.07421875
0 0.17578125 0.5 0.0546875 0.17578125
0 0.11015625000000001 0.505859375 0.0734375 0.1796875
0 0.03828125 0.501953125 0.0703125 0.17578125
0 0.030468750000000003 0.5029296875 0.060937500000000006 0.166015625
2 0.43593750000000003 0.4609375 0.22187500000000002 0.11328125
2 0.2390625 0.4697265625 0.043750000000000004 0.052734375
8 0.5515625000000001 0.466796875 0.009375000000000001 0.0390625
