9 0.5078125 0.4130859375 0.015625 0.005859375
0 0.85546875 0.4814453125 0.029687500000000002 0.041015625
0 0.8203125 0.4755859375 0.028125 0.041015625
0 0.5671875000000001 0.4580078125 0.015625 0.048828125
0 0.55234375 0.4619140625 0.010937500000000001 0.044921875
0 0.16796875 0.4736328125 0.0203125 0.064453125
0 0.14609375 0.4716796875 0.0171875 0.064453125
0 0.37109375 0.4541015625 0.010937500000000001 0.033203125
0 0.36171875000000003 0.453125 0.0078125 0.03125
1 0.81796875 0.6689453125 0.0703125 0.173828125
1 0.69921875 0.5654296875 0.0390625 0.099609375
2 0.92109375 0.599609375 0.1546875 0.1796875
2 0.8070312500000001 0.556640625 0.1421875 0.12890625
2 0.94140625 0.4912109375 0.11406250000000001 0.064453125
2 0.7523437500000001 0.5185546875 0.09531250000000001 0.119140625
2 0.6273437500000001 0.4912109375 0.0921875 0.064453125
2 0.50703125 0.4697265625 0.06406250000000001 0.052734375
2 0.46171875 0.4638671875 0.051562500000000004 0.037109375
2 0.42890625000000004 0.4560546875 0.0578125 0.029296875
2 0.32734375000000004 0.4404296875 0.0390625 0.021484375
2 0.1609375 0.4501953125 0.053125000000000006 0.025390625
2 0.5859375 0.4560546875 0.028125 0.025390625
0 0.8265625000000001 0.6083984375 0.078125 0.216796875
0 0.70078125 0.52734375 0.0421875 0.140625
8 0.22421875000000002 0.50390625 0.0171875 0.05078125
