1 0.6921875000000001 0.5576171875 0.09062500000000001 0.158203125
1 0.5671875000000001 0.5380859375 0.037500000000000006 0.091796875
1 0.5242187500000001 0.546875 0.0578125 0.12890625
1 0.41718750000000004 0.4833984375 0.021875000000000002 0.080078125
1 0.36250000000000004 0.4765625 0.0125 0.04296875
1 0.3375 0.466796875 0.009375000000000001 0.0546875
1 0.31484375000000003 0.4755859375 0.0078125 0.025390625
1 0.39687500000000003 0.4833984375 0.015625 0.041015625
2 0.07500000000000001 0.443359375 0.10312500000000001 0.09765625
2 0.12812500000000002 0.4384765625 0.059375000000000004 0.099609375
0 0.69140625 0.484375 0.0890625 0.25
0 0.56015625 0.4501953125 0.0390625 0.119140625
0 0.5281250000000001 0.4873046875 0.065625 0.193359375
0 0.41250000000000003 0.443359375 0.046875 0.13671875
0 0.36171875000000003 0.4462890625 0.026562500000000003 0.080078125
0 0.3359375 0.4345703125 0.028125 0.091796875
0 0.31484375000000003 0.4560546875 0.0171875 0.048828125
