7 0.44921875 0.4423828125 0.0078125 0.025390625
7 0.48828125 0.4677734375 0.0078125 0.017578125
7 0.5640625 0.4677734375 0.009375000000000001 0.021484375
9 0.734375 0.421875 0.021875000000000002 0.02734375
9 0.734375 0.4482421875 0.021875000000000002 0.025390625
9 0.734375 0.46875 0.018750000000000003 0.015625
9 0.6335937500000001 0.5029296875 0.0078125 0.009765625
0 0.140625 0.5283203125 0.03125 0.064453125
0 0.6421875 0.5380859375 0.021875000000000002 0.068359375
0 0.78828125 0.5068359375 0.0234375 0.076171875
0 0.80859375 0.5126953125 0.0171875 0.064453125
0 0.6687500000000001 0.5439453125 0.0125 0.029296875
1 0.58828125 0.5341796875 0.0203125 0.044921875
1 0.70703125 0.548828125 0.0421875 0.0859375
1 0.8890625000000001 0.603515625 0.08125 0.1484375
2 0.62265625 0.54296875 0.0328125 0.03515625
2 0.54921875 0.5341796875 0.029687500000000002 0.044921875
2 0.51328125 0.5244140625 0.060937500000000006 0.064453125
2 0.40234375 0.537109375 0.17343750000000002 0.16015625
0 0.58984375 0.5146484375 0.0203125 0.064453125
0 0.7078125000000001 0.5068359375 0.040625 0.130859375
0 0.8875000000000001 0.541015625 0.07500000000000001 0.23046875
