7 0.5085937500000001 0.353515625 0.0078125 0.02734375
7 0.5734375 0.400390625 0.00625 0.02734375
7 0.86328125 0.2841796875 0.010937500000000001 0.041015625
7 0.9226562500000001 0.2763671875 0.010937500000000001 0.044921875
7 0.8078125 0.4345703125 0.009375000000000001 0.033203125
9 0.8921875 0.275390625 0.009375000000000001 0.02734375
0 0.3609375 0.48046875 0.00625 0.01953125
0 0.42500000000000004 0.484375 0.00625 0.01953125
2 0.47734375 0.4775390625 0.010937500000000001 0.009765625
7 0.57265625 0.4501953125 0.010937500000000001 0.013671875
