9 0.8132812500000001 0.4873046875 0.0328125 0.025390625
2 0.33671875 0.4423828125 0.0140625 0.013671875
2 0.3140625 0.4423828125 0.021875000000000002 0.021484375
2 0.3609375 0.439453125 0.021875000000000002 0.02734375
2 0.37265625 0.4326171875 0.010937500000000001 0.013671875
2 0.421875 0.43359375 0.015625 0.01953125
2 0.46718750000000003 0.4375 0.021875000000000002 0.0234375
2 0.4859375 0.4384765625 0.018750000000000003 0.021484375
2 0.51328125 0.4423828125 0.026562500000000003 0.025390625
2 0.540625 0.4453125 0.03125 0.02734375
2 0.5765625 0.4453125 0.043750000000000004 0.046875
2 0.6671875 0.482421875 0.08750000000000001 0.08984375
8 0.23046875 0.4736328125 0.0078125 0.017578125
