4 0.8203125 0.416015625 0.2625 0.08984375
4 0.6351562500000001 0.4287109375 0.0890625 0.037109375
4 0.51875 0.447265625 0.0625 0.08203125
4 0.43281250000000004 0.44921875 0.096875 0.03125
0 0.7156250000000001 0.4716796875 0.034375 0.115234375
0 0.67890625 0.47265625 0.035937500000000004 0.109375
0 0.6351562500000001 0.4501953125 0.0140625 0.052734375
0 0.6257812500000001 0.4501953125 0.010937500000000001 0.041015625
0 0.6039062500000001 0.4638671875 0.0171875 0.056640625
0 0.5921875 0.4580078125 0.0125 0.048828125
0 0.5789062500000001 0.4580078125 0.010937500000000001 0.041015625
0 0.5578125 0.458984375 0.0125 0.04296875
0 0.5484375 0.4599609375 0.009375000000000001 0.041015625
0 0.571875 0.4560546875 0.009375000000000001 0.037109375
0 0.34453125 0.4619140625 0.0078125 0.013671875
0 0.060937500000000006 0.4853515625 0.015625 0.044921875
0 0.07578125000000001 0.4921875 0.0203125 0.06640625
0 0.11171875 0.4970703125 0.0203125 0.048828125
0 0.12890625 0.490234375 0.0140625 0.02734375
2 0.95234375 0.4873046875 0.0921875 0.111328125
2 0.909375 0.4501953125 0.178125 0.130859375
2 0.8484375000000001 0.4482421875 0.14375000000000002 0.099609375
2 0.64765625 0.4482421875 0.0171875 0.021484375
2 0.45625000000000004 0.462890625 0.034375 0.0234375
2 0.41250000000000003 0.46484375 0.025 0.0234375
2 0.37343750000000003 0.4833984375 0.065625 0.060546875
2 0.29609375 0.474609375 0.026562500000000003 0.01953125
8 0.340625 0.4775390625 0.00625 0.021484375
