9 0.78515625 0.392578125 0.026562500000000003 0.046875
9 0.5796875 0.3974609375 0.015625 0.025390625
0 0.5234375 0.4091796875 0.009375000000000001 0.021484375
2 0.53828125 0.4091796875 0.0140625 0.017578125
2 0.503125 0.443359375 0.03125 0.02734375
2 0.51484375 0.423828125 0.0234375 0.0234375
2 0.9773437500000001 0.466796875 0.0421875 0.08984375
2 0.6140625000000001 0.4814453125 0.328125 0.150390625
2 0.51015625 0.37109375 0.0171875 0.01953125
2 0.51953125 0.3603515625 0.0140625 0.017578125
2 0.52734375 0.3564453125 0.010937500000000001 0.013671875
2 0.53125 0.3525390625 0.009375000000000001 0.013671875
2 0.42578125 0.423828125 0.0234375 0.0234375
2 0.40390625 0.435546875 0.0078125 0.01953125
2 0.39375000000000004 0.4375 0.015625 0.02734375
2 0.375 0.443359375 0.03125 0.03515625
2 0.36250000000000004 0.451171875 0.034375 0.03515625
2 0.31484375000000003 0.462890625 0.06406250000000001 0.046875
2 0.26015625000000003 0.4541015625 0.0328125 0.033203125
2 0.0671875 0.4931640625 0.134375 0.103515625
