4 0.032031250000000004 0.44921875 0.06406250000000001 0.23046875
7 0.37031250000000004 0.3935546875 0.00625 0.013671875
7 0.43125 0.37890625 0.00625 0.015625
7 0.46875 0.3828125 0.00625 0.015625
7 0.44296875 0.4013671875 0.004687500000000001 0.013671875
9 0.6257812500000001 0.302734375 0.051562500000000004 0.0625
9 0.6265625 0.353515625 0.043750000000000004 0.0390625
0 0.6726562500000001 0.4521484375 0.0203125 0.068359375
2 0.46406250000000004 0.490234375 0.140625 0.15625
2 0.34687500000000004 0.466796875 0.040625 0.04296875
2 0.3671875 0.4599609375 0.009375000000000001 0.029296875
