9 0.041406250000000006 0.4619140625 0.0234375 0.029296875
9 0.46640625 0.4345703125 0.004687500000000001 0.009765625
0 0.72421875 0.4736328125 0.026562500000000003 0.041015625
0 0.6734375 0.466796875 0.018750000000000003 0.04296875
0 0.5828125000000001 0.443359375 0.0125 0.03515625
2 0.9234375 0.490234375 0.15000000000000002 0.1171875
2 0.6046875 0.548828125 0.109375 0.1328125
2 0.446875 0.6884765625 0.39375000000000004 0.431640625
2 0.07421875 0.482421875 0.0921875 0.0703125
2 0.19921875 0.45703125 0.0546875 0.0234375
2 0.4078125 0.44140625 0.03125 0.02734375
2 0.36953125000000003 0.44140625 0.0328125 0.03125
2 0.8453125 0.4345703125 0.037500000000000006 0.017578125
2 0.7671875 0.4453125 0.037500000000000006 0.015625
2 0.72421875 0.4375 0.0328125 0.01953125
2 0.6898437500000001 0.4375 0.0328125 0.01953125
2 0.6546875000000001 0.4306640625 0.025 0.017578125
2 0.2625 0.4443359375 0.0625 0.029296875
8 0.82421875 0.58984375 0.029687500000000002 0.08203125
