4 0.49843750000000003 0.5166015625 0.046875 0.064453125
7 0.30000000000000004 0.2900390625 0.018750000000000003 0.083984375
7 0.40937500000000004 0.4296875 0.009375000000000001 0.03515625
7 0.42031250000000003 0.4423828125 0.00625 0.029296875
7 0.8289062500000001 0.35546875 0.0203125 0.07421875
7 0.03125 0.45703125 0.0125 0.03515625
7 0.1546875 0.4560546875 0.015625 0.029296875
9 0.30390625000000004 0.376953125 0.0328125 0.03125
9 0.3046875 0.4091796875 0.034375 0.017578125
9 0.30000000000000004 0.4501953125 0.046875 0.029296875
9 0.84140625 0.41796875 0.029687500000000002 0.03515625
9 0.84296875 0.455078125 0.029687500000000002 0.03125
9 0.65234375 0.4384765625 0.0171875 0.021484375
9 0.6515625 0.41015625 0.021875000000000002 0.0234375
9 0.70859375 0.4638671875 0.0140625 0.021484375
9 0.40859375000000003 0.4921875 0.0203125 0.01171875
9 0.146875 0.482421875 0.021875000000000002 0.0234375
0 0.04296875 0.568359375 0.0203125 0.1015625
0 0.09296875 0.5595703125 0.0203125 0.080078125
0 0.06406250000000001 0.5908203125 0.065625 0.150390625
0 0.13046875 0.587890625 0.06406250000000001 0.14453125
0 0.21875 0.541015625 0.03125 0.06640625
0 0.246875 0.5400390625 0.028125 0.068359375
1 0.9554687500000001 0.59765625 0.0859375 0.10546875
1 0.7984375 0.58984375 0.028125 0.0625
2 0.3671875 0.5322265625 0.03125 0.029296875
2 0.32343750000000004 0.537109375 0.025 0.02734375
2 0.43203125000000003 0.5283203125 0.0203125 0.021484375
2 0.45234375000000004 0.5302734375 0.0234375 0.025390625
