7 0.65546875 0.412109375 0.004687500000000001 0.01171875
7 0.6335937500000001 0.4150390625 0.004687500000000001 0.013671875
7 0.58515625 0.41796875 0.004687500000000001 0.01171875
9 0.8796875000000001 0.416015625 0.053125000000000006 0.0390625
9 0.7390625000000001 0.4619140625 0.0125 0.037109375
9 0.67890625 0.41015625 0.010937500000000001 0.03125
9 0.6359375 0.423828125 0.009375000000000001 0.00390625
9 0.234375 0.443359375 0.00625 0.015625
9 0.63671875 0.4521484375 0.0140625 0.017578125
9 0.6218750000000001 0.416015625 0.00625 0.015625
2 0.9632812500000001 0.4853515625 0.060937500000000006 0.033203125
2 0.6046875 0.474609375 0.021875000000000002 0.01953125
2 0.596875 0.48046875 0.025 0.01953125
2 0.5328125 0.48828125 0.037500000000000006 0.0390625
2 0.371875 0.484375 0.084375 0.08203125
2 0.665625 0.4697265625 0.018750000000000003 0.017578125
2 0.596875 0.44921875 0.0125 0.01171875
