9 0.05078125 0.30078125 0.045312500000000006 0.0234375
9 0.049218750000000006 0.3427734375 0.0484375 0.060546875
9 0.04609375 0.3876953125 0.0546875 0.025390625
9 0.1703125 0.435546875 0.043750000000000004 0.078125
9 0.59140625 0.4697265625 0.010937500000000001 0.017578125
9 0.5765625 0.490234375 0.021875000000000002 0.0078125
9 0.5906250000000001 0.5087890625 0.018750000000000003 0.021484375
9 0.58984375 0.52734375 0.0140625 0.015625
0 0.47890625000000003 0.5546875 0.0078125 0.02734375
0 0.45859375 0.544921875 0.004687500000000001 0.01171875
0 0.47187500000000004 0.552734375 0.00625 0.015625
0 0.7328125000000001 0.556640625 0.03125 0.05078125
3 0.3453125 0.6181640625 0.059375000000000004 0.091796875
3 0.29765625 0.62109375 0.1046875 0.12890625
2 0.5242187500000001 0.5625 0.029687500000000002 0.03515625
2 0.5140625 0.556640625 0.025 0.03125
2 0.5875 0.609375 0.07500000000000001 0.0859375
2 0.6234375000000001 0.6181640625 0.0625 0.103515625
2 0.66171875 0.625 0.1015625 0.1171875
2 0.7203125 0.6728515625 0.18125000000000002 0.185546875
2 0.8515625 0.744140625 0.29375 0.28515625
2 0.49609375 0.5615234375 0.010937500000000001 0.013671875
2 0.55078125 0.5830078125 0.0234375 0.056640625
2 0.584375 0.595703125 0.07187500000000001 0.08984375
0 0.34687500000000004 0.578125 0.025 0.0625
