9 0.88671875 0.06640625 0.0328125 0.1328125
0 0.6921875000000001 0.5 0.025 0.140625
0 0.6375000000000001 0.4990234375 0.028125 0.142578125
0 0.6078125000000001 0.5029296875 0.043750000000000004 0.134765625
0 0.5359375000000001 0.4951171875 0.040625 0.119140625
0 0.5546875 0.4716796875 0.018750000000000003 0.072265625
0 0.509375 0.4794921875 0.0125 0.076171875
0 0.42265625 0.5107421875 0.0390625 0.099609375
0 0.359375 0.51171875 0.05 0.109375
0 0.34296875000000004 0.51171875 0.0328125 0.10546875
0 0.30703125000000003 0.51171875 0.0390625 0.10546875
0 0.27734375 0.4765625 0.0140625 0.05859375
0 0.253125 0.48828125 0.034375 0.125
0 0.18359375 0.494140625 0.0421875 0.15234375
0 0.19609375 0.4912109375 0.029687500000000002 0.123046875
0 0.2171875 0.5078125 0.018750000000000003 0.0625
0 0.21875 0.4697265625 0.015625 0.033203125
0 0.0390625 0.4853515625 0.021875000000000002 0.080078125
0 0.08203125 0.48828125 0.010937500000000001 0.046875
0 0.11640625 0.48828125 0.010937500000000001 0.046875
0 0.096875 0.4814453125 0.015625 0.060546875
0 0.1078125 0.478515625 0.015625 0.0625
2 0.39765625000000004 0.4609375 0.051562500000000004 0.046875
