7 0.6703125000000001 0.3837890625 0.009375000000000001 0.033203125
7 0.7742187500000001 0.328125 0.0171875 0.05859375
7 0.5609375 0.298828125 0.009375000000000001 0.03515625
7 0.37343750000000003 0.3720703125 0.009375000000000001 0.033203125
0 0.12187500000000001 0.4384765625 0.025 0.060546875
0 0.146875 0.439453125 0.021875000000000002 0.0546875
0 0.27265625 0.453125 0.0140625 0.046875
0 0.37890625 0.458984375 0.0171875 0.05078125
0 0.30390625000000004 0.4501953125 0.010937500000000001 0.033203125
0 0.31953125000000004 0.4453125 0.0140625 0.01953125
0 0.43281250000000004 0.45703125 0.018750000000000003 0.0390625
0 0.46015625000000004 0.455078125 0.0078125 0.0234375
0 0.56640625 0.4521484375 0.004687500000000001 0.017578125
0 0.8734375000000001 0.4814453125 0.021875000000000002 0.095703125
0 0.7078125000000001 0.466796875 0.0125 0.04296875
1 0.13515625 0.4853515625 0.0484375 0.072265625
1 0.1765625 0.486328125 0.034375 0.078125
2 0.53828125 0.45703125 0.029687500000000002 0.03515625
2 0.57734375 0.4560546875 0.0171875 0.017578125
2 0.5890625 0.462890625 0.0125 0.02734375
2 0.5953125 0.46484375 0.018750000000000003 0.03125
2 0.6171875 0.4697265625 0.040625 0.037109375
2 0.91953125 0.626953125 0.15781250000000002 0.23046875
0 0.925 0.4931640625 0.028125 0.064453125
