7 0.29921875000000003 0.17578125 0.0203125 0.05859375
7 0.296875 0.255859375 0.015625 0.01953125
7 0.6312500000000001 0.3251953125 0.009375000000000001 0.041015625
7 0.6421875 0.3232421875 0.009375000000000001 0.033203125
7 0.6625000000000001 0.3017578125 0.015625 0.068359375
7 0.7046875 0.1865234375 0.018750000000000003 0.060546875
7 0.70234375 0.283203125 0.0171875 0.0546875
7 0.171875 0.3173828125 0.015625 0.037109375
7 0.26406250000000003 0.2880859375 0.0125 0.048828125
9 0.24765625000000002 0.2353515625 0.0234375 0.025390625
9 0.2484375 0.19921875 0.025 0.04296875
0 0.8640625000000001 0.4296875 0.028125 0.1015625
0 0.83984375 0.3984375 0.010937500000000001 0.05078125
2 0.43125 0.4423828125 0.1125 0.111328125
2 0.46406250000000004 0.400390625 0.065625 0.0703125
2 0.49921875000000004 0.390625 0.0234375 0.03515625
2 0.525 0.3916015625 0.018750000000000003 0.021484375
2 0.58203125 0.4345703125 0.11093750000000001 0.134765625
2 0.96015625 0.4814453125 0.0765625 0.146484375
2 0.9593750000000001 0.42578125 0.078125 0.07421875
2 0.65234375 0.40625 0.0234375 0.03125
