4 0.84375 0.4169921875 0.309375 0.142578125
4 0.43515625 0.453125 0.1046875 0.04296875
4 0.5171875 0.447265625 0.0625 0.08203125
4 0.6359375 0.4345703125 0.08750000000000001 0.060546875
0 0.971875 0.4697265625 0.053125000000000006 0.220703125
0 0.925 0.4990234375 0.05 0.189453125
0 0.3765625 0.4658203125 0.00625 0.021484375
0 0.1703125 0.486328125 0.0125 0.046875
0 0.12890625 0.490234375 0.0140625 0.02734375
0 0.11484375000000001 0.4794921875 0.0140625 0.025390625
0 0.5546875 0.458984375 0.015625 0.05078125
0 0.5710937500000001 0.4560546875 0.0140625 0.052734375
0 0.5890625 0.4580078125 0.015625 0.048828125
0 0.6039062500000001 0.4541015625 0.0140625 0.044921875
0 0.6296875000000001 0.453125 0.0125 0.04296875
0 0.6140625000000001 0.453125 0.0125 0.046875
2 0.89453125 0.44921875 0.15156250000000002 0.1328125
2 0.84921875 0.44140625 0.1453125 0.10546875
2 0.45625000000000004 0.4638671875 0.034375 0.025390625
8 0.34140625 0.4775390625 0.004687500000000001 0.017578125
