7 0.33671875 0.43359375 0.0078125 0.02734375
7 0.42812500000000003 0.4560546875 0.00625 0.017578125
7 0.6171875 0.4384765625 0.00625 0.021484375
0 0.25 0.4990234375 0.015625 0.044921875
0 0.34687500000000004 0.5048828125 0.0125 0.048828125
0 0.70703125 0.513671875 0.0234375 0.07421875
0 0.74609375 0.5166015625 0.0203125 0.064453125
0 0.8875000000000001 0.5048828125 0.025 0.041015625
0 0.8601562500000001 0.53125 0.0234375 0.0859375
0 0.8546875 0.5087890625 0.015625 0.064453125
0 0.99140625 0.5224609375 0.0140625 0.087890625
0 0.8125 0.49609375 0.0125 0.03515625
1 0.25625000000000003 0.521484375 0.05625 0.0390625
1 0.6359375 0.5439453125 0.021875000000000002 0.048828125
1 0.8078125 0.5546875 0.040625 0.08203125
2 0.49453125000000003 0.5322265625 0.06406250000000001 0.083984375
2 0.5164062500000001 0.513671875 0.045312500000000006 0.06640625
2 0.421875 0.595703125 0.20625000000000002 0.19921875
0 0.6359375 0.525390625 0.021875000000000002 0.0703125
8 0.21953125 0.5361328125 0.0140625 0.048828125
