7 0.03359375 0.3642578125 0.0203125 0.060546875
7 0.037500000000000006 0.423828125 0.018750000000000003 0.01953125
7 0.70625 0.3681640625 0.018750000000000003 0.060546875
7 0.6984375 0.4326171875 0.021875000000000002 0.025390625
7 0.5867187500000001 0.455078125 0.004687500000000001 0.015625
7 0.38671875 0.4501953125 0.004687500000000001 0.017578125
9 0.03671875 0.4033203125 0.0390625 0.021484375
9 0.7054687500000001 0.41015625 0.0421875 0.01953125
0 0.8796875000000001 0.517578125 0.018750000000000003 0.08984375
0 0.9171875 0.5126953125 0.025 0.095703125
0 0.6648437500000001 0.4912109375 0.004687500000000001 0.013671875
0 0.6531250000000001 0.490234375 0.00625 0.01953125
0 0.64453125 0.490234375 0.010937500000000001 0.01953125
0 0.62890625 0.4873046875 0.004687500000000001 0.017578125
0 0.6328125 0.4892578125 0.00625 0.021484375
0 0.43203125000000003 0.486328125 0.004687500000000001 0.01171875
0 0.4234375 0.4873046875 0.00625 0.017578125
0 0.40703125 0.515625 0.035937500000000004 0.1015625
0 0.37109375 0.4814453125 0.0078125 0.017578125
0 0.353125 0.4814453125 0.00625 0.009765625
0 0.33671875 0.4814453125 0.0078125 0.017578125
0 0.09453125000000001 0.494140625 0.0171875 0.06640625
1 0.15546875000000002 0.515625 0.026562500000000003 0.0390625
2 0.5078125 0.4912109375 0.009375000000000001 0.013671875
2 0.5320312500000001 0.494140625 0.0171875 0.01953125
2 0.51875 0.4970703125 0.021875000000000002 0.025390625
2 0.5578125 0.4990234375 0.028125 0.029296875
2 0.5390625 0.48046875 0.00625 0.0078125
8 0.5828125000000001 0.5048828125 0.00625 0.017578125
