4 0.5398437500000001 0.302734375 0.1234375 0.12109375
7 0.73203125 0.3349609375 0.0140625 0.052734375
7 0.74375 0.3544921875 0.009375000000000001 0.021484375
7 0.6796875 0.3505859375 0.009375000000000001 0.037109375
7 0.6875 0.359375 0.00625 0.01953125
7 0.44609375 0.3203125 0.010937500000000001 0.05078125
7 0.8328125000000001 0.36328125 0.009375000000000001 0.01953125
7 0.91796875 0.361328125 0.010937500000000001 0.01171875
7 0.9031250000000001 0.361328125 0.009375000000000001 0.01171875
0 0.971875 0.439453125 0.028125 0.08984375
0 0.8234375 0.4287109375 0.018750000000000003 0.064453125
0 0.83359375 0.419921875 0.0171875 0.05859375
0 0.878125 0.431640625 0.015625 0.05859375
0 0.9015625 0.4248046875 0.015625 0.052734375
0 0.925 0.4248046875 0.015625 0.048828125
0 0.7210937500000001 0.4140625 0.0171875 0.04296875
0 0.70625 0.4130859375 0.015625 0.052734375
0 0.74140625 0.4130859375 0.0078125 0.037109375
0 0.74921875 0.412109375 0.010937500000000001 0.03515625
0 0.75703125 0.412109375 0.0078125 0.0390625
0 0.765625 0.4140625 0.0125 0.04296875
0 0.84296875 0.4375 0.0140625 0.0546875
0 0.8578125000000001 0.423828125 0.021875000000000002 0.05859375
0 0.6765625000000001 0.4169921875 0.0125 0.044921875
0 0.032031250000000004 0.4189453125 0.051562500000000004 0.130859375
0 0.04453125 0.416015625 0.035937500000000004 0.1328125
0 0.09296875 0.4228515625 0.035937500000000004 0.130859375
0 0.12421875 0.404296875 0.0328125 0.10546875
0 0.2421875 0.42578125 0.025 0.1328125
0 0.15234375 0.40234375 0.0171875 0.05859375
0 0.39609375 0.408203125 0.0140625 0.046875
0 0.32656250000000003 0.4150390625 0.0125 0.056640625
0 0.42031250000000003 0.4013671875 0.009375000000000001 0.033203125
0 0.42734375 0.4033203125 0.0078125 0.033203125
0 0.30078125 0.40625 0.0140625 0.0625
0 0.3875 0.404296875 0.009375000000000001 0.046875
0 0.65234375 0.408203125 0.0078125 0.02734375
0 0.6890625 0.4111328125 0.009375000000000001 0.033203125
0 0.63828125 0.404296875 0.0078125 0.02734375
0 0.890625 0.4208984375 0.009375000000000001 0.044921875
0 0.36796875 0.408203125 0.0078125 0.0234375
2 0.5390625 0.4765625 0.19687500000000002 0.23828125
