4 0.57734375 0.5166015625 0.035937500000000004 0.060546875
0 0.00390625 0.5546875 0.0078125 0.0546875
0 0.21015625000000002 0.546875 0.010937500000000001 0.03515625
0 0.2546875 0.5458984375 0.0125 0.041015625
0 0.36484375 0.5400390625 0.0078125 0.021484375
0 0.371875 0.5400390625 0.00625 0.025390625
0 0.4234375 0.55859375 0.015625 0.0625
0 0.63984375 0.53515625 0.010937500000000001 0.03125
0 0.73046875 0.521484375 0.010937500000000001 0.0234375
0 0.79609375 0.5205078125 0.0078125 0.017578125
0 0.8148437500000001 0.51953125 0.010937500000000001 0.015625
0 0.6273437500000001 0.52734375 0.0078125 0.015625
0 0.64453125 0.5283203125 0.010937500000000001 0.033203125
2 0.48046875 0.5361328125 0.0140625 0.013671875
2 0.4703125 0.53515625 0.0125 0.015625
2 0.5476562500000001 0.5400390625 0.06406250000000001 0.021484375
2 0.34609375000000003 0.5478515625 0.026562500000000003 0.044921875
2 0.31953125000000004 0.5498046875 0.045312500000000006 0.048828125
2 0.29765625 0.560546875 0.0546875 0.04296875
2 0.5296875 0.658203125 0.19687500000000002 0.2265625
2 0.7351562500000001 0.5771484375 0.0859375 0.099609375
2 0.8070312500000001 0.5908203125 0.1484375 0.130859375
