9 0.48281250000000003 0.4423828125 0.009375000000000001 0.009765625
2 0.22109375 0.466796875 0.2609375 0.09765625
2 0.59140625 0.4755859375 0.035937500000000004 0.048828125
2 0.6179687500000001 0.4765625 0.045312500000000006 0.05078125
2 0.6742187500000001 0.482421875 0.1015625 0.05859375
2 0.73203125 0.4892578125 0.0546875 0.072265625
2 0.77734375 0.4921875 0.07968750000000001 0.08203125
2 0.79609375 0.5048828125 0.060937500000000006 0.068359375
2 0.8718750000000001 0.49609375 0.1375 0.09765625
2 0.93359375 0.5029296875 0.1296875 0.083984375
2 0.48828125 0.53125 0.3359375 0.15234375
