9 0.18125000000000002 0.376953125 0.018750000000000003 0.015625
9 0.42421875000000003 0.392578125 0.010937500000000001 0.01953125
0 0.8968750000000001 0.5703125 0.178125 0.65234375
0 0.8140625 0.5390625 0.078125 0.2265625
0 0.7273437500000001 0.5224609375 0.0765625 0.201171875
0 0.68671875 0.4833984375 0.0546875 0.123046875
0 0.6414062500000001 0.4833984375 0.0390625 0.115234375
0 0.56640625 0.478515625 0.060937500000000006 0.19140625
0 0.5242187500000001 0.4931640625 0.045312500000000006 0.123046875
0 0.48671875000000003 0.4716796875 0.029687500000000002 0.103515625
0 0.4609375 0.4755859375 0.034375 0.095703125
0 0.509375 0.44921875 0.028125 0.046875
0 0.42031250000000003 0.4658203125 0.046875 0.146484375
0 0.37265625 0.4521484375 0.0203125 0.064453125
0 0.03828125 0.529296875 0.0765625 0.28125
0 0.703125 0.4111328125 0.037500000000000006 0.052734375
0 0.6140625000000001 0.48828125 0.037500000000000006 0.14453125
0 0.48203125 0.4375 0.026562500000000003 0.0703125
2 0.3484375 0.44921875 0.03125 0.03125
2 0.26640625 0.4716796875 0.1484375 0.177734375
