0 0.6375000000000001 0.48046875 0.05 0.16015625
0 0.58515625 0.4638671875 0.029687500000000002 0.107421875
0 0.540625 0.4609375 0.0125 0.05078125
0 0.52890625 0.4619140625 0.0171875 0.048828125
0 0.509375 0.45703125 0.015625 0.05078125
0 0.5 0.4521484375 0.015625 0.029296875
2 0.035937500000000004 0.4921875 0.07187500000000001 0.21484375
2 0.08828125 0.4853515625 0.11406250000000001 0.166015625
2 0.12109375 0.4697265625 0.1859375 0.158203125
2 0.22812500000000002 0.4833984375 0.053125000000000006 0.103515625
2 0.37031250000000004 0.5615234375 0.321875 0.322265625
15 0.88984375 0.587890625 0.11093750000000001 0.22265625
