9 0.46406250000000004 0.421875 0.021875000000000002 0.015625
9 0.46328125000000003 0.4375 0.010937500000000001 0.01171875
9 0.4859375 0.4423828125 0.00625 0.009765625
9 0.4859375 0.4541015625 0.009375000000000001 0.009765625
9 0.31093750000000003 0.4453125 0.00625 0.015625
2 0.7718750000000001 0.5 0.26875 0.23046875
2 0.5906250000000001 0.4833984375 0.07500000000000001 0.068359375
2 0.2234375 0.486328125 0.065625 0.0703125
2 0.14921875 0.494140625 0.1234375 0.08984375
2 0.034375 0.4638671875 0.06875 0.083984375
2 0.06796875000000001 0.470703125 0.0765625 0.05859375
