9 0.48515625 0.42578125 0.0171875 0.0234375
9 0.28671875 0.44921875 0.0078125 0.015625
9 0.33671875 0.443359375 0.0078125 0.0078125
0 0.34687500000000004 0.4921875 0.0125 0.0390625
0 0.39765625000000004 0.4892578125 0.0140625 0.037109375
0 0.4078125 0.4931640625 0.009375000000000001 0.037109375
2 0.4578125 0.4970703125 0.034375 0.021484375
2 0.434375 0.494140625 0.03125 0.0234375
2 0.41875 0.4931640625 0.025 0.021484375
2 0.5320312500000001 0.4970703125 0.0328125 0.025390625
2 0.54921875 0.4951171875 0.0234375 0.025390625
2 0.6023437500000001 0.4990234375 0.060937500000000006 0.056640625
2 0.6664062500000001 0.494140625 0.07968750000000001 0.11328125
2 0.7312500000000001 0.501953125 0.1375 0.1328125
2 0.8382812500000001 0.5078125 0.1421875 0.1640625
2 0.925 0.5205078125 0.146875 0.212890625
2 0.37812500000000004 0.4921875 0.03125 0.02734375
2 0.35078125000000004 0.4921875 0.0421875 0.03125
2 0.31796875 0.494140625 0.0390625 0.02734375
1 0.3984375 0.505859375 0.0125 0.02734375
9 0.48203125 0.498046875 0.004687500000000001 0.01171875
0 0.5734375 0.4921875 0.009375000000000001 0.01953125
