9 0.81171875 0.3701171875 0.010937500000000001 0.017578125
9 0.49531250000000004 0.37890625 0.009375000000000001 0.01953125
0 0.21406250000000002 0.4462890625 0.040625 0.123046875
1 0.53046875 0.443359375 0.026562500000000003 0.0390625
1 0.48203125 0.4501953125 0.0234375 0.033203125
1 0.4578125 0.447265625 0.021875000000000002 0.03515625
1 0.41015625 0.451171875 0.0328125 0.04296875
1 0.3640625 0.4560546875 0.028125 0.044921875
1 0.26328125 0.4599609375 0.0546875 0.068359375
1 0.15234375 0.4765625 0.0421875 0.0625
1 0.1875 0.470703125 0.053125000000000006 0.0703125
1 0.1171875 0.4814453125 0.03125 0.056640625
1 0.08281250000000001 0.482421875 0.043750000000000004 0.07421875
1 0.02890625 0.482421875 0.0578125 0.08203125
2 0.06406250000000001 0.4169921875 0.12812500000000002 0.083984375
2 0.496875 0.4267578125 0.025 0.029296875
2 0.7828125 0.4267578125 0.06875 0.076171875
2 0.8929687500000001 0.4365234375 0.2015625 0.103515625
0 0.53046875 0.42578125 0.0203125 0.05859375
0 0.48125 0.4345703125 0.018750000000000003 0.044921875
0 0.45859375 0.4345703125 0.0203125 0.044921875
0 0.40859375000000003 0.4267578125 0.026562500000000003 0.076171875
0 0.36328125 0.4345703125 0.0234375 0.064453125
0 0.26015625000000003 0.4384765625 0.0421875 0.103515625
0 0.18984375 0.4375 0.0234375 0.08984375
0 0.15234375 0.4541015625 0.035937500000000004 0.083984375
0 0.12109375 0.4599609375 0.026562500000000003 0.091796875
0 0.0859375 0.4580078125 0.046875 0.115234375
0 0.021875000000000002 0.4521484375 0.043750000000000004 0.138671875
2 0.60703125 0.4267578125 0.0421875 0.025390625
2 0.53671875 0.419921875 0.0734375 0.0390625
