9 0.8390625 0.4775390625 0.08125 0.138671875
9 0.76484375 0.478515625 0.0671875 0.12890625
9 0.62265625 0.494140625 0.029687500000000002 0.0625
9 0.5953125 0.4921875 0.025 0.0625
6 0.3875 0.4765625 0.07187500000000001 0.09765625
6 0.13593750000000002 0.4599609375 0.11875000000000001 0.095703125
6 0.29296875 0.48046875 0.0171875 0.03125
6 0.31484375000000003 0.4794921875 0.0328125 0.041015625
6 0.215625 0.4765625 0.028125 0.05078125
2 0.11640625 0.6259765625 0.2328125 0.251953125
2 0.4390625 0.556640625 0.109375 0.11328125
2 0.0234375 0.4921875 0.046875 0.04296875
2 0.2 0.509765625 0.059375000000000004 0.0625
2 0.25078125 0.4990234375 0.026562500000000003 0.029296875
2 0.31875000000000003 0.4990234375 0.034375 0.037109375
