7 0.19921875 0.4267578125 0.0078125 0.013671875
0 0.56953125 0.47265625 0.0140625 0.05859375
0 0.671875 0.4931640625 0.021875000000000002 0.095703125
0 0.5015625 0.470703125 0.0125 0.04296875
0 0.20234375000000002 0.478515625 0.0140625 0.046875
1 0.9343750000000001 0.5830078125 0.12812500000000002 0.212890625
1 0.7296875 0.6201171875 0.09062500000000001 0.205078125
1 0.53671875 0.548828125 0.045312500000000006 0.1171875
1 0.45625000000000004 0.5498046875 0.037500000000000006 0.111328125
1 0.40468750000000003 0.607421875 0.078125 0.19140625
1 0.11640625 0.505859375 0.026562500000000003 0.05859375
1 0.17109375000000002 0.4990234375 0.0171875 0.052734375
1 0.5867187500000001 0.5029296875 0.029687500000000002 0.064453125
2 0.28984375 0.484375 0.0484375 0.05078125
2 0.340625 0.478515625 0.034375 0.02734375
2 0.24375000000000002 0.4775390625 0.040625 0.037109375
0 0.53671875 0.4873046875 0.051562500000000004 0.193359375
0 0.7296875 0.5283203125 0.09062500000000001 0.333984375
0 0.45937500000000003 0.498046875 0.043750000000000004 0.17578125
0 0.40703125 0.5244140625 0.0703125 0.294921875
