9 0.39765625000000004 0.48046875 0.0171875 0.01953125
9 0.78671875 0.451171875 0.026562500000000003 0.03125
3 0.5710937500000001 0.49609375 0.010937500000000001 0.0234375
3 0.6882812500000001 0.51171875 0.029687500000000002 0.05078125
2 0.603125 0.4853515625 0.018750000000000003 0.017578125
2 0.58828125 0.48046875 0.010937500000000001 0.01171875
2 0.56875 0.4853515625 0.015625 0.017578125
2 0.5578125 0.4794921875 0.009375000000000001 0.009765625
2 0.55 0.486328125 0.0125 0.015625
2 0.5375 0.4892578125 0.018750000000000003 0.017578125
2 0.4546875 0.49609375 0.040625 0.0390625
2 0.44062500000000004 0.53125 0.08125 0.0703125
2 0.2421875 0.515625 0.05 0.0390625
2 0.059375000000000004 0.5439453125 0.096875 0.048828125
2 0.39609375 0.498046875 0.0234375 0.01953125
2 0.41484375 0.494140625 0.0171875 0.015625
2 0.42812500000000003 0.4931640625 0.0125 0.009765625
0 0.5710937500000001 0.4892578125 0.010937500000000001 0.029296875
0 0.6875 0.498046875 0.025 0.0625
