7 0.11484375000000001 0.3603515625 0.0140625 0.048828125
7 0.72421875 0.38671875 0.010937500000000001 0.0390625
7 0.39296875000000003 0.44140625 0.0078125 0.0234375
0 0.16562500000000002 0.5205078125 0.025 0.099609375
0 0.9765625 0.5419921875 0.037500000000000006 0.126953125
0 0.9296875 0.53125 0.037500000000000006 0.078125
0 0.878125 0.5380859375 0.040625 0.126953125
0 0.35390625000000003 0.4814453125 0.0078125 0.021484375
0 0.3359375 0.478515625 0.009375000000000001 0.015625
0 0.36328125 0.48046875 0.0078125 0.015625
1 0.66328125 0.5654296875 0.035937500000000004 0.072265625
2 0.07187500000000001 0.6083984375 0.14375000000000002 0.263671875
2 0.33203125 0.509765625 0.060937500000000006 0.05078125
2 0.53046875 0.5 0.026562500000000003 0.03515625
2 0.5171875 0.513671875 0.040625 0.0546875
2 0.47578125000000004 0.5517578125 0.1203125 0.126953125
0 0.66328125 0.5361328125 0.035937500000000004 0.095703125
