9 0.45859375 0.416015625 0.0203125 0.02734375
0 0.78515625 0.513671875 0.0421875 0.09765625
0 0.48515625 0.4580078125 0.0203125 0.041015625
1 0.5265625 0.55859375 0.059375000000000004 0.09375
1 0.66953125 0.4921875 0.035937500000000004 0.046875
1 0.24765625000000002 0.46484375 0.0234375 0.02734375
2 0.8640625000000001 0.6201171875 0.26875 0.208984375
2 0.7171875000000001 0.4658203125 0.06875 0.037109375
2 0.7585937500000001 0.4638671875 0.0390625 0.037109375
2 0.0421875 0.462890625 0.0625 0.0390625
2 0.010937500000000001 0.45703125 0.021875000000000002 0.02734375
0 0.5281250000000001 0.5205078125 0.059375000000000004 0.130859375
8 0.5710937500000001 0.544921875 0.026562500000000003 0.05859375
9 0.45234375000000004 0.390625 0.0171875 0.0078125
9 0.45937500000000003 0.3984375 0.015625 0.0078125
