4 0.66171875 0.439453125 0.0171875 0.01953125
0 0.02421875 0.533203125 0.026562500000000003 0.0390625
0 0.055468750000000004 0.5234375 0.029687500000000002 0.04296875
0 0.41875 0.521484375 0.021875000000000002 0.0859375
0 0.3953125 0.52734375 0.025 0.0859375
0 0.34140625 0.5107421875 0.0171875 0.060546875
0 0.3875 0.4765625 0.009375000000000001 0.015625
0 0.3984375 0.4755859375 0.009375000000000001 0.013671875
0 0.41953125 0.470703125 0.0140625 0.01953125
0 0.3765625 0.5 0.009375000000000001 0.03515625
0 0.9015625 0.44140625 0.0125 0.03515625
6 0.534375 0.4765625 0.11875000000000001 0.1484375
2 0.09140625000000001 0.658203125 0.18281250000000002 0.234375
2 0.22890625 0.6005859375 0.1546875 0.146484375
2 0.6578125 0.591796875 0.21250000000000002 0.20703125
2 0.66953125 0.46875 0.051562500000000004 0.04296875
2 0.75 0.48828125 0.040625 0.0390625
2 0.728125 0.4736328125 0.040625 0.037109375
2 0.6125 0.4658203125 0.021875000000000002 0.021484375
