7 0.7976562500000001 0.22265625 0.026562500000000003 0.09375
9 0.7921875 0.3359375 0.05625 0.078125
9 0.78828125 0.4326171875 0.0234375 0.037109375
0 0.971875 0.4345703125 0.037500000000000006 0.056640625
0 0.9109375000000001 0.4462890625 0.028125 0.068359375
0 0.87109375 0.455078125 0.0234375 0.0859375
0 0.8328125000000001 0.46875 0.018750000000000003 0.10546875
0 0.6531250000000001 0.447265625 0.015625 0.04296875
2 0.20390625 0.49609375 0.1765625 0.15625
2 0.29375 0.4619140625 0.037500000000000006 0.052734375
2 0.40390625 0.451171875 0.0171875 0.01953125
2 0.375 0.451171875 0.0125 0.015625
2 0.3875 0.45703125 0.021875000000000002 0.0234375
2 0.4296875 0.451171875 0.009375000000000001 0.01171875
2 0.4375 0.4521484375 0.00625 0.009765625
2 0.45156250000000003 0.4541015625 0.015625 0.017578125
2 0.48984375 0.4560546875 0.029687500000000002 0.029296875
2 0.5789062500000001 0.486328125 0.09531250000000001 0.08203125
