0 0.17578125 0.4912109375 0.0203125 0.068359375
0 0.096875 0.49609375 0.021875000000000002 0.0625
0 0.05859375 0.494140625 0.0171875 0.0703125
0 0.025 0.49609375 0.025 0.07421875
2 0.27890625 0.4892578125 0.0765625 0.080078125
2 0.3296875 0.4921875 0.037500000000000006 0.046875
2 0.35859375000000004 0.4970703125 0.026562500000000003 0.037109375
2 0.371875 0.494140625 0.028125 0.0390625
2 0.39296875000000003 0.498046875 0.0203125 0.03125
2 0.44375000000000003 0.49609375 0.028125 0.03125
2 0.48046875 0.5009765625 0.0203125 0.017578125
2 0.53359375 0.48828125 0.0484375 0.046875
2 0.6179687500000001 0.4921875 0.1484375 0.1328125
2 0.7390625000000001 0.4638671875 0.0625 0.037109375
