7 0.5296875 0.4365234375 0.003125 0.013671875
7 0.5203125000000001 0.4287109375 0.00625 0.017578125
7 0.5234375 0.4453125 0.00625 0.0078125
7 0.5320312500000001 0.4521484375 0.004687500000000001 0.005859375
7 0.50625 0.4521484375 0.003125 0.005859375
7 0.41718750000000004 0.3974609375 0.00625 0.017578125
7 0.36796875 0.396484375 0.0078125 0.015625
7 0.50703125 0.4365234375 0.004687500000000001 0.017578125
9 0.640625 0.4248046875 0.015625 0.017578125
9 0.5625 0.4052734375 0.0125 0.017578125
9 0.5625 0.4169921875 0.009375000000000001 0.005859375
9 0.4609375 0.4189453125 0.025 0.005859375
9 0.02890625 0.443359375 0.0203125 0.03515625
9 0.02890625 0.4736328125 0.0140625 0.009765625
0 0.8367187500000001 0.466796875 0.026562500000000003 0.06640625
0 0.7367187500000001 0.4443359375 0.0171875 0.041015625
0 0.65390625 0.46484375 0.0140625 0.05078125
0 0.6921875000000001 0.4501953125 0.015625 0.029296875
1 0.8390625 0.486328125 0.034375 0.046875
2 0.44609375 0.4775390625 0.0734375 0.080078125
2 0.27734375 0.4697265625 0.051562500000000004 0.044921875
2 0.35546875 0.4736328125 0.045312500000000006 0.041015625
2 0.3984375 0.4736328125 0.025 0.021484375
