0 0.9539062500000001 0.51171875 0.0546875 0.1875
0 0.37031250000000004 0.47265625 0.018750000000000003 0.05859375
0 0.40546875000000004 0.4638671875 0.0078125 0.029296875
0 0.38828125 0.4580078125 0.0078125 0.021484375
2 0.93515625 0.5185546875 0.1265625 0.087890625
2 0.8765625 0.505859375 0.10312500000000001 0.06640625
2 0.8250000000000001 0.4970703125 0.115625 0.056640625
2 0.70859375 0.490234375 0.1234375 0.05859375
2 0.75390625 0.478515625 0.051562500000000004 0.03125
2 0.8125 0.4736328125 0.0625 0.025390625
2 0.6515625 0.4677734375 0.15000000000000002 0.060546875
2 0.5476562500000001 0.474609375 0.06406250000000001 0.03515625
2 0.55390625 0.462890625 0.07968750000000001 0.03125
2 0.340625 0.4599609375 0.034375 0.033203125
2 0.29140625000000003 0.4609375 0.0203125 0.01953125
2 0.19296875000000002 0.4599609375 0.035937500000000004 0.033203125
2 0.23359375000000002 0.4580078125 0.0171875 0.021484375
2 0.16640625 0.4599609375 0.0234375 0.033203125
2 0.1234375 0.4658203125 0.053125000000000006 0.041015625
2 0.06484375 0.4658203125 0.051562500000000004 0.044921875
2 0.02890625 0.48046875 0.0578125 0.08984375
