0 0.6359375 0.4912109375 0.009375000000000001 0.009765625
0 0.7640625000000001 0.513671875 0.015625 0.07421875
0 0.79296875 0.5185546875 0.035937500000000004 0.111328125
2 0.41640625000000003 0.5283203125 0.15781250000000002 0.134765625
2 0.503125 0.52734375 0.053125000000000006 0.08203125
2 0.5398437500000001 0.5244140625 0.0546875 0.072265625
2 0.54921875 0.498046875 0.0390625 0.0390625
2 0.5906250000000001 0.517578125 0.053125000000000006 0.0546875
2 0.6195312500000001 0.5146484375 0.0234375 0.044921875
2 0.6421875 0.51171875 0.03125 0.03515625
2 0.66015625 0.509765625 0.0171875 0.03125
2 0.6664062500000001 0.5087890625 0.0171875 0.029296875
2 0.675 0.5068359375 0.015625 0.029296875
2 0.6882812500000001 0.50390625 0.0171875 0.0234375
2 0.6960937500000001 0.5 0.0171875 0.0234375
2 0.7078125000000001 0.5 0.009375000000000001 0.01171875
2 0.71015625 0.494140625 0.0140625 0.01171875
2 0.8765625 0.55078125 0.1 0.109375
2 0.85859375 0.5302734375 0.0859375 0.099609375
2 0.8171875000000001 0.529296875 0.021875000000000002 0.08203125
2 0.7250000000000001 0.4931640625 0.009375000000000001 0.009765625
2 0.71796875 0.4931640625 0.004687500000000001 0.009765625
0 0.7546875000000001 0.517578125 0.015625 0.078125
15 0.7625000000000001 0.5517578125 0.009375000000000001 0.005859375
15 0.75390625 0.55859375 0.010937500000000001 0.0078125
15 0.7890625 0.5791015625 0.015625 0.009765625
