9 0.73828125 0.421875 0.0140625 0.02734375
1 0.7156250000000001 0.5302734375 0.043750000000000004 0.076171875
1 0.6882812500000001 0.5224609375 0.0140625 0.056640625
1 0.6726562500000001 0.51171875 0.0140625 0.0390625
1 0.6492187500000001 0.5068359375 0.0078125 0.033203125
1 0.640625 0.505859375 0.009375000000000001 0.04296875
1 0.625 0.5029296875 0.009375000000000001 0.029296875
1 0.61484375 0.5029296875 0.0078125 0.025390625
1 0.60703125 0.5009765625 0.0078125 0.025390625
2 0.9460937500000001 0.5400390625 0.1046875 0.166015625
2 0.8640625000000001 0.525390625 0.18125000000000002 0.13671875
2 0.43046875 0.484375 0.051562500000000004 0.046875
2 0.35859375000000004 0.4892578125 0.06406250000000001 0.064453125
2 0.278125 0.5087890625 0.10625000000000001 0.083984375
2 0.54296875 0.4912109375 0.0140625 0.013671875
0 0.7171875000000001 0.4931640625 0.046875 0.130859375
0 0.6875 0.494140625 0.025 0.08984375
0 0.671875 0.484375 0.015625 0.0390625
0 0.6515625 0.490234375 0.0125 0.0546875
0 0.63828125 0.4765625 0.0203125 0.0546875
0 0.625 0.4892578125 0.0125 0.048828125
0 0.61484375 0.486328125 0.010937500000000001 0.03515625
0 0.60546875 0.48046875 0.010937500000000001 0.02734375
