7 0.3640625 0.380859375 0.015625 0.0390625
7 0.23203125000000002 0.48046875 0.0078125 0.0234375
7 0.3046875 0.5107421875 0.00625 0.013671875
7 0.30703125000000003 0.4833984375 0.0078125 0.025390625
7 0.38046875 0.4296875 0.0078125 0.0234375
7 0.4375 0.427734375 0.009375000000000001 0.02734375
7 0.54140625 0.4306640625 0.0078125 0.025390625
7 0.64765625 0.4921875 0.0078125 0.0234375
7 0.6468750000000001 0.5185546875 0.00625 0.009765625
9 0.34453125 0.375 0.0171875 0.01953125
9 0.371875 0.4296875 0.00625 0.015625
9 0.59140625 0.4482421875 0.0234375 0.013671875
9 0.22187500000000002 0.5048828125 0.015625 0.021484375
0 0.15390625000000002 0.5439453125 0.0171875 0.056640625
0 0.17500000000000002 0.5439453125 0.015625 0.060546875
0 0.27109375 0.5517578125 0.0171875 0.048828125
0 0.25625000000000003 0.55078125 0.021875000000000002 0.0546875
0 0.325 0.552734375 0.018750000000000003 0.05859375
0 0.39375000000000004 0.5478515625 0.009375000000000001 0.041015625
0 0.403125 0.5458984375 0.009375000000000001 0.044921875
0 0.41328125000000004 0.537109375 0.004687500000000001 0.01171875
0 0.5789062500000001 0.5400390625 0.004687500000000001 0.017578125
0 0.584375 0.5390625 0.003125 0.015625
0 0.5710937500000001 0.5400390625 0.0078125 0.013671875
2 0.44375000000000003 0.5400390625 0.021875000000000002 0.021484375
2 0.5437500000000001 0.5732421875 0.084375 0.080078125
