9 0.41718750000000004 0.4072265625 0.00625 0.009765625
0 0.5164062500000001 0.45703125 0.0171875 0.046875
1 0.26640625 0.5595703125 0.0484375 0.103515625
1 0.434375 0.462890625 0.015625 0.03125
1 0.8328125000000001 0.466796875 0.05 0.03515625
1 0.81640625 0.46484375 0.035937500000000004 0.03125
2 0.10390625 0.5625 0.2078125 0.22265625
2 0.253125 0.5107421875 0.10625000000000001 0.087890625
2 0.03359375 0.44140625 0.0671875 0.046875
2 0.13593750000000002 0.4541015625 0.1 0.037109375
2 0.20078125000000002 0.455078125 0.051562500000000004 0.03515625
2 0.33515625000000004 0.4794921875 0.06406250000000001 0.064453125
2 0.36796875 0.462890625 0.0421875 0.046875
2 0.38359375 0.4580078125 0.026562500000000003 0.037109375
2 0.38828125 0.4501953125 0.035937500000000004 0.044921875
2 0.41015625 0.44921875 0.010937500000000001 0.03515625
2 0.41640625000000003 0.4453125 0.0140625 0.03125
2 0.42578125 0.443359375 0.010937500000000001 0.02734375
2 0.44375000000000003 0.4345703125 0.0125 0.021484375
2 0.4546875 0.43359375 0.0125 0.01953125
2 0.46406250000000004 0.431640625 0.009375000000000001 0.015625
2 0.49531250000000004 0.4404296875 0.018750000000000003 0.025390625
2 0.525 0.4375 0.03125 0.01953125
2 0.5453125 0.455078125 0.040625 0.0390625
2 0.55390625 0.46484375 0.0203125 0.0546875
2 0.55703125 0.470703125 0.0171875 0.0703125
2 0.59296875 0.4677734375 0.0703125 0.083984375
2 0.65234375 0.4990234375 0.11406250000000001 0.107421875
2 0.6703125000000001 0.537109375 0.125 0.12109375
2 0.76875 0.591796875 0.21250000000000002 0.18359375
0 0.26484375 0.5166015625 0.045312500000000006 0.126953125
0 0.434375 0.4462890625 0.0125 0.048828125
0 0.48203125 0.4453125 0.0140625 0.05078125
15 0.48281250000000003 0.4736328125 0.00625 0.005859375
