9 0.48828125 0.47265625 0.010937500000000001 0.015625
9 0.44062500000000004 0.46484375 0.03125 0.0078125
0 0.49296875 0.515625 0.004687500000000001 0.01171875
0 0.49921875000000004 0.5146484375 0.0078125 0.013671875
0 0.5078125 0.515625 0.00625 0.01171875
0 0.4921875 0.556640625 0.009375000000000001 0.03515625
1 0.78046875 0.5947265625 0.0578125 0.103515625
2 0.3765625 0.5166015625 0.015625 0.017578125
2 0.36015625 0.5224609375 0.0203125 0.021484375
2 0.39765625000000004 0.5283203125 0.0203125 0.025390625
2 0.37890625 0.5546875 0.0234375 0.04296875
2 0.3046875 0.5302734375 0.018750000000000003 0.017578125
2 0.30078125 0.5458984375 0.0234375 0.029296875
2 0.26015625000000003 0.53125 0.0234375 0.01953125
2 0.2609375 0.560546875 0.043750000000000004 0.0390625
2 0.34375 0.5556640625 0.065625 0.072265625
2 0.4390625 0.5634765625 0.096875 0.095703125
0 0.7820312500000001 0.544921875 0.06406250000000001 0.140625
