7 0.7171875000000001 0.2900390625 0.034375 0.091796875
9 0.70625 0.3720703125 0.034375 0.068359375
9 0.21406250000000002 0.41796875 0.018750000000000003 0.02734375
0 0.915625 0.4697265625 0.034375 0.142578125
0 0.8890625000000001 0.4765625 0.034375 0.1328125
2 0.44609375 0.4912109375 0.08281250000000001 0.095703125
2 0.37734375000000003 0.4921875 0.0203125 0.05078125
2 0.34609375000000003 0.4912109375 0.0578125 0.068359375
2 0.0703125 0.591796875 0.140625 0.27734375
8 0.67890625 0.5185546875 0.0234375 0.072265625
0 0.10312500000000001 0.4921875 0.021875000000000002 0.0625
0 0.12734375 0.4775390625 0.0171875 0.029296875
9 0.07109375 0.4287109375 0.0140625 0.013671875
9 0.07187500000000001 0.466796875 0.0125 0.02734375
