9 0.6273437500000001 0.408203125 0.0171875 0.01953125
0 0.50390625 0.470703125 0.0140625 0.03125
0 0.48515625 0.470703125 0.010937500000000001 0.03515625
0 0.4921875 0.4697265625 0.009375000000000001 0.037109375
0 0.4140625 0.4580078125 0.009375000000000001 0.029296875
0 0.43203125000000003 0.4599609375 0.010937500000000001 0.033203125
0 0.43828125 0.4609375 0.0078125 0.03125
0 0.44453125000000004 0.455078125 0.0078125 0.02734375
0 0.42109375000000004 0.458984375 0.0078125 0.02734375
2 0.15000000000000002 0.521484375 0.18125000000000002 0.1328125
2 0.30781250000000004 0.48828125 0.14375000000000002 0.11328125
2 0.38671875 0.4794921875 0.0203125 0.056640625
2 0.39609375 0.4697265625 0.0234375 0.041015625
2 0.4703125 0.462890625 0.025 0.02734375
2 0.45390625 0.458984375 0.0171875 0.0234375
2 0.6109375 0.4765625 0.059375000000000004 0.05859375
2 0.61328125 0.486328125 0.0546875 0.05859375
2 0.62109375 0.498046875 0.0578125 0.06640625
2 0.68125 0.525390625 0.12812500000000002 0.1171875
2 0.81953125 0.5908203125 0.2484375 0.224609375
2 0.9437500000000001 0.4970703125 0.109375 0.076171875
2 0.8617187500000001 0.4794921875 0.0859375 0.044921875
2 0.70859375 0.458984375 0.0484375 0.0390625
2 0.5671875000000001 0.46875 0.040625 0.03125
