0 0.7937500000000001 0.568359375 0.043750000000000004 0.14453125
0 0.1171875 0.501953125 0.028125 0.078125
0 0.0921875 0.4970703125 0.025 0.080078125
0 0.06875 0.498046875 0.021875000000000002 0.08203125
2 0.940625 0.685546875 0.115625 0.3515625
2 0.90390625 0.572265625 0.18906250000000002 0.23828125
2 0.7890625 0.546875 0.10312500000000001 0.12109375
2 0.7328125000000001 0.537109375 0.059375000000000004 0.08984375
2 0.49375 0.5146484375 0.05 0.041015625
2 0.53359375 0.4951171875 0.0140625 0.013671875
2 0.5625 0.49609375 0.018750000000000003 0.01953125
