9 0.66171875 0.4794921875 0.010937500000000001 0.013671875
9 0.6234375000000001 0.4599609375 0.009375000000000001 0.009765625
9 0.51953125 0.47265625 0.0203125 0.01171875
9 0.5859375 0.4892578125 0.009375000000000001 0.009765625
9 0.54921875 0.4677734375 0.004687500000000001 0.005859375
9 0.6125 0.4619140625 0.00625 0.005859375
0 0.496875 0.50390625 0.00625 0.01171875
2 0.57421875 0.55078125 0.1015625 0.09765625
2 0.6234375000000001 0.4970703125 0.025 0.017578125
2 0.57421875 0.4970703125 0.0234375 0.013671875
2 0.5546875 0.49609375 0.018750000000000003 0.01171875
