9 0.19921875 0.4189453125 0.1046875 0.138671875
0 0.54296875 0.4833984375 0.029687500000000002 0.095703125
2 0.09296875 0.529296875 0.1859375 0.22265625
2 0.2546875 0.48828125 0.109375 0.109375
2 0.321875 0.484375 0.046875 0.0859375
6 0.35625 0.46484375 0.06875 0.09375
2 0.39765625000000004 0.4775390625 0.0171875 0.041015625
2 0.41640625000000003 0.47265625 0.0203125 0.03515625
2 0.47578125000000004 0.48046875 0.045312500000000006 0.046875
2 0.54140625 0.4765625 0.0671875 0.09765625
2 0.6156250000000001 0.509765625 0.115625 0.11328125
2 0.71015625 0.513671875 0.09843750000000001 0.09765625
2 0.8445312500000001 0.5390625 0.2390625 0.19140625
9 0.8835937500000001 0.615234375 0.060937500000000006 0.21875
