7 0.7914062500000001 0.3447265625 0.0140625 0.056640625
7 0.8406250000000001 0.33984375 0.015625 0.0546875
7 0.80078125 0.4150390625 0.010937500000000001 0.021484375
7 0.6742187500000001 0.3642578125 0.0171875 0.056640625
7 0.6781250000000001 0.4208984375 0.015625 0.021484375
7 0.40390625 0.2548828125 0.0203125 0.060546875
7 0.17343750000000002 0.2431640625 0.021875000000000002 0.060546875
9 0.51953125 0.310546875 0.0671875 0.01953125
9 0.20468750000000002 0.236328125 0.028125 0.0390625
9 0.6046875 0.427734375 0.025 0.0390625
0 0.9187500000000001 0.5009765625 0.040625 0.134765625
2 0.4609375 0.5009765625 0.10312500000000001 0.115234375
2 0.39765625000000004 0.4912109375 0.026562500000000003 0.033203125
2 0.057031250000000006 0.4990234375 0.11406250000000001 0.091796875
2 0.2859375 0.49609375 0.034375 0.02734375
