7 0.596875 0.357421875 0.0125 0.0390625
7 0.60546875 0.3994140625 0.0171875 0.017578125
7 0.13359375 0.345703125 0.0140625 0.0390625
7 0.12734375 0.3994140625 0.0171875 0.017578125
9 0.56171875 0.40234375 0.0140625 0.0234375
0 0.06484375 0.46875 0.0203125 0.05859375
1 0.9390625 0.5341796875 0.11875000000000001 0.166015625
1 0.6257812500000001 0.5322265625 0.0578125 0.138671875
1 0.5703125 0.5078125 0.03125 0.07421875
2 0.5515625000000001 0.4716796875 0.05 0.064453125
2 0.44765625000000003 0.46875 0.051562500000000004 0.0859375
2 0.41015625 0.490234375 0.11093750000000001 0.11328125
2 0.49375 0.466796875 0.028125 0.02734375
0 0.628125 0.4765625 0.0625 0.1875
0 0.5703125 0.4736328125 0.03125 0.107421875
