7 0.540625 0.4462890625 0.003125 0.005859375
0 0.6125 0.48828125 0.009375000000000001 0.04296875
1 0.5710937500000001 0.5087890625 0.010937500000000001 0.041015625
2 0.59375 0.4775390625 0.028125 0.029296875
2 0.13046875 0.548828125 0.2609375 0.19140625
2 0.21171875 0.470703125 0.07968750000000001 0.0625
2 0.2703125 0.4853515625 0.059375000000000004 0.052734375
2 0.2984375 0.48046875 0.046875 0.0546875
2 0.32890625 0.4814453125 0.029687500000000002 0.041015625
2 0.34609375000000003 0.478515625 0.029687500000000002 0.04296875
2 0.41250000000000003 0.474609375 0.025 0.0234375
2 0.4578125 0.47265625 0.03125 0.02734375
2 0.43515625 0.47265625 0.0171875 0.0234375
2 0.48046875 0.4755859375 0.0140625 0.017578125
2 0.4921875 0.4765625 0.009375000000000001 0.0078125
0 0.56953125 0.490234375 0.0203125 0.06640625
0 0.22890625 0.4609375 0.0234375 0.04296875
