9 0.44062500000000004 0.4619140625 0.009375000000000001 0.013671875
9 0.5359375000000001 0.484375 0.00625 0.0078125
9 0.53671875 0.4921875 0.004687500000000001 0.0078125
0 0.009375000000000001 0.50390625 0.018750000000000003 0.171875
0 0.0390625 0.49609375 0.040625 0.13671875
0 0.10625000000000001 0.5009765625 0.053125000000000006 0.130859375
0 0.45937500000000003 0.4951171875 0.00625 0.021484375
0 0.465625 0.494140625 0.00625 0.015625
0 0.4703125 0.494140625 0.00625 0.015625
0 0.47421875 0.494140625 0.004687500000000001 0.015625
2 0.20468750000000002 0.5078125 0.171875 0.078125
2 0.3171875 0.4873046875 0.0625 0.033203125
2 0.38359375 0.494140625 0.0765625 0.03515625
2 0.41484375 0.4951171875 0.0328125 0.029296875
2 0.509375 0.50390625 0.025 0.0234375
2 0.484375 0.49609375 0.018750000000000003 0.0234375
