7 0.60078125 0.4658203125 0.004687500000000001 0.013671875
9 0.79296875 0.25390625 0.15156250000000002 0.08203125
9 0.91796875 0.396484375 0.0390625 0.0546875
2 0.13359375 0.5068359375 0.0578125 0.083984375
2 0.23671875 0.5048828125 0.1640625 0.150390625
2 0.44296875 0.5185546875 0.23593750000000002 0.236328125
2 0.5609375 0.4853515625 0.037500000000000006 0.048828125
2 0.6265625 0.4833984375 0.034375 0.044921875
2 0.6359375 0.48828125 0.040625 0.03515625
2 0.68671875 0.4853515625 0.0734375 0.087890625
2 0.7703125000000001 0.5029296875 0.11875000000000001 0.123046875
2 0.884375 0.58984375 0.22812500000000002 0.33203125
