9 0.1703125 0.1875 0.109375 0.0546875
9 0.17500000000000002 0.1279296875 0.10312500000000001 0.064453125
0 0.7734375 0.4541015625 0.015625 0.041015625
3 0.38125000000000003 0.5185546875 0.09062500000000001 0.119140625
3 0.5015625 0.5224609375 0.07500000000000001 0.119140625
2 0.8640625000000001 0.5849609375 0.26875 0.435546875
2 0.66015625 0.4990234375 0.18281250000000002 0.154296875
2 0.571875 0.45703125 0.10312500000000001 0.12890625
2 0.4625 0.4296875 0.0625 0.078125
2 0.31328125 0.4072265625 0.0578125 0.052734375
2 0.3765625 0.4013671875 0.08750000000000001 0.072265625
0 0.5 0.4619140625 0.07187500000000001 0.169921875
0 0.38125000000000003 0.4775390625 0.09375 0.193359375
