7 0.40234375 0.3359375 0.010937500000000001 0.03515625
7 0.41796875 0.3369140625 0.010937500000000001 0.041015625
7 0.42890625000000004 0.3408203125 0.010937500000000001 0.037109375
7 0.66015625 0.3466796875 0.010937500000000001 0.037109375
9 0.1875 0.306640625 0.03125 0.046875
0 0.44296875 0.3935546875 0.0140625 0.037109375
0 0.45703125 0.3876953125 0.010937500000000001 0.037109375
0 0.3796875 0.3984375 0.0125 0.04296875
0 0.35078125000000004 0.392578125 0.0140625 0.04296875
0 0.32343750000000004 0.4091796875 0.018750000000000003 0.072265625
0 0.31015625 0.4091796875 0.0234375 0.072265625
0 0.25625000000000003 0.41015625 0.021875000000000002 0.0859375
6 0.8515625 0.37109375 0.29375 0.54296875
2 0.58359375 0.578125 0.3796875 0.3984375
