7 0.28203125 0.2822265625 0.026562500000000003 0.076171875
7 0.7328125000000001 0.310546875 0.025 0.09765625
7 0.7195312500000001 0.33203125 0.0171875 0.078125
7 0.7195312500000001 0.4248046875 0.010937500000000001 0.025390625
7 0.29765625 0.296875 0.0171875 0.05078125
2 0.184375 0.5859375 0.36875 0.36328125
2 0.50546875 0.4609375 0.0765625 0.0859375
2 0.6039062500000001 0.4560546875 0.1328125 0.162109375
2 0.8406250000000001 0.4560546875 0.096875 0.107421875
2 0.7828125 0.4501953125 0.018750000000000003 0.072265625
2 0.7679687500000001 0.44921875 0.0328125 0.05078125
2 0.7429687500000001 0.443359375 0.0171875 0.05078125
