4 0.6046875 0.55078125 0.018750000000000003 0.0234375
9 0.06484375 0.365234375 0.0390625 0.03515625
9 0.06875 0.291015625 0.05 0.109375
9 0.72265625 0.4921875 0.029687500000000002 0.01171875
9 0.8078125 0.4892578125 0.021875000000000002 0.025390625
9 0.81953125 0.458984375 0.0421875 0.01171875
9 0.8656250000000001 0.564453125 0.015625 0.03125
9 0.8546875 0.474609375 0.015625 0.03125
0 0.20234375000000002 0.57421875 0.0234375 0.07421875
0 0.3453125 0.560546875 0.015625 0.0546875
0 0.3609375 0.5654296875 0.015625 0.052734375
0 0.50390625 0.5517578125 0.004687500000000001 0.017578125
0 0.5109375 0.552734375 0.00625 0.01953125
0 0.5164062500000001 0.5517578125 0.004687500000000001 0.017578125
0 0.64453125 0.5595703125 0.0078125 0.021484375
0 0.6648437500000001 0.5595703125 0.0078125 0.025390625
0 0.775 0.5869140625 0.021875000000000002 0.064453125
0 0.8210937500000001 0.5947265625 0.026562500000000003 0.060546875
2 0.47265625 0.5869140625 0.06406250000000001 0.076171875
2 0.52578125 0.6298828125 0.1265625 0.126953125
2 0.5640625 0.548828125 0.009375000000000001 0.01171875
2 0.57265625 0.552734375 0.010937500000000001 0.01171875
2 0.58515625 0.5537109375 0.010937500000000001 0.013671875
2 0.6335937500000001 0.546875 0.0171875 0.0234375
