7 0.8984375 0.3447265625 0.015625 0.048828125
7 0.93359375 0.3896484375 0.0203125 0.025390625
7 0.6015625 0.3623046875 0.009375000000000001 0.033203125
7 0.10625000000000001 0.3740234375 0.015625 0.052734375
9 0.9359375000000001 0.34375 0.043750000000000004 0.01171875
9 0.5953125 0.408203125 0.021875000000000002 0.0390625
9 0.26953125 0.41015625 0.0140625 0.0234375
0 0.72421875 0.4599609375 0.0203125 0.052734375
0 0.6742187500000001 0.4658203125 0.0140625 0.056640625
0 0.030468750000000003 0.4765625 0.0234375 0.08203125
0 0.246875 0.4677734375 0.009375000000000001 0.033203125
0 0.25546875 0.466796875 0.0078125 0.03515625
0 0.96796875 0.45703125 0.0546875 0.1015625
0 0.28125 0.46875 0.009375000000000001 0.03125
2 0.43203125000000003 0.4765625 0.08281250000000001 0.08984375
2 0.33437500000000003 0.474609375 0.07500000000000001 0.07421875
2 0.8484375000000001 0.5458984375 0.27187500000000003 0.232421875
2 0.01640625 0.5791015625 0.0328125 0.248046875
0 0.010937500000000001 0.455078125 0.021875000000000002 0.04296875
0 0.6609375000000001 0.4609375 0.009375000000000001 0.01953125
