9 0.3796875 0.4169921875 0.00625 0.017578125
9 0.5875 0.373046875 0.0125 0.02734375
0 0.27968750000000003 0.47265625 0.018750000000000003 0.05859375
0 0.30312500000000003 0.4736328125 0.018750000000000003 0.060546875
0 0.4390625 0.48046875 0.034375 0.13671875
0 0.6125 0.5166015625 0.0625 0.255859375
1 0.24453125 0.490234375 0.0234375 0.0625
1 0.2234375 0.4951171875 0.028125 0.068359375
2 0.18046875 0.4677734375 0.026562500000000003 0.029296875
2 0.13046875 0.4775390625 0.08281250000000001 0.080078125
2 0.07578125000000001 0.46484375 0.15156250000000002 0.19921875
2 0.32656250000000003 0.46875 0.043750000000000004 0.046875
2 0.3671875 0.474609375 0.05625 0.0625
2 0.41484375 0.48046875 0.0890625 0.078125
2 0.51328125 0.484375 0.1421875 0.109375
2 0.55078125 0.490234375 0.0671875 0.1171875
2 0.659375 0.4892578125 0.19375 0.134765625
2 0.7039062500000001 0.5126953125 0.11406250000000001 0.134765625
2 0.74921875 0.5224609375 0.1421875 0.162109375
2 0.8921875 0.5146484375 0.21250000000000002 0.244140625
2 0.9554687500000001 0.5556640625 0.0859375 0.267578125
0 0.24765625000000002 0.46875 0.026562500000000003 0.08984375
0 0.225 0.4638671875 0.03125 0.095703125
