7 0.59765625 0.453125 0.004687500000000001 0.015625
7 0.40859375000000003 0.453125 0.004687500000000001 0.015625
0 0.041406250000000006 0.5185546875 0.0234375 0.095703125
0 0.014843750000000001 0.4970703125 0.029687500000000002 0.072265625
0 0.10234375000000001 0.48828125 0.026562500000000003 0.0390625
0 0.1546875 0.4873046875 0.018750000000000003 0.037109375
0 0.2109375 0.4921875 0.018750000000000003 0.03515625
0 0.33359375 0.4931640625 0.010937500000000001 0.021484375
0 0.4140625 0.4921875 0.00625 0.015625
0 0.43046875 0.4892578125 0.004687500000000001 0.013671875
0 0.5554687500000001 0.5029296875 0.0203125 0.048828125
0 0.5640625 0.5048828125 0.018750000000000003 0.048828125
0 0.6171875 0.51171875 0.015625 0.04296875
0 0.62109375 0.51171875 0.0140625 0.04296875
0 0.7679687500000001 0.490234375 0.0140625 0.02734375
0 0.78125 0.4892578125 0.018750000000000003 0.041015625
0 0.7976562500000001 0.5107421875 0.0171875 0.068359375
0 0.7429687500000001 0.48828125 0.0203125 0.03125
0 0.69140625 0.4912109375 0.010937500000000001 0.021484375
0 0.73203125 0.490234375 0.010937500000000001 0.03125
2 0.4421875 0.5009765625 0.028125 0.029296875
2 0.49453125000000003 0.5322265625 0.0765625 0.083984375
2 0.5203125000000001 0.517578125 0.037500000000000006 0.0625
2 0.5242187500000001 0.5078125 0.0390625 0.0546875
