7 0.5476562500000001 0.16796875 0.0203125 0.05859375
7 0.23359375000000002 0.3232421875 0.0171875 0.052734375
7 0.2328125 0.38671875 0.015625 0.0234375
7 0.74765625 0.3037109375 0.0171875 0.052734375
7 0.7421875 0.369140625 0.009375000000000001 0.01953125
0 0.21953125 0.4541015625 0.0140625 0.060546875
0 0.20625000000000002 0.466796875 0.021875000000000002 0.07421875
0 0.29296875 0.4609375 0.0140625 0.05078125
0 0.703125 0.462890625 0.015625 0.04296875
0 0.7742187500000001 0.4443359375 0.0140625 0.041015625
0 0.98046875 0.45703125 0.026562500000000003 0.08984375
1 0.9773437500000001 0.466796875 0.0421875 0.0703125
1 0.71484375 0.4716796875 0.0203125 0.048828125
1 0.6156250000000001 0.47265625 0.015625 0.0390625
1 0.6421875 0.470703125 0.018750000000000003 0.03515625
2 0.49140625000000004 0.4541015625 0.0390625 0.060546875
2 0.46171875 0.4638671875 0.060937500000000006 0.080078125
2 0.34375 0.46875 0.078125 0.0703125
2 0.43281250000000004 0.4755859375 0.08125 0.068359375
2 0.9632812500000001 0.7060546875 0.0703125 0.306640625
0 0.6156250000000001 0.455078125 0.015625 0.05078125
0 0.6429687500000001 0.4560546875 0.0171875 0.044921875
