7 0.31796875 0.44140625 0.0078125 0.01953125
7 0.56875 0.447265625 0.00625 0.01953125
9 0.56640625 0.4716796875 0.010937500000000001 0.021484375
9 0.31796875 0.4658203125 0.010937500000000001 0.017578125
7 0.25703125 0.4072265625 0.0171875 0.037109375
0 0.1625 0.5029296875 0.021875000000000002 0.064453125
0 0.296875 0.4853515625 0.00625 0.013671875
0 0.353125 0.48828125 0.003125 0.01171875
0 0.3609375 0.4892578125 0.003125 0.009765625
0 0.3671875 0.48828125 0.003125 0.01171875
0 0.3765625 0.4892578125 0.003125 0.009765625
0 0.98046875 0.52734375 0.035937500000000004 0.11328125
0 0.8679687500000001 0.501953125 0.0203125 0.03515625
0 0.78515625 0.49609375 0.0171875 0.0390625
0 0.7937500000000001 0.5166015625 0.0125 0.076171875
0 0.8234375 0.4970703125 0.009375000000000001 0.044921875
0 0.63828125 0.505859375 0.004687500000000001 0.01171875
0 0.6046875 0.4951171875 0.003125 0.013671875
2 0.48828125 0.501953125 0.0171875 0.0234375
2 0.5515625000000001 0.4970703125 0.021875000000000002 0.013671875
2 0.41953125 0.501953125 0.026562500000000003 0.02734375
