0 0.7210937500000001 0.49609375 0.0203125 0.08203125
1 0.36953125000000003 0.5966796875 0.1640625 0.275390625
2 0.846875 0.48046875 0.21875 0.19140625
2 0.90234375 0.4931640625 0.1921875 0.248046875
2 0.44921875 0.48828125 0.0734375 0.1015625
2 0.24453125 0.5 0.08281250000000001 0.1875
2 0.31328125 0.4755859375 0.2109375 0.197265625
2 0.07968750000000001 0.533203125 0.15937500000000002 0.29296875
2 0.12187500000000001 0.486328125 0.24375000000000002 0.28125
2 0.59765625 0.4990234375 0.2421875 0.310546875
0 0.38359375 0.51953125 0.1234375 0.3203125
