0 0.56484375 0.4404296875 0.004687500000000001 0.009765625
0 0.57265625 0.4404296875 0.0078125 0.009765625
0 0.5421875 0.42578125 0.003125 0.0078125
0 0.54609375 0.4287109375 0.004687500000000001 0.009765625
0 0.275 0.470703125 0.018750000000000003 0.046875
2 0.49765625 0.435546875 0.010937500000000001 0.01171875
2 0.48984375 0.43359375 0.0078125 0.01171875
2 0.48203125 0.43359375 0.0078125 0.015625
2 0.47421875 0.43359375 0.010937500000000001 0.015625
2 0.41875 0.443359375 0.034375 0.02734375
2 0.36250000000000004 0.458984375 0.025 0.03125
2 0.38515625000000003 0.4560546875 0.045312500000000006 0.048828125
2 0.33046875000000003 0.4609375 0.060937500000000006 0.03515625
2 0.290625 0.46484375 0.037500000000000006 0.03125
2 0.25234375000000003 0.4619140625 0.0765625 0.056640625
2 0.20078125000000002 0.484375 0.0921875 0.08203125
2 0.05625 0.509765625 0.1125 0.09375
2 0.06953125 0.677734375 0.1390625 0.265625
2 0.30781250000000004 0.5166015625 0.109375 0.087890625
2 0.5359375000000001 0.439453125 0.015625 0.01953125
2 0.54609375 0.447265625 0.0203125 0.02734375
2 0.55 0.4541015625 0.018750000000000003 0.025390625
2 0.5609375 0.4619140625 0.025 0.033203125
2 0.57421875 0.466796875 0.029687500000000002 0.0390625
2 0.58046875 0.4716796875 0.0234375 0.041015625
2 0.58984375 0.4765625 0.0328125 0.04296875
2 0.6109375 0.482421875 0.037500000000000006 0.05859375
2 0.6234375000000001 0.4912109375 0.040625 0.080078125
2 0.6421875 0.494140625 0.053125000000000006 0.0859375
2 0.69921875 0.5 0.1234375 0.12109375
2 0.7234375000000001 0.5419921875 0.12812500000000002 0.130859375
2 0.8187500000000001 0.599609375 0.21875 0.1796875
