0 0.5710937500000001 0.474609375 0.0171875 0.05859375
0 0.6101562500000001 0.484375 0.0234375 0.07421875
0 0.4421875 0.4697265625 0.009375000000000001 0.041015625
0 0.45078125 0.466796875 0.010937500000000001 0.046875
0 0.446875 0.47265625 0.009375000000000001 0.03515625
0 0.46171875 0.46875 0.010937500000000001 0.04296875
1 0.48671875000000003 0.470703125 0.0078125 0.01953125
2 0.032031250000000004 0.5390625 0.06406250000000001 0.2421875
2 0.08203125 0.4912109375 0.08281250000000001 0.087890625
2 0.22578125000000002 0.4853515625 0.029687500000000002 0.056640625
2 0.29453125 0.4951171875 0.11406250000000001 0.107421875
2 0.38906250000000003 0.4833984375 0.059375000000000004 0.056640625
2 0.44140625 0.470703125 0.0328125 0.03515625
2 0.47109375000000003 0.4560546875 0.0140625 0.013671875
2 0.94296875 0.6640625 0.11093750000000001 0.39453125
2 0.8539062500000001 0.6220703125 0.22968750000000002 0.255859375
2 0.7109375 0.5166015625 0.1375 0.130859375
2 0.6429687500000001 0.5107421875 0.0546875 0.087890625
2 0.640625 0.48828125 0.06875 0.08203125
2 0.60546875 0.4873046875 0.0328125 0.048828125
2 0.596875 0.478515625 0.028125 0.046875
2 0.5828125000000001 0.4755859375 0.015625 0.041015625
2 0.534375 0.458984375 0.018750000000000003 0.01953125
2 0.56171875 0.4609375 0.0140625 0.0234375
2 0.55625 0.4580078125 0.009375000000000001 0.017578125
2 0.55234375 0.45703125 0.0078125 0.015625
2 0.50625 0.4560546875 0.009375000000000001 0.009765625
2 0.5109375 0.455078125 0.00625 0.0078125
2 0.51484375 0.453125 0.004687500000000001 0.0078125
2 0.5171875 0.453125 0.003125 0.0078125
2 0.49921875000000004 0.4541015625 0.0078125 0.009765625
2 0.48046875 0.45703125 0.004687500000000001 0.015625
0 0.48750000000000004 0.4619140625 0.009375000000000001 0.029296875
