9 0.1046875 0.3408203125 0.037500000000000006 0.044921875
9 0.10546875 0.3720703125 0.0328125 0.017578125
9 0.71875 0.3662109375 0.021875000000000002 0.025390625
9 0.86875 0.306640625 0.028125 0.0234375
9 0.8671875 0.330078125 0.05625 0.0234375
0 0.603125 0.4560546875 0.00625 0.021484375
0 0.5984375000000001 0.46484375 0.009375000000000001 0.03125
0 0.6125 0.4619140625 0.009375000000000001 0.033203125
0 0.6218750000000001 0.46484375 0.00625 0.02734375
0 0.62890625 0.46484375 0.0078125 0.03125
0 0.64375 0.4609375 0.0125 0.03515625
0 0.8226562500000001 0.4931640625 0.0328125 0.119140625
0 0.49843750000000003 0.4560546875 0.003125 0.013671875
0 0.48125 0.4560546875 0.00625 0.017578125
2 0.53515625 0.458984375 0.0140625 0.01171875
2 0.5171875 0.4599609375 0.0125 0.009765625
2 0.48984375 0.4580078125 0.010937500000000001 0.013671875
2 0.47187500000000004 0.45703125 0.009375000000000001 0.01171875
2 0.45234375000000004 0.4541015625 0.026562500000000003 0.021484375
2 0.39765625000000004 0.4609375 0.0390625 0.0390625
2 0.35625 0.47265625 0.034375 0.05078125
2 0.31562500000000004 0.46484375 0.07187500000000001 0.0703125
2 0.13359375 0.4580078125 0.0765625 0.052734375
2 0.0734375 0.6162109375 0.146875 0.478515625
8 0.60546875 0.4755859375 0.004687500000000001 0.013671875
