9 0.68359375 0.3896484375 0.0328125 0.037109375
9 0.328125 0.41015625 0.015625 0.0234375
0 0.09765625 0.4609375 0.0203125 0.03515625
0 0.5828125000000001 0.4677734375 0.00625 0.021484375
0 0.55703125 0.46484375 0.0078125 0.02734375
1 0.6570312500000001 0.544921875 0.0234375 0.0703125
1 0.6156250000000001 0.4912109375 0.046875 0.037109375
1 0.53515625 0.47265625 0.004687500000000001 0.015625
2 0.06015625 0.5107421875 0.1203125 0.111328125
2 0.3828125 0.46875 0.037500000000000006 0.03125
2 0.39921875 0.4619140625 0.0328125 0.037109375
2 0.42109375000000004 0.46484375 0.0203125 0.02734375
2 0.43828125 0.462890625 0.0171875 0.02734375
2 0.46406250000000004 0.466796875 0.021875000000000002 0.01953125
2 0.4921875 0.46484375 0.021875000000000002 0.0234375
2 0.4765625 0.4658203125 0.009375000000000001 0.013671875
2 0.5140625 0.46875 0.0125 0.01171875
0 0.65390625 0.5107421875 0.0328125 0.115234375
0 0.6179687500000001 0.4755859375 0.0328125 0.056640625
0 0.5359375000000001 0.4609375 0.009375000000000001 0.02734375
