4 0.478125 0.43359375 0.0125 0.01953125
7 0.89375 0.240234375 0.025 0.09765625
7 0.90625 0.3427734375 0.025 0.033203125
9 0.9164062500000001 0.314453125 0.0578125 0.0234375
9 0.0484375 0.1728515625 0.096875 0.033203125
9 0.215625 0.3642578125 0.0125 0.021484375
9 0.67734375 0.3779296875 0.0171875 0.029296875
1 0.6359375 0.490234375 0.028125 0.0546875
2 0.5750000000000001 0.451171875 0.046875 0.05078125
2 0.5484375 0.4462890625 0.0125 0.037109375
2 0.5398437500000001 0.4453125 0.0078125 0.03125
2 0.5125000000000001 0.4443359375 0.015625 0.017578125
2 0.5296875 0.44140625 0.0125 0.015625
2 0.45625000000000004 0.4443359375 0.015625 0.017578125
2 0.44375000000000003 0.4443359375 0.015625 0.021484375
2 0.41640625000000003 0.4501953125 0.0203125 0.021484375
2 0.38984375000000004 0.4560546875 0.0328125 0.029296875
2 0.34375 0.4638671875 0.059375000000000004 0.052734375
2 0.21953125 0.4814453125 0.1046875 0.099609375
2 0.49921875000000004 0.42578125 0.0078125 0.01171875
2 0.42421875000000003 0.4453125 0.0234375 0.02734375
0 0.6359375 0.4609375 0.028125 0.078125
