2 0.09296875 0.521484375 0.1859375 0.20703125
2 0.21250000000000002 0.5107421875 0.09375 0.126953125
2 0.26484375 0.48046875 0.1203125 0.12890625
2 0.34765625 0.478515625 0.06406250000000001 0.06640625
2 0.375 0.4765625 0.028125 0.0546875
2 0.39296875000000003 0.4716796875 0.029687500000000002 0.052734375
2 0.41171875 0.46875 0.029687500000000002 0.046875
2 0.42109375000000004 0.466796875 0.0203125 0.04296875
2 0.43125 0.466796875 0.018750000000000003 0.0390625
2 0.446875 0.4560546875 0.03125 0.041015625
2 0.47500000000000003 0.4560546875 0.021875000000000002 0.021484375
2 0.48984375 0.455078125 0.010937500000000001 0.015625
2 0.49843750000000003 0.455078125 0.00625 0.01171875
2 0.5007812500000001 0.453125 0.0078125 0.01171875
2 0.55234375 0.45703125 0.0171875 0.01953125
2 0.546875 0.4560546875 0.0125 0.017578125
2 0.57265625 0.4677734375 0.026562500000000003 0.037109375
2 0.59921875 0.4716796875 0.0484375 0.052734375
2 0.6515625 0.49609375 0.096875 0.09765625
2 0.7132812500000001 0.4765625 0.0546875 0.05078125
2 0.81171875 0.4970703125 0.09843750000000001 0.080078125
2 0.92890625 0.52734375 0.1390625 0.1328125
2 0.9281250000000001 0.4716796875 0.12187500000000001 0.052734375
2 0.8562500000000001 0.494140625 0.0625 0.07421875
2 0.5398437500000001 0.455078125 0.0078125 0.01171875
