7 0.6546875000000001 0.2275390625 0.037500000000000006 0.087890625
7 0.665625 0.3251953125 0.025 0.037109375
7 0.30546875 0.263671875 0.0203125 0.07421875
7 0.30000000000000004 0.33984375 0.021875000000000002 0.02734375
9 0.7328125000000001 0.3037109375 0.053125000000000006 0.017578125
9 0.659375 0.2880859375 0.040625 0.025390625
9 0.24531250000000002 0.3662109375 0.0125 0.025390625
0 0.6726562500000001 0.4619140625 0.045312500000000006 0.158203125
0 0.6273437500000001 0.4111328125 0.0234375 0.060546875
0 0.59765625 0.458984375 0.051562500000000004 0.16796875
0 0.546875 0.48046875 0.05625 0.16015625
0 0.5015625 0.4912109375 0.05 0.146484375
0 0.31796875 0.451171875 0.029687500000000002 0.1015625
0 0.2703125 0.458984375 0.03125 0.109375
2 0.86640625 0.4970703125 0.26406250000000003 0.154296875
2 0.20703125 0.462890625 0.0578125 0.05859375
2 0.15390625000000002 0.4501953125 0.0203125 0.021484375
2 0.12265625000000001 0.4521484375 0.0203125 0.021484375
2 0.05625 0.4541015625 0.037500000000000006 0.033203125
2 0.1796875 0.451171875 0.0125 0.01953125
