7 0.37734375000000003 0.12109375 0.026562500000000003 0.109375
7 0.7562500000000001 0.3056640625 0.025 0.083984375
7 0.759375 0.4033203125 0.025 0.029296875
7 0.8992187500000001 0.2646484375 0.0328125 0.158203125
7 0.9875 0.2958984375 0.021875000000000002 0.091796875
9 0.43125 0.1044921875 0.053125000000000006 0.072265625
9 0.48750000000000004 0.103515625 0.05625 0.0625
9 0.5906250000000001 0.2080078125 0.115625 0.041015625
0 0.6648437500000001 0.53515625 0.0328125 0.16015625
2 0.8734375000000001 0.490234375 0.07187500000000001 0.046875
2 0.953125 0.48828125 0.059375000000000004 0.03125
2 0.09062500000000001 0.5302734375 0.16875 0.115234375
2 0.225 0.4755859375 0.0625 0.060546875
2 0.234375 0.5107421875 0.10312500000000001 0.083984375
2 0.28359375000000003 0.484375 0.060937500000000006 0.078125
2 0.328125 0.4892578125 0.040625 0.048828125
2 0.35859375000000004 0.4873046875 0.0234375 0.025390625
2 0.49921875000000004 0.4873046875 0.060937500000000006 0.052734375
2 0.44140625 0.486328125 0.1234375 0.0625
2 0.58515625 0.490234375 0.11406250000000001 0.0625
