9 0.92578125 0.2890625 0.026562500000000003 0.0546875
9 0.49062500000000003 0.40625 0.009375000000000001 0.01953125
0 0.28203125 0.48046875 0.0140625 0.0546875
0 0.31015625 0.478515625 0.0140625 0.05859375
0 0.32734375000000004 0.4814453125 0.0171875 0.052734375
0 0.415625 0.490234375 0.040625 0.109375
0 0.45390625 0.48828125 0.0328125 0.109375
0 0.8070312500000001 0.5908203125 0.1328125 0.533203125
2 0.09609375 0.4951171875 0.1546875 0.111328125
2 0.051562500000000004 0.5029296875 0.10312500000000001 0.130859375
2 0.21015625000000002 0.4716796875 0.0390625 0.033203125
2 0.2546875 0.474609375 0.037500000000000006 0.03515625
2 0.28984375 0.474609375 0.0546875 0.0390625
2 0.35703125 0.4775390625 0.0421875 0.044921875
2 0.41484375 0.4794921875 0.0703125 0.060546875
2 0.47187500000000004 0.4853515625 0.07187500000000001 0.083984375
2 0.5578125 0.4931640625 0.1625 0.115234375
2 0.59140625 0.5087890625 0.0921875 0.107421875
2 0.6375000000000001 0.50390625 0.06875 0.1484375
2 0.77734375 0.501953125 0.2859375 0.1953125
2 0.9265625000000001 0.5400390625 0.14375000000000002 0.240234375
2 0.15078125 0.4892578125 0.07968750000000001 0.080078125
