7 0.7046875 0.369140625 0.018750000000000003 0.0625
7 0.696875 0.43359375 0.018750000000000003 0.01953125
7 0.35234375 0.4404296875 0.0078125 0.025390625
7 0.03359375 0.365234375 0.0171875 0.05859375
7 0.03671875 0.4228515625 0.0171875 0.017578125
9 0.7054687500000001 0.41015625 0.0421875 0.01953125
9 0.03359375 0.4033203125 0.0390625 0.021484375
0 0.7742187500000001 0.5322265625 0.0234375 0.119140625
0 0.7234375000000001 0.5302734375 0.028125 0.107421875
0 0.74765625 0.529296875 0.029687500000000002 0.109375
0 0.39375000000000004 0.484375 0.0125 0.0390625
0 0.371875 0.4833984375 0.009375000000000001 0.021484375
0 0.33437500000000003 0.48046875 0.009375000000000001 0.015625
0 0.65 0.4892578125 0.0125 0.025390625
0 0.42109375000000004 0.4892578125 0.0078125 0.021484375
2 0.515625 0.5087890625 0.037500000000000006 0.041015625
2 0.55390625 0.501953125 0.0203125 0.0234375
2 0.5320312500000001 0.494140625 0.0140625 0.0234375
2 0.540625 0.490234375 0.00625 0.015625
