0 0.47500000000000003 0.431640625 0.00625 0.01953125
0 0.5085937500000001 0.435546875 0.0078125 0.0234375
0 0.4859375 0.4287109375 0.003125 0.013671875
2 0.06015625 0.65625 0.1203125 0.23828125
2 0.1390625 0.5830078125 0.1625 0.154296875
2 0.2859375 0.5126953125 0.1 0.091796875
2 0.33437500000000003 0.4951171875 0.05 0.068359375
2 0.34921875 0.482421875 0.0546875 0.0546875
2 0.3796875 0.4716796875 0.043750000000000004 0.048828125
2 0.3984375 0.4599609375 0.046875 0.048828125
2 0.42421875000000003 0.451171875 0.0234375 0.03125
2 0.43125 0.443359375 0.034375 0.03125
2 0.45625000000000004 0.4365234375 0.018750000000000003 0.017578125
2 0.59296875 0.4755859375 0.060937500000000006 0.056640625
2 0.5796875 0.462890625 0.046875 0.046875
2 0.5625 0.455078125 0.03125 0.046875
2 0.5453125 0.44921875 0.015625 0.03515625
2 0.53515625 0.4375 0.010937500000000001 0.01953125
2 0.5281250000000001 0.43359375 0.0125 0.01953125
2 0.49531250000000004 0.4287109375 0.0125 0.013671875
2 0.7820312500000001 0.5703125 0.2578125 0.23046875
2 0.9515625000000001 0.84765625 0.09375 0.2421875
2 0.9421875000000001 0.4951171875 0.08750000000000001 0.087890625
2 0.7953125000000001 0.4365234375 0.078125 0.041015625
2 0.9007812500000001 0.4541015625 0.06406250000000001 0.044921875
2 0.8359375 0.4326171875 0.034375 0.029296875
2 0.946875 0.4287109375 0.034375 0.033203125
2 0.9187500000000001 0.4267578125 0.025 0.025390625
2 0.465625 0.4296875 0.0125 0.01171875
