7 0.74921875 0.408203125 0.0171875 0.03125
7 0.7585937500000001 0.29296875 0.0234375 0.10546875
7 0.96875 0.16796875 0.009375000000000001 0.0546875
7 0.9226562500000001 0.3974609375 0.0171875 0.037109375
9 0.90546875 0.4716796875 0.0328125 0.017578125
9 0.9265625000000001 0.3515625 0.015625 0.046875
9 0.6101562500000001 0.365234375 0.060937500000000006 0.01171875
9 0.6101562500000001 0.3818359375 0.060937500000000006 0.013671875
9 0.6109375 0.423828125 0.0625 0.01171875
9 0.5750000000000001 0.404296875 0.065625 0.0234375
2 0.73359375 0.5185546875 0.20468750000000002 0.126953125
2 0.11484375000000001 0.6220703125 0.22968750000000002 0.345703125
2 0.57734375 0.759765625 0.4390625 0.4765625
