7 0.40078125000000003 0.3876953125 0.0078125 0.025390625
7 0.4703125 0.248046875 0.018750000000000003 0.046875
7 0.49609375 0.3291015625 0.0078125 0.025390625
7 0.62109375 0.357421875 0.010937500000000001 0.0390625
7 0.58125 0.3935546875 0.00625 0.025390625
0 0.08984375 0.4541015625 0.026562500000000003 0.087890625
0 0.11953125 0.4541015625 0.0171875 0.072265625
0 0.30312500000000003 0.46484375 0.028125 0.0859375
0 0.35000000000000003 0.4716796875 0.03125 0.087890625
0 0.9765625 0.4697265625 0.028125 0.080078125
0 0.95234375 0.5087890625 0.0421875 0.162109375
0 0.8796875000000001 0.4921875 0.021875000000000002 0.109375
0 0.8546875 0.482421875 0.021875000000000002 0.12890625
0 0.81015625 0.478515625 0.0171875 0.078125
0 0.75703125 0.4873046875 0.0234375 0.095703125
0 0.70078125 0.462890625 0.0078125 0.01953125
0 0.67578125 0.466796875 0.0078125 0.03125
0 0.6703125000000001 0.4697265625 0.00625 0.029296875
0 0.62890625 0.45703125 0.010937500000000001 0.03515625
0 0.62265625 0.458984375 0.0078125 0.046875
0 0.6117187500000001 0.458984375 0.010937500000000001 0.04296875
0 0.6015625 0.458984375 0.009375000000000001 0.0390625
0 0.5945312500000001 0.451171875 0.0078125 0.0234375
0 0.44375000000000003 0.4560546875 0.009375000000000001 0.037109375
0 0.45 0.455078125 0.0125 0.0390625
0 0.46406250000000004 0.4560546875 0.0125 0.037109375
0 0.40546875000000004 0.44921875 0.0078125 0.02734375
0 0.38359375 0.44140625 0.004687500000000001 0.015625
1 0.6179687500000001 0.4853515625 0.0234375 0.041015625
1 0.6375000000000001 0.4892578125 0.03125 0.048828125
1 0.65546875 0.498046875 0.0328125 0.06640625
1 0.6804687500000001 0.5048828125 0.045312500000000006 0.076171875
1 0.71484375 0.515625 0.060937500000000006 0.08984375
1 0.74921875 0.5244140625 0.0671875 0.103515625
1 0.8031250000000001 0.5546875 0.08750000000000001 0.13671875
1 0.875 0.5859375 0.12187500000000001 0.19140625
1 0.9476562500000001 0.6181640625 0.1015625 0.185546875
2 0.540625 0.4560546875 0.018750000000000003 0.021484375
2 0.290625 0.4560546875 0.10625000000000001 0.060546875
0 0.48750000000000004 0.455078125 0.009375000000000001 0.0234375
0 0.50234375 0.4482421875 0.004687500000000001 0.013671875
8 0.5625 0.4697265625 0.00625 0.017578125
