9 0.75703125 0.541015625 0.035937500000000004 0.015625
9 0.75703125 0.4931640625 0.0421875 0.060546875
9 0.6375000000000001 0.5283203125 0.018750000000000003 0.025390625
9 0.6390625000000001 0.4990234375 0.021875000000000002 0.029296875
0 0.43125 0.5693359375 0.009375000000000001 0.021484375
0 0.4140625 0.576171875 0.0125 0.03125
0 0.6109375 0.59375 0.025 0.0625
0 0.70234375 0.580078125 0.029687500000000002 0.046875
3 0.12109375 0.7578125 0.22031250000000002 0.18359375
3 0.16718750000000002 0.73046875 0.14375000000000002 0.12109375
3 0.2234375 0.7001953125 0.16875 0.146484375
3 0.2578125 0.6787109375 0.14375000000000002 0.115234375
3 0.30859375 0.658203125 0.0921875 0.09375
3 0.33359375 0.6435546875 0.0890625 0.091796875
3 0.40468750000000003 0.6201171875 0.015625 0.041015625
2 0.56796875 0.6181640625 0.0484375 0.087890625
2 0.6039062500000001 0.6318359375 0.0859375 0.107421875
2 0.6468750000000001 0.654296875 0.1125 0.1328125
2 0.6640625 0.69140625 0.08750000000000001 0.18359375
2 0.8289062500000001 0.732421875 0.33906250000000004 0.34765625
2 0.90234375 0.8046875 0.1921875 0.38671875
