4 0.3875 0.458984375 0.025 0.03515625
7 0.403125 0.330078125 0.0125 0.0390625
7 0.5203125000000001 0.384765625 0.009375000000000001 0.03125
7 0.38984375000000004 0.3876953125 0.004687500000000001 0.013671875
7 0.08671875000000001 0.376953125 0.0078125 0.03515625
7 0.2265625 0.310546875 0.009375000000000001 0.0390625
9 0.38046875 0.3857421875 0.010937500000000001 0.013671875
9 0.08984375 0.421875 0.0140625 0.0078125
9 0.7835937500000001 0.2880859375 0.0859375 0.099609375
9 0.790625 0.1865234375 0.11875000000000001 0.123046875
0 0.9828125000000001 0.43359375 0.03125 0.09375
0 0.9375 0.4384765625 0.025 0.134765625
0 0.8390625 0.455078125 0.018750000000000003 0.07421875
0 0.75390625 0.4677734375 0.0328125 0.126953125
0 0.7351562500000001 0.439453125 0.010937500000000001 0.0234375
0 0.69296875 0.4345703125 0.010937500000000001 0.048828125
0 0.70703125 0.439453125 0.0078125 0.0234375
0 0.665625 0.4462890625 0.018750000000000003 0.029296875
0 0.64375 0.466796875 0.015625 0.0703125
0 0.6140625000000001 0.4580078125 0.018750000000000003 0.064453125
0 0.5875 0.4580078125 0.009375000000000001 0.041015625
0 0.509375 0.453125 0.009375000000000001 0.01953125
1 0.46484375 0.474609375 0.010937500000000001 0.0234375
1 0.75546875 0.5078125 0.0421875 0.1171875
2 0.40859375000000003 0.466796875 0.0203125 0.0234375
2 0.36328125 0.4658203125 0.010937500000000001 0.017578125
2 0.34921875 0.4658203125 0.0171875 0.021484375
2 0.28125 0.4697265625 0.05 0.052734375
2 0.134375 0.48828125 0.11875000000000001 0.09375
2 0.018750000000000003 0.4921875 0.037500000000000006 0.1484375
0 0.46640625 0.46484375 0.0140625 0.03515625
