9 0.46328125000000003 0.4501953125 0.0078125 0.013671875
0 0.35390625000000003 0.4853515625 0.010937500000000001 0.033203125
0 0.3640625 0.4873046875 0.009375000000000001 0.029296875
0 0.39765625000000004 0.490234375 0.0078125 0.01953125
1 0.47578125000000004 0.501953125 0.010937500000000001 0.02734375
1 0.44843750000000004 0.4921875 0.00625 0.015625
1 0.37734375000000003 0.490234375 0.0078125 0.01953125
2 0.032031250000000004 0.5302734375 0.06406250000000001 0.126953125
2 0.12109375 0.517578125 0.0859375 0.08203125
2 0.18203125 0.5126953125 0.06406250000000001 0.064453125
2 0.2390625 0.50390625 0.059375000000000004 0.05078125
2 0.26953125 0.498046875 0.026562500000000003 0.04296875
2 0.29375 0.490234375 0.037500000000000006 0.04296875
0 0.0484375 0.52734375 0.07500000000000001 0.19140625
0 0.44765625000000003 0.48046875 0.010937500000000001 0.03515625
0 0.4765625 0.484375 0.015625 0.046875
0 0.37734375000000003 0.48046875 0.010937500000000001 0.02734375
15 0.053125000000000006 0.6240234375 0.05 0.021484375
9 0.0054687500000000005 0.3818359375 0.010937500000000001 0.033203125
9 0.004687500000000001 0.41796875 0.009375000000000001 0.02734375
