7 0.7601562500000001 0.291015625 0.0234375 0.1015625
7 0.74609375 0.408203125 0.0140625 0.03125
7 0.9695312500000001 0.16796875 0.010937500000000001 0.05859375
7 0.9226562500000001 0.396484375 0.0171875 0.03515625
9 0.92734375 0.3505859375 0.0171875 0.044921875
9 0.9046875000000001 0.4716796875 0.034375 0.017578125
9 0.5750000000000001 0.4033203125 0.065625 0.021484375
9 0.6101562500000001 0.365234375 0.060937500000000006 0.01171875
9 0.6101562500000001 0.3818359375 0.060937500000000006 0.013671875
9 0.6101562500000001 0.423828125 0.060937500000000006 0.01171875
2 0.6421875 0.521484375 0.215625 0.1171875
2 0.11484375000000001 0.6259765625 0.22968750000000002 0.345703125
2 0.5765625 0.775390625 0.4375 0.4453125
