9 0.72421875 0.318359375 0.0390625 0.0390625
9 0.71484375 0.3466796875 0.029687500000000002 0.029296875
0 0.06796875000000001 0.4052734375 0.026562500000000003 0.087890625
2 0.9265625000000001 0.521484375 0.14375000000000002 0.17578125
2 0.7585937500000001 0.5009765625 0.3796875 0.240234375
2 0.49531250000000004 0.4677734375 0.1625 0.123046875
2 0.5609375 0.421875 0.10625000000000001 0.078125
2 0.3875 0.4267578125 0.08125 0.072265625
2 0.33828125000000003 0.41796875 0.0328125 0.04296875
2 0.284375 0.4091796875 0.05 0.056640625
2 0.23359375000000002 0.4111328125 0.060937500000000006 0.064453125
2 0.18515625000000002 0.400390625 0.0234375 0.0234375
2 0.47187500000000004 0.392578125 0.10312500000000001 0.06640625
