0 0.6421875 0.4697265625 0.043750000000000004 0.119140625
2 0.521875 0.490234375 0.125 0.09765625
2 0.453125 0.4814453125 0.06875 0.076171875
2 0.38906250000000003 0.46875 0.12812500000000002 0.08203125
2 0.31015625 0.47265625 0.0328125 0.0390625
2 0.20078125000000002 0.4833984375 0.0734375 0.068359375
2 0.28515625 0.4716796875 0.0234375 0.037109375
2 0.2671875 0.4716796875 0.028125 0.037109375
2 0.24921875000000002 0.466796875 0.026562500000000003 0.03515625
2 0.0234375 0.494140625 0.046875 0.10546875
2 0.06015625 0.49609375 0.045312500000000006 0.08203125
2 0.084375 0.4765625 0.07187500000000001 0.08203125
