7 0.371875 0.462890625 0.009375000000000001 0.0390625
7 0.37265625 0.556640625 0.0078125 0.01953125
7 0.6765625000000001 0.439453125 0.009375000000000001 0.03515625
7 0.671875 0.521484375 0.00625 0.01953125
7 0.68125 0.48828125 0.00625 0.01171875
7 0.50390625 0.501953125 0.004687500000000001 0.01171875
7 0.6960937500000001 0.49609375 0.0078125 0.015625
7 0.7562500000000001 0.5 0.0125 0.03125
7 0.59296875 0.5 0.004687500000000001 0.015625
7 0.6203125 0.4970703125 0.00625 0.013671875
9 0.371875 0.5029296875 0.025 0.033203125
9 0.37265625 0.5341796875 0.0203125 0.009765625
9 0.59296875 0.51171875 0.0078125 0.0078125
0 0.153125 0.556640625 0.037500000000000006 0.05078125
0 0.1203125 0.5625 0.03125 0.046875
2 0.14296875 0.701171875 0.2859375 0.2421875
2 0.9320312500000001 0.837890625 0.1328125 0.3203125
2 0.8390625 0.6806640625 0.31875000000000003 0.314453125
2 0.640625 0.638671875 0.1375 0.13671875
2 0.6171875 0.5830078125 0.08125 0.048828125
2 0.5828125000000001 0.5869140625 0.06875 0.080078125
2 0.54609375 0.578125 0.029687500000000002 0.05859375
2 0.5328125 0.5634765625 0.037500000000000006 0.044921875
2 0.51796875 0.5517578125 0.029687500000000002 0.033203125
2 0.49531250000000004 0.5556640625 0.025 0.037109375
2 0.46171875 0.54296875 0.045312500000000006 0.0234375
2 0.47265625 0.58984375 0.0765625 0.0703125
2 0.4109375 0.7080078125 0.265625 0.306640625
2 0.47578125000000004 0.5322265625 0.0171875 0.009765625
