0 0.48750000000000004 0.4462890625 0.0125 0.041015625
0 0.521875 0.455078125 0.0125 0.03515625
0 0.47421875 0.435546875 0.0078125 0.015625
1 0.390625 0.486328125 0.021875000000000002 0.04296875
1 0.45156250000000003 0.4619140625 0.015625 0.033203125
2 0.2828125 0.4951171875 0.1125 0.115234375
2 0.34921875 0.4833984375 0.051562500000000004 0.060546875
2 0.38671875 0.466796875 0.0390625 0.04296875
2 0.40625 0.45703125 0.025 0.0390625
2 0.41718750000000004 0.4541015625 0.015625 0.033203125
2 0.41796875 0.4462890625 0.035937500000000004 0.041015625
2 0.43828125 0.443359375 0.0140625 0.02734375
2 0.45703125 0.435546875 0.0234375 0.01953125
2 0.5015625 0.44140625 0.021875000000000002 0.02734375
2 0.53515625 0.4501953125 0.026562500000000003 0.048828125
2 0.5734375 0.462890625 0.05 0.0625
2 0.6109375 0.4990234375 0.065625 0.068359375
2 0.6046875 0.4775390625 0.065625 0.064453125
2 0.64453125 0.5166015625 0.09843750000000001 0.091796875
2 0.80390625 0.6083984375 0.22968750000000002 0.181640625
2 0.90234375 0.7548828125 0.1921875 0.333984375
2 0.246875 0.4453125 0.05625 0.03515625
2 0.07187500000000001 0.458984375 0.1 0.046875
0 0.39140625 0.46875 0.0203125 0.0625
0 0.45156250000000003 0.4482421875 0.015625 0.044921875
15 0.48671875000000003 0.470703125 0.0078125 0.0078125
