9 0.6640625 0.359375 0.03125 0.04296875
9 0.53046875 0.3154296875 0.060937500000000006 0.021484375
9 0.52890625 0.3583984375 0.0203125 0.041015625
9 0.52890625 0.396484375 0.0140625 0.02734375
9 0.47968750000000004 0.373046875 0.015625 0.02734375
9 0.47890625000000003 0.40234375 0.0203125 0.03125
9 0.029687500000000002 0.3701171875 0.03125 0.041015625
0 0.7078125000000001 0.5146484375 0.025 0.091796875
2 0.33906250000000004 0.484375 0.109375 0.1171875
15 0.6984375 0.5224609375 0.0625 0.072265625
