7 0.20703125 0.3955078125 0.0171875 0.048828125
7 0.58828125 0.43359375 0.0015625 0.0078125
7 0.6000000000000001 0.4345703125 0.003125 0.009765625
7 0.74609375 0.390625 0.0140625 0.046875
9 0.215625 0.4375 0.021875000000000002 0.05078125
9 0.58515625 0.4326171875 0.004687500000000001 0.005859375
9 0.7484375000000001 0.44140625 0.021875000000000002 0.0390625
0 0.07968750000000001 0.5166015625 0.025 0.099609375
0 0.049218750000000006 0.51171875 0.035937500000000004 0.09375
0 0.05625 0.48046875 0.015625 0.04296875
0 0.33437500000000003 0.4873046875 0.0125 0.044921875
0 0.57265625 0.4697265625 0.0078125 0.021484375
0 0.36015625 0.4697265625 0.010937500000000001 0.021484375
1 0.9703125 0.5908203125 0.05625 0.107421875
2 0.47265625 0.521484375 0.0703125 0.06640625
2 0.50234375 0.5078125 0.0484375 0.0546875
2 0.453125 0.4873046875 0.043750000000000004 0.044921875
2 0.47578125000000004 0.4765625 0.0140625 0.0234375
2 0.61875 0.4677734375 0.018750000000000003 0.021484375
2 0.59296875 0.4609375 0.0078125 0.0078125
2 0.58125 0.4609375 0.009375000000000001 0.0078125
2 0.6039062500000001 0.462890625 0.010937500000000001 0.01171875
0 0.9703125 0.5498046875 0.05625 0.154296875
