9 0.921875 0.3515625 0.021875000000000002 0.05859375
0 0.52734375 0.4599609375 0.0328125 0.107421875
0 0.56171875 0.4560546875 0.0203125 0.087890625
0 0.57578125 0.4580078125 0.026562500000000003 0.103515625
0 0.59921875 0.4853515625 0.0390625 0.189453125
0 0.6218750000000001 0.498046875 0.046875 0.19140625
0 0.65546875 0.490234375 0.0390625 0.171875
0 0.6875 0.4931640625 0.046875 0.201171875
0 0.72421875 0.5029296875 0.0421875 0.205078125
0 0.7601562500000001 0.4970703125 0.0421875 0.185546875
2 0.24296875 0.4267578125 0.060937500000000006 0.056640625
2 0.14765625000000002 0.462890625 0.18281250000000002 0.14453125
2 0.115625 0.4873046875 0.11875000000000001 0.130859375
2 0.051562500000000004 0.494140625 0.078125 0.16796875
2 0.02421875 0.501953125 0.0484375 0.265625
2 0.35703125 0.564453125 0.3203125 0.31640625
2 0.8828125 0.478515625 0.23125 0.15625
2 0.8968750000000001 0.5302734375 0.203125 0.244140625
