7 0.5984375000000001 0.4306640625 0.00625 0.017578125
7 0.6171875 0.4296875 0.00625 0.01953125
7 0.36640625000000004 0.439453125 0.0078125 0.015625
9 0.6335937500000001 0.41015625 0.0171875 0.02734375
9 0.41718750000000004 0.451171875 0.00625 0.01171875
9 0.415625 0.4365234375 0.009375000000000001 0.013671875
0 0.14453125 0.48046875 0.0234375 0.08203125
0 0.47421875 0.484375 0.010937500000000001 0.03515625
0 0.47187500000000004 0.484375 0.021875000000000002 0.03125
2 0.9632812500000001 0.5654296875 0.0703125 0.259765625
2 0.7359375 0.5107421875 0.153125 0.123046875
2 0.62109375 0.4921875 0.0765625 0.07421875
2 0.5765625 0.490234375 0.040625 0.0390625
2 0.53046875 0.4794921875 0.010937500000000001 0.009765625
2 0.51171875 0.486328125 0.029687500000000002 0.02734375
2 0.45234375000000004 0.4814453125 0.0203125 0.025390625
2 0.42500000000000004 0.484375 0.025 0.0234375
2 0.32343750000000004 0.4794921875 0.043750000000000004 0.029296875
2 0.48515625 0.4794921875 0.010937500000000001 0.009765625
