7 0.56171875 0.427734375 0.004687500000000001 0.01953125
7 0.47265625 0.3955078125 0.0078125 0.021484375
7 0.42734375 0.392578125 0.0140625 0.0234375
7 0.36250000000000004 0.3740234375 0.018750000000000003 0.029296875
7 0.23750000000000002 0.4384765625 0.009375000000000001 0.029296875
7 0.25390625 0.4521484375 0.0078125 0.021484375
7 0.23593750000000002 0.462890625 0.00625 0.01171875
7 0.31171875000000004 0.4443359375 0.0078125 0.029296875
7 0.31015625 0.4716796875 0.004687500000000001 0.009765625
9 0.70703125 0.361328125 0.0140625 0.03125
9 0.70859375 0.3837890625 0.0171875 0.013671875
9 0.6062500000000001 0.412109375 0.025 0.01953125
9 0.5554687500000001 0.4169921875 0.0078125 0.041015625
9 0.49843750000000003 0.416015625 0.03125 0.0078125
9 0.44765625000000003 0.3896484375 0.010937500000000001 0.017578125
9 0.28125 0.408203125 0.040625 0.01171875
0 0.14453125 0.498046875 0.010937500000000001 0.04296875
0 0.15859375 0.49609375 0.0140625 0.04296875
0 0.21328125 0.4912109375 0.0078125 0.037109375
0 0.22421875000000002 0.4970703125 0.0078125 0.033203125
0 0.23203125000000002 0.498046875 0.0078125 0.03515625
0 0.24375000000000002 0.49609375 0.0125 0.03515625
0 0.76875 0.4541015625 0.015625 0.037109375
0 0.6984375 0.4560546875 0.015625 0.044921875
0 0.7375 0.4609375 0.009375000000000001 0.03125
0 0.6023437500000001 0.4775390625 0.0078125 0.029296875
6 0.45078125 0.470703125 0.06406250000000001 0.0859375
15 0.6351562500000001 0.466796875 0.0765625 0.0390625
2 0.496875 0.4853515625 0.021875000000000002 0.064453125
2 0.5421875 0.5078125 0.10625000000000001 0.1171875
2 0.36171875000000003 0.4951171875 0.029687500000000002 0.033203125
2 0.40468750000000003 0.4912109375 0.034375 0.041015625
