0 0.38046875 0.44140625 0.0140625 0.01953125
2 0.86640625 0.58984375 0.24531250000000002 0.2109375
2 0.8132812500000001 0.48046875 0.1234375 0.078125
2 0.7210937500000001 0.5185546875 0.1015625 0.095703125
2 0.7359375 0.4599609375 0.05625 0.041015625
2 0.5906250000000001 0.451171875 0.015625 0.01953125
2 0.5828125000000001 0.447265625 0.0125 0.015625
2 0.571875 0.443359375 0.009375000000000001 0.01171875
2 0.5421875 0.4404296875 0.00625 0.009765625
2 0.5359375000000001 0.4404296875 0.00625 0.009765625
2 0.5234375 0.4423828125 0.015625 0.017578125
2 0.5164062500000001 0.4462890625 0.0140625 0.017578125
2 0.50234375 0.44921875 0.0234375 0.03125
2 0.48359375000000004 0.455078125 0.029687500000000002 0.03125
2 0.46328125000000003 0.4619140625 0.0203125 0.041015625
2 0.43828125 0.46484375 0.045312500000000006 0.05078125
2 0.43125 0.470703125 0.034375 0.046875
2 0.41484375 0.474609375 0.0421875 0.05078125
2 0.37421875000000004 0.4814453125 0.07968750000000001 0.064453125
2 0.37812500000000004 0.44140625 0.05 0.02734375
2 0.15390625000000002 0.4599609375 0.1171875 0.083984375
2 0.19921875 0.513671875 0.1640625 0.125
2 0.06328125 0.568359375 0.1265625 0.2265625
0 0.62421875 0.482421875 0.0203125 0.09765625
0 0.6585937500000001 0.5107421875 0.0578125 0.177734375
0 0.6062500000000001 0.4912109375 0.021875000000000002 0.107421875
15 0.65625 0.6025390625 0.021875000000000002 0.017578125
15 0.6078125000000001 0.546875 0.015625 0.0078125
15 0.62109375 0.5302734375 0.0140625 0.009765625
