4 0.54296875 0.5546875 0.0703125 0.0625
7 0.6726562500000001 0.4091796875 0.0203125 0.076171875
7 0.06406250000000001 0.45703125 0.009375000000000001 0.03125
7 0.06875 0.48828125 0.009375000000000001 0.01171875
7 0.6960937500000001 0.478515625 0.010937500000000001 0.02734375
7 0.84765625 0.462890625 0.0140625 0.046875
7 0.46406250000000004 0.5185546875 0.00625 0.017578125
9 0.40468750000000003 0.5068359375 0.0125 0.017578125
9 0.40390625 0.5263671875 0.010937500000000001 0.017578125
9 0.33671875 0.5087890625 0.0328125 0.009765625
9 0.296875 0.5087890625 0.009375000000000001 0.021484375
9 0.85859375 0.328125 0.045312500000000006 0.05078125
9 0.7273437500000001 0.474609375 0.0328125 0.0078125
9 0.7273437500000001 0.4873046875 0.0328125 0.005859375
9 0.7265625 0.49609375 0.03125 0.0078125
9 0.7273437500000001 0.5078125 0.029687500000000002 0.0078125
0 0.15078125 0.564453125 0.0078125 0.01953125
0 0.0484375 0.5751953125 0.009375000000000001 0.033203125
0 0.06328125 0.5732421875 0.0078125 0.041015625
0 0.24921875000000002 0.5625 0.010937500000000001 0.01953125
0 0.171875 0.5615234375 0.009375000000000001 0.017578125
0 0.20078125000000002 0.5615234375 0.0078125 0.017578125
0 0.30546875 0.5703125 0.010937500000000001 0.03515625
0 0.26796875000000003 0.572265625 0.0078125 0.015625
0 0.2890625 0.5703125 0.009375000000000001 0.01953125
0 0.278125 0.5771484375 0.0125 0.025390625
0 0.32421875 0.5751953125 0.0078125 0.029296875
0 0.33437500000000003 0.5751953125 0.0125 0.029296875
0 0.4109375 0.5634765625 0.009375000000000001 0.017578125
0 0.43203125000000003 0.56640625 0.0078125 0.015625
0 0.44140625 0.56640625 0.010937500000000001 0.015625
0 0.6140625000000001 0.5732421875 0.025 0.060546875
0 0.6726562500000001 0.6484375 0.0546875 0.234375
0 0.73203125 0.6494140625 0.051562500000000004 0.197265625
0 0.7757812500000001 0.6162109375 0.0328125 0.138671875
0 0.79609375 0.60546875 0.026562500000000003 0.12109375
0 0.83125 0.5654296875 0.025 0.064453125
0 0.8125 0.599609375 0.03125 0.12109375
0 0.68671875 0.560546875 0.0203125 0.046875
0 0.9812500000000001 0.5703125 0.018750000000000003 0.0546875
0 0.7523437500000001 0.55859375 0.010937500000000001 0.0390625
0 0.7406250000000001 0.556640625 0.009375000000000001 0.03125
0 0.36796875 0.568359375 0.010937500000000001 0.04296875
0 0.9609375 0.56640625 0.00625 0.0234375
2 0.20625000000000002 0.6513671875 0.203125 0.166015625
2 0.10234375000000001 0.7900390625 0.20468750000000002 0.388671875
2 0.4578125 0.5859375 0.140625 0.03125
2 0.41875 0.794921875 0.44062500000000004 0.40625
