2 0.08750000000000001 0.5087890625 0.17500000000000002 0.177734375
2 0.275 0.4921875 0.10625000000000001 0.08203125
2 0.37578125 0.482421875 0.0546875 0.04296875
2 0.403125 0.4765625 0.037500000000000006 0.04296875
2 0.42500000000000004 0.4775390625 0.021875000000000002 0.037109375
2 0.43593750000000003 0.4755859375 0.018750000000000003 0.037109375
2 0.45 0.47265625 0.018750000000000003 0.03515625
2 0.4703125 0.4716796875 0.018750000000000003 0.021484375
2 0.4890625 0.47265625 0.0125 0.015625
2 0.5484375 0.501953125 0.1125 0.109375
15 0.8234375 0.412109375 0.35000000000000003 0.59375
