0 0.50234375 0.4716796875 0.0078125 0.025390625
0 0.37578125 0.4833984375 0.0171875 0.076171875
2 0.0890625 0.505859375 0.078125 0.078125
2 0.28125 0.4658203125 0.018750000000000003 0.025390625
2 0.33046875000000003 0.46484375 0.0234375 0.0234375
2 0.3515625 0.4814453125 0.037500000000000006 0.041015625
2 0.39375000000000004 0.46875 0.021875000000000002 0.03125
2 0.40625 0.47265625 0.028125 0.03125
2 0.44843750000000004 0.466796875 0.03125 0.03125
2 0.46406250000000004 0.47265625 0.043750000000000004 0.0390625
2 0.5984375000000001 0.4892578125 0.096875 0.099609375
2 0.1046875 0.4794921875 0.05625 0.033203125
