9 0.59765625 0.41015625 0.0140625 0.01171875
9 0.57578125 0.3740234375 0.0078125 0.013671875
0 0.1046875 0.4716796875 0.053125000000000006 0.158203125
0 0.7390625000000001 0.400390625 0.034375 0.046875
2 0.025781250000000002 0.4736328125 0.051562500000000004 0.193359375
2 0.45937500000000003 0.4482421875 0.015625 0.013671875
2 0.47890625000000003 0.4443359375 0.026562500000000003 0.021484375
2 0.51015625 0.4375 0.0328125 0.03515625
2 0.5476562500000001 0.4306640625 0.0578125 0.048828125
2 0.8445312500000001 0.48828125 0.30781250000000004 0.2734375
2 0.94453125 0.546875 0.1078125 0.3046875
