7 0.18984375 0.421875 0.0078125 0.03125
7 0.18984375 0.4501953125 0.0078125 0.009765625
7 0.59921875 0.4296875 0.0078125 0.03125
7 0.59609375 0.4609375 0.010937500000000001 0.01171875
7 0.49843750000000003 0.439453125 0.003125 0.01171875
9 0.7359375 0.43359375 0.0125 0.01953125
9 0.6000000000000001 0.4501953125 0.021875000000000002 0.009765625
9 0.19062500000000002 0.4423828125 0.0125 0.005859375
9 0.47890625000000003 0.4462890625 0.0078125 0.009765625
0 0.9296875 0.5048828125 0.043750000000000004 0.060546875
0 0.8835937500000001 0.5439453125 0.0421875 0.169921875
0 0.76171875 0.5234375 0.0234375 0.08984375
0 0.7820312500000001 0.5224609375 0.0203125 0.099609375
0 0.8031250000000001 0.51953125 0.021875000000000002 0.10546875
0 0.7289062500000001 0.515625 0.010937500000000001 0.046875
0 0.6468750000000001 0.4990234375 0.009375000000000001 0.044921875
0 0.659375 0.501953125 0.009375000000000001 0.046875
0 0.59140625 0.4970703125 0.004687500000000001 0.021484375
0 0.57265625 0.4970703125 0.004687500000000001 0.021484375
0 0.56796875 0.4921875 0.004687500000000001 0.01171875
0 0.5437500000000001 0.50390625 0.009375000000000001 0.015625
0 0.11796875000000001 0.49609375 0.0078125 0.03515625
0 0.1296875 0.4951171875 0.009375000000000001 0.033203125
0 0.2984375 0.4931640625 0.00625 0.025390625
0 0.3453125 0.486328125 0.00625 0.01171875
0 0.37421875000000004 0.4931640625 0.004687500000000001 0.021484375
0 0.37890625 0.4853515625 0.004687500000000001 0.009765625
0 0.35781250000000003 0.490234375 0.003125 0.01953125
0 0.01640625 0.4873046875 0.0078125 0.025390625
1 0.27734375 0.5625 0.0390625 0.0703125
2 0.525 0.5 0.015625 0.01953125
2 0.47578125000000004 0.5322265625 0.07968750000000001 0.087890625
0 0.27734375 0.529296875 0.0390625 0.11328125
