7 0.64453125 0.2890625 0.0171875 0.05078125
7 0.8445312500000001 0.267578125 0.0234375 0.0625
7 0.8484375000000001 0.3447265625 0.018750000000000003 0.025390625
7 0.890625 0.34375 0.021875000000000002 0.0234375
9 0.5085937500000001 0.396484375 0.004687500000000001 0.0078125
9 0.5085937500000001 0.384765625 0.0078125 0.01171875
9 0.5085937500000001 0.365234375 0.010937500000000001 0.015625
9 0.65 0.3388671875 0.037500000000000006 0.013671875
0 0.37421875000000004 0.38671875 0.010937500000000001 0.03125
0 0.5140625 0.43359375 0.0125 0.046875
1 0.17109375000000002 0.4677734375 0.1046875 0.064453125
1 0.6640625 0.4697265625 0.084375 0.052734375
6 0.6156250000000001 0.4140625 0.065625 0.07421875
2 0.115625 0.6142578125 0.23125 0.369140625
2 0.3203125 0.447265625 0.08125 0.0703125
2 0.32578125 0.4208984375 0.0734375 0.068359375
2 0.36640625000000004 0.431640625 0.0234375 0.046875
2 0.38046875 0.42578125 0.029687500000000002 0.046875
2 0.38984375000000004 0.392578125 0.0140625 0.015625
2 0.42500000000000004 0.3994140625 0.015625 0.017578125
2 0.4234375 0.3828125 0.0125 0.01171875
2 0.48359375000000004 0.4287109375 0.0421875 0.044921875
2 0.45859375 0.4267578125 0.0171875 0.025390625
2 0.45625000000000004 0.419921875 0.018750000000000003 0.01953125
2 0.453125 0.41015625 0.018750000000000003 0.01953125
2 0.44453125000000004 0.3974609375 0.010937500000000001 0.013671875
2 0.45078125 0.404296875 0.0171875 0.015625
2 0.421875 0.3544921875 0.00625 0.005859375
0 0.14609375 0.443359375 0.0328125 0.08984375
0 0.17421875 0.443359375 0.029687500000000002 0.0859375
0 0.6664062500000001 0.439453125 0.035937500000000004 0.1015625
