9 0.5390625 0.408203125 0.009375000000000001 0.01171875
9 0.18515625000000002 0.4072265625 0.0203125 0.017578125
9 0.18671875000000002 0.37890625 0.026562500000000003 0.0390625
0 0.50234375 0.4375 0.010937500000000001 0.02734375
0 0.596875 0.43359375 0.009375000000000001 0.02734375
0 0.7046875 0.4599609375 0.015625 0.037109375
0 0.70859375 0.453125 0.010937500000000001 0.03125
0 0.71796875 0.4619140625 0.0140625 0.044921875
0 0.7406250000000001 0.4697265625 0.028125 0.087890625
0 0.7679687500000001 0.4677734375 0.0234375 0.068359375
0 0.78828125 0.4443359375 0.0171875 0.041015625
0 0.7921875 0.4736328125 0.028125 0.044921875
0 0.8015625000000001 0.4853515625 0.025 0.056640625
0 0.82578125 0.4755859375 0.0203125 0.041015625
0 0.99140625 0.4853515625 0.0140625 0.099609375
0 0.3953125 0.4306640625 0.00625 0.013671875
0 0.40390625 0.431640625 0.004687500000000001 0.015625
0 0.215625 0.4462890625 0.015625 0.041015625
1 0.171875 0.4853515625 0.021875000000000002 0.048828125
1 0.21484375 0.4833984375 0.026562500000000003 0.060546875
1 0.21796875000000002 0.4794921875 0.0421875 0.048828125
1 0.31484375000000003 0.525390625 0.060937500000000006 0.08984375
1 0.6328125 0.4580078125 0.025 0.029296875
1 0.63203125 0.48046875 0.0171875 0.0546875
1 0.6507812500000001 0.4833984375 0.0328125 0.044921875
1 0.38828125 0.447265625 0.0078125 0.01953125
0 0.66015625 0.4501953125 0.0171875 0.037109375
3 0.59140625 0.474609375 0.06406250000000001 0.05078125
2 0.675 0.728515625 0.384375 0.4375
2 0.56953125 0.462890625 0.060937500000000006 0.0625
2 0.540625 0.4580078125 0.021875000000000002 0.044921875
2 0.53359375 0.451171875 0.0171875 0.03515625
2 0.5281250000000001 0.44921875 0.0125 0.03125
2 0.515625 0.435546875 0.025 0.02734375
2 0.5 0.4306640625 0.0125 0.013671875
2 0.49062500000000003 0.4326171875 0.009375000000000001 0.013671875
2 0.43984375000000003 0.4326171875 0.0171875 0.021484375
2 0.44765625000000003 0.4326171875 0.004687500000000001 0.013671875
2 0.45937500000000003 0.4296875 0.0125 0.01171875
2 0.45078125 0.4296875 0.004687500000000001 0.0078125
2 0.4703125 0.431640625 0.015625 0.01171875
0 0.38828125 0.44140625 0.0078125 0.0234375
0 0.30781250000000004 0.5029296875 0.05 0.119140625
8 0.37734375000000003 0.4462890625 0.004687500000000001 0.013671875
