9 0.88828125 0.3740234375 0.0203125 0.041015625
9 0.88828125 0.416015625 0.0203125 0.0390625
0 0.5750000000000001 0.5634765625 0.06875 0.177734375
2 0.95859375 0.626953125 0.07968750000000001 0.51171875
2 0.025781250000000002 0.58203125 0.051562500000000004 0.10546875
2 0.10078125 0.58203125 0.1203125 0.08984375
2 0.3203125 0.578125 0.2 0.19140625
2 0.7992187500000001 0.576171875 0.30781250000000004 0.30078125
2 0.6296875000000001 0.5625 0.12187500000000001 0.18359375
2 0.5140625 0.5771484375 0.021875000000000002 0.021484375
2 0.525 0.5693359375 0.018750000000000003 0.021484375
