7 0.7445312500000001 0.19140625 0.0203125 0.07421875
7 0.74765625 0.2939453125 0.0328125 0.041015625
9 0.7679687500000001 0.255859375 0.0703125 0.01953125
9 0.134375 0.3046875 0.021875000000000002 0.0234375
9 0.13593750000000002 0.333984375 0.015625 0.0234375
9 0.5945312500000001 0.302734375 0.0234375 0.03125
9 0.5945312500000001 0.328125 0.0140625 0.01953125
9 0.73203125 0.3486328125 0.0140625 0.029296875
0 0.91796875 0.4541015625 0.06406250000000001 0.146484375
1 0.6203125 0.43359375 0.0625 0.0546875
2 0.41250000000000003 0.396484375 0.021875000000000002 0.0234375
2 0.38828125 0.40234375 0.026562500000000003 0.03515625
2 0.35468750000000004 0.4052734375 0.05 0.044921875
