7 0.03515625 0.3623046875 0.0140625 0.056640625
7 0.03671875 0.423828125 0.0171875 0.0234375
7 0.7054687500000001 0.3681640625 0.0171875 0.060546875
7 0.6976562500000001 0.435546875 0.0203125 0.0234375
7 0.38671875 0.4501953125 0.004687500000000001 0.013671875
7 0.58515625 0.455078125 0.004687500000000001 0.015625
9 0.03359375 0.40234375 0.035937500000000004 0.01953125
9 0.7046875 0.4111328125 0.037500000000000006 0.025390625
0 0.09609375 0.4931640625 0.0171875 0.064453125
0 0.28984375 0.4814453125 0.0078125 0.025390625
0 0.3375 0.4814453125 0.009375000000000001 0.017578125
0 0.353125 0.482421875 0.00625 0.01171875
0 0.371875 0.4814453125 0.009375000000000001 0.017578125
0 0.39375000000000004 0.482421875 0.0125 0.02734375
0 0.41640625000000003 0.4873046875 0.004687500000000001 0.017578125
0 0.42265625 0.48828125 0.0078125 0.01953125
0 0.43828125 0.515625 0.035937500000000004 0.09765625
0 0.628125 0.48828125 0.00625 0.015625
0 0.6328125 0.490234375 0.00625 0.0234375
0 0.64453125 0.4892578125 0.010937500000000001 0.017578125
0 0.6531250000000001 0.48828125 0.00625 0.01953125
0 0.6742187500000001 0.4921875 0.004687500000000001 0.015625
0 0.6648437500000001 0.4912109375 0.004687500000000001 0.013671875
0 0.8734375000000001 0.515625 0.018750000000000003 0.0859375
0 0.90234375 0.5126953125 0.029687500000000002 0.095703125
2 0.5085937500000001 0.4912109375 0.010937500000000001 0.013671875
2 0.53046875 0.49609375 0.0140625 0.01953125
2 0.5554687500000001 0.501953125 0.0234375 0.0234375
2 0.5171875 0.4990234375 0.018750000000000003 0.025390625
8 0.58359375 0.5048828125 0.004687500000000001 0.017578125
1 0.15859375 0.5185546875 0.0234375 0.048828125
