9 0.28359375000000003 0.412109375 0.010937500000000001 0.015625
9 0.42031250000000003 0.4326171875 0.009375000000000001 0.013671875
9 0.30000000000000004 0.435546875 0.00625 0.01171875
0 0.209375 0.482421875 0.021875000000000002 0.0703125
0 0.55859375 0.5107421875 0.0734375 0.197265625
2 0.49062500000000003 0.4697265625 0.084375 0.060546875
2 0.5640625 0.4716796875 0.17500000000000002 0.083984375
2 0.71484375 0.4814453125 0.1265625 0.126953125
2 0.05078125 0.4736328125 0.1015625 0.064453125
2 0.09921875000000001 0.4638671875 0.08281250000000001 0.052734375
2 0.15156250000000002 0.45703125 0.043750000000000004 0.03125
2 0.2265625 0.478515625 0.171875 0.08203125
15 0.8625 0.4423828125 0.27187500000000003 0.279296875
15 0.40390625 0.4521484375 0.0546875 0.041015625
