7 0.71015625 0.3779296875 0.010937500000000001 0.037109375
7 0.6921875000000001 0.3779296875 0.009375000000000001 0.037109375
7 0.7109375 0.419921875 0.009375000000000001 0.015625
7 0.515625 0.2900390625 0.0125 0.041015625
7 0.41171875 0.263671875 0.010937500000000001 0.0390625
7 0.17109375000000002 0.248046875 0.010937500000000001 0.04296875
7 0.38828125 0.421875 0.004687500000000001 0.015625
9 0.45703125 0.271484375 0.0203125 0.02734375
9 0.19921875 0.2470703125 0.0234375 0.033203125
9 0.5710937500000001 0.330078125 0.060937500000000006 0.015625
9 0.28750000000000003 0.4560546875 0.015625 0.025390625
9 0.28750000000000003 0.490234375 0.009375000000000001 0.00390625
2 0.9812500000000001 0.490234375 0.034375 0.0625
2 0.6726562500000001 0.48828125 0.1015625 0.05078125
2 0.1609375 0.4794921875 0.1 0.076171875
2 0.240625 0.478515625 0.025 0.0234375
2 0.33437500000000003 0.474609375 0.018750000000000003 0.01953125
2 0.5484375 0.486328125 0.025 0.05078125
2 0.47109375000000003 0.46875 0.1328125 0.16015625
2 0.38828125 0.47265625 0.0171875 0.015625
2 0.35234375 0.466796875 0.0140625 0.01171875
2 0.26796875000000003 0.4736328125 0.0140625 0.013671875
2 0.275 0.462890625 0.009375000000000001 0.0078125
2 0.26640625 0.4599609375 0.010937500000000001 0.013671875
2 0.25390625 0.455078125 0.0078125 0.0078125
2 0.01953125 0.4921875 0.0390625 0.0390625
2 0.096875 0.490234375 0.03125 0.03515625
15 0.3375 0.4560546875 0.015625 0.021484375
