7 0.5945312500000001 0.3603515625 0.0234375 0.033203125
7 0.59375 0.4013671875 0.009375000000000001 0.017578125
7 0.39296875000000003 0.24609375 0.0234375 0.03125
7 0.278125 0.24609375 0.025 0.03125
7 0.21484375 0.2294921875 0.026562500000000003 0.033203125
7 0.053125000000000006 0.2587890625 0.028125 0.037109375
7 0.403125 0.4072265625 0.003125 0.009765625
7 0.384375 0.400390625 0.003125 0.01171875
7 0.34296875000000004 0.4072265625 0.004687500000000001 0.013671875
7 0.4390625 0.408203125 0.003125 0.01171875
7 0.3453125 0.443359375 0.003125 0.0078125
7 0.37031250000000004 0.439453125 0.003125 0.0078125
9 0.6734375 0.3642578125 0.03125 0.056640625
9 0.16484375 0.234375 0.0234375 0.0390625
9 0.0078125 0.267578125 0.015625 0.03515625
9 0.31093750000000003 0.251953125 0.015625 0.03125
9 0.43046875 0.2490234375 0.0140625 0.029296875
9 0.41015625 0.4072265625 0.004687500000000001 0.005859375
9 0.30312500000000003 0.421875 0.00625 0.0078125
0 0.6000000000000001 0.470703125 0.0125 0.05859375
2 0.9140625 0.4345703125 0.034375 0.017578125
2 0.39140625 0.4599609375 0.0140625 0.017578125
2 0.41796875 0.4560546875 0.0203125 0.029296875
15 0.309375 0.458984375 0.053125000000000006 0.06640625
2 0.26640625 0.4736328125 0.0328125 0.037109375
2 0.24765625000000002 0.4775390625 0.0234375 0.037109375
2 0.21796875000000002 0.4775390625 0.051562500000000004 0.041015625
2 0.16328125000000002 0.478515625 0.0484375 0.046875
2 0.10078125 0.4912109375 0.051562500000000004 0.041015625
2 0.35390625000000003 0.4658203125 0.010937500000000001 0.013671875
2 0.47734375 0.482421875 0.1234375 0.140625
