9 0.89609375 0.3349609375 0.0140625 0.048828125
9 0.26796875000000003 0.4091796875 0.010937500000000001 0.013671875
2 0.9453125 0.455078125 0.10625000000000001 0.0859375
2 0.853125 0.4345703125 0.10312500000000001 0.048828125
2 0.67890625 0.470703125 0.24531250000000002 0.1171875
2 0.05859375 0.4541015625 0.035937500000000004 0.041015625
2 0.08203125 0.458984375 0.0484375 0.0390625
2 0.14765625000000002 0.4892578125 0.1203125 0.087890625
2 0.32734375000000004 0.4658203125 0.0703125 0.041015625
2 0.28359375000000003 0.45703125 0.029687500000000002 0.03125
2 0.2078125 0.4677734375 0.06875 0.052734375
2 0.23359375000000002 0.462890625 0.045312500000000006 0.0390625
2 0.38046875 0.4541015625 0.035937500000000004 0.033203125
2 0.39140625 0.4453125 0.026562500000000003 0.02734375
2 0.40937500000000004 0.44140625 0.018750000000000003 0.0234375
2 0.43828125 0.4287109375 0.0234375 0.021484375
2 0.5125000000000001 0.447265625 0.028125 0.02734375
2 0.5390625 0.35546875 0.009375000000000001 0.01171875
2 0.5296875 0.365234375 0.009375000000000001 0.01171875
2 0.52265625 0.427734375 0.0203125 0.0234375
9 0.95234375 0.310546875 0.029687500000000002 0.046875
