9 0.64765625 0.46875 0.0203125 0.01171875
9 0.6101562500000001 0.462890625 0.0203125 0.01171875
9 0.65546875 0.3974609375 0.0390625 0.060546875
0 0.15546875000000002 0.4755859375 0.0140625 0.041015625
0 0.19062500000000002 0.470703125 0.009375000000000001 0.03515625
2 0.23750000000000002 0.458984375 0.046875 0.03125
2 0.95859375 0.45703125 0.07968750000000001 0.09765625
2 0.3828125 0.427734375 0.009375000000000001 0.01171875
2 0.3953125 0.42578125 0.009375000000000001 0.0078125
2 0.40546875000000004 0.4423828125 0.0203125 0.021484375
2 0.4625 0.4404296875 0.015625 0.017578125
2 0.478125 0.42578125 0.009375000000000001 0.01171875
2 0.48828125 0.427734375 0.010937500000000001 0.01171875
2 0.48515625 0.4208984375 0.0078125 0.005859375
2 0.5007812500000001 0.4296875 0.010937500000000001 0.01171875
2 0.52578125 0.439453125 0.0140625 0.01953125
2 0.52109375 0.427734375 0.0140625 0.01171875
2 0.7289062500000001 0.4287109375 0.026562500000000003 0.033203125
2 0.07265625 0.4775390625 0.029687500000000002 0.033203125
