9 0.16875 0.419921875 0.021875000000000002 0.01953125
0 0.9 0.5 0.03125 0.12890625
0 0.9265625000000001 0.4873046875 0.028125 0.142578125
0 0.95078125 0.4990234375 0.035937500000000004 0.123046875
0 0.9796875 0.48046875 0.034375 0.14453125
2 0.41875 0.4814453125 0.009375000000000001 0.009765625
2 0.4265625 0.4755859375 0.00625 0.005859375
2 0.4609375 0.4716796875 0.046875 0.060546875
2 0.33203125 0.4814453125 0.0765625 0.068359375
2 0.115625 0.494140625 0.134375 0.08984375
2 0.6101562500000001 0.5205078125 0.34218750000000003 0.197265625
9 0.6765625000000001 0.3447265625 0.03125 0.033203125
