9 0.22968750000000002 0.4072265625 0.0125 0.017578125
9 0.6101562500000001 0.353515625 0.0203125 0.02734375
9 0.6101562500000001 0.37890625 0.0140625 0.0234375
0 0.971875 0.484375 0.043750000000000004 0.18359375
0 0.89765625 0.478515625 0.0484375 0.14453125
0 0.9234375 0.45703125 0.021875000000000002 0.09765625
0 0.8406250000000001 0.46875 0.03125 0.109375
0 0.8617187500000001 0.48046875 0.0328125 0.10546875
0 0.8148437500000001 0.48046875 0.026562500000000003 0.08203125
0 0.7796875000000001 0.4833984375 0.028125 0.083984375
0 0.7468750000000001 0.4697265625 0.018750000000000003 0.064453125
0 0.73046875 0.451171875 0.0203125 0.0703125
0 0.7156250000000001 0.4716796875 0.021875000000000002 0.072265625
0 0.675 0.4677734375 0.025 0.056640625
2 0.28984375 0.484375 0.08281250000000001 0.07421875
2 0.784375 0.443359375 0.05625 0.0546875
