7 0.12890625 0.3876953125 0.010937500000000001 0.044921875
7 0.7640625000000001 0.2705078125 0.0125 0.056640625
7 0.9656250000000001 0.36328125 0.015625 0.0703125
7 0.9578125000000001 0.3095703125 0.034375 0.017578125
9 0.46015625000000004 0.427734375 0.0078125 0.00390625
9 0.46015625000000004 0.4169921875 0.0140625 0.017578125
9 0.8718750000000001 0.4228515625 0.00625 0.013671875
9 0.68359375 0.41796875 0.010937500000000001 0.015625
9 0.68359375 0.427734375 0.0078125 0.00390625
2 0.328125 0.4921875 0.07500000000000001 0.06640625
8 0.1625 0.5 0.009375000000000001 0.03515625
