7 0.034375 0.36328125 0.015625 0.05859375
7 0.03671875 0.4208984375 0.0203125 0.017578125
7 0.38671875 0.44921875 0.004687500000000001 0.015625
7 0.58515625 0.453125 0.004687500000000001 0.015625
7 0.7054687500000001 0.37109375 0.0171875 0.0625
7 0.6976562500000001 0.43359375 0.0234375 0.02734375
9 0.035937500000000004 0.40234375 0.040625 0.01953125
9 0.70625 0.4111328125 0.043750000000000004 0.017578125
0 0.0765625 0.517578125 0.028125 0.1171875
0 0.178125 0.525390625 0.025 0.109375
0 0.15234375 0.5244140625 0.0421875 0.123046875
0 0.23203125000000002 0.4912109375 0.010937500000000001 0.041015625
0 0.33671875 0.4814453125 0.010937500000000001 0.017578125
0 0.371875 0.4814453125 0.009375000000000001 0.017578125
0 0.9390625 0.5146484375 0.028125 0.095703125
0 0.703125 0.484375 0.0125 0.0390625
0 0.6687500000000001 0.48828125 0.015625 0.01953125
0 0.6492187500000001 0.4912109375 0.010937500000000001 0.021484375
0 0.634375 0.4921875 0.0125 0.0234375
0 0.28984375 0.4853515625 0.0078125 0.025390625
0 0.4140625 0.486328125 0.009375000000000001 0.01953125
0 0.42109375000000004 0.4892578125 0.0078125 0.021484375
2 0.55703125 0.4990234375 0.029687500000000002 0.029296875
2 0.5140625 0.4990234375 0.021875000000000002 0.025390625
2 0.5281250000000001 0.4951171875 0.015625 0.021484375
2 0.5328125 0.490234375 0.015625 0.0234375
8 0.5828125000000001 0.5048828125 0.00625 0.021484375
