0 0.8226562500000001 0.505859375 0.035937500000000004 0.125
0 0.3796875 0.4814453125 0.025 0.080078125
1 0.50390625 0.46875 0.010937500000000001 0.02734375
2 0.95234375 0.865234375 0.0921875 0.265625
2 0.63046875 0.5087890625 0.1234375 0.123046875
2 0.5750000000000001 0.486328125 0.03125 0.06640625
2 0.56171875 0.482421875 0.0328125 0.05859375
2 0.55078125 0.4736328125 0.029687500000000002 0.048828125
2 0.5515625000000001 0.4638671875 0.053125000000000006 0.060546875
2 0.5265625 0.453125 0.015625 0.03515625
2 0.51796875 0.4482421875 0.010937500000000001 0.029296875
2 0.49140625000000004 0.439453125 0.0203125 0.0234375
2 0.2171875 0.5322265625 0.115625 0.111328125
2 0.2734375 0.5068359375 0.07187500000000001 0.076171875
2 0.30703125000000003 0.494140625 0.06406250000000001 0.0703125
2 0.33984375 0.48828125 0.0328125 0.05859375
2 0.44140625 0.4697265625 0.051562500000000004 0.048828125
2 0.36953125000000003 0.466796875 0.045312500000000006 0.0546875
2 0.39687500000000003 0.462890625 0.025 0.046875
2 0.40859375000000003 0.4580078125 0.0203125 0.041015625
2 0.41953125 0.4462890625 0.0171875 0.017578125
2 0.465625 0.44140625 0.018750000000000003 0.01953125
2 0.44843750000000004 0.4384765625 0.015625 0.013671875
2 0.11953125 0.4560546875 0.0734375 0.021484375
0 0.50390625 0.4560546875 0.010937500000000001 0.037109375
0 0.7765625 0.427734375 0.009375000000000001 0.0234375
