1 0.8914062500000001 0.5361328125 0.0890625 0.083984375
1 0.49375 0.451171875 0.00625 0.01171875
2 0.95625 0.4619140625 0.043750000000000004 0.029296875
2 0.82578125 0.4609375 0.0421875 0.02734375
2 0.56171875 0.478515625 0.0484375 0.046875
2 0.54140625 0.46875 0.0390625 0.0390625
2 0.521875 0.458984375 0.015625 0.02734375
2 0.4734375 0.4375 0.009375000000000001 0.0078125
2 0.48203125 0.4365234375 0.004687500000000001 0.005859375
2 0.16796875 0.5537109375 0.1484375 0.126953125
2 0.24609375 0.5126953125 0.09843750000000001 0.111328125
2 0.31171875000000004 0.4931640625 0.0578125 0.068359375
2 0.34921875 0.4853515625 0.0421875 0.052734375
2 0.3671875 0.4736328125 0.040625 0.041015625
2 0.38906250000000003 0.4609375 0.028125 0.04296875
2 0.40625 0.4580078125 0.0125 0.033203125
2 0.41250000000000003 0.4541015625 0.015625 0.025390625
2 0.42031250000000003 0.4501953125 0.0125 0.021484375
2 0.42734375 0.4482421875 0.0140625 0.021484375
2 0.4390625 0.4453125 0.0125 0.01953125
2 0.44921875 0.44140625 0.0140625 0.015625
2 0.6265625 0.4677734375 0.034375 0.048828125
2 0.49921875000000004 0.44140625 0.010937500000000001 0.015625
2 0.49062500000000003 0.4375 0.009375000000000001 0.01171875
2 0.5859375 0.44921875 0.034375 0.03125
2 0.56953125 0.4453125 0.0203125 0.01953125
0 0.8875000000000001 0.5078125 0.037500000000000006 0.12890625
0 0.49296875 0.4453125 0.004687500000000001 0.01953125
0 0.37421875000000004 0.4853515625 0.0234375 0.087890625
15 0.37421875000000004 0.5283203125 0.0140625 0.013671875
