0 0.49609375 0.46484375 0.026562500000000003 0.0859375
0 0.5296875 0.4619140625 0.015625 0.064453125
0 0.54609375 0.470703125 0.0203125 0.0703125
0 0.5398437500000001 0.4423828125 0.0140625 0.037109375
0 0.55390625 0.4833984375 0.035937500000000004 0.142578125
0 0.57265625 0.4951171875 0.0421875 0.142578125
0 0.60546875 0.48828125 0.0328125 0.15234375
0 0.62421875 0.5009765625 0.0390625 0.154296875
0 0.6781250000000001 0.498046875 0.046875 0.15625
0 0.86484375 0.5986328125 0.16718750000000002 0.427734375
0 0.9671875000000001 0.5732421875 0.0625 0.482421875
2 0.7781250000000001 0.46875 0.17500000000000002 0.1015625
2 0.81953125 0.5078125 0.24531250000000002 0.1796875
2 0.9578125000000001 0.5458984375 0.08125 0.314453125
2 0.178125 0.4638671875 0.125 0.111328125
2 0.15703125 0.49609375 0.07968750000000001 0.109375
2 0.07109375 0.4931640625 0.1421875 0.279296875
2 0.33515625000000004 0.5732421875 0.30781250000000004 0.302734375
