9 0.85078125 0.38671875 0.045312500000000006 0.0546875
9 0.70859375 0.4326171875 0.0390625 0.068359375
0 0.415625 0.5341796875 0.009375000000000001 0.041015625
0 0.3046875 0.5244140625 0.0125 0.029296875
0 0.61640625 0.51953125 0.0078125 0.02734375
0 0.596875 0.5146484375 0.00625 0.013671875
0 0.6062500000000001 0.513671875 0.00625 0.01171875
0 0.6218750000000001 0.5185546875 0.00625 0.025390625
0 0.73203125 0.509765625 0.0078125 0.01171875
0 0.6828125 0.5087890625 0.00625 0.013671875
2 0.54921875 0.57421875 0.09531250000000001 0.109375
2 0.634375 0.6796875 0.259375 0.27734375
2 0.36562500000000003 0.5322265625 0.043750000000000004 0.029296875
