0 0.98203125 0.5986328125 0.0328125 0.173828125
1 0.4890625 0.4365234375 0.00625 0.013671875
1 0.49609375 0.4296875 0.004687500000000001 0.0078125
1 0.5171875 0.4384765625 0.00625 0.013671875
2 0.86484375 0.4716796875 0.11093750000000001 0.064453125
2 0.8226562500000001 0.4658203125 0.0703125 0.056640625
2 0.7781250000000001 0.451171875 0.053125000000000006 0.0234375
2 0.8210937500000001 0.4287109375 0.0703125 0.029296875
2 0.7562500000000001 0.4384765625 0.06875 0.033203125
2 0.80859375 0.609375 0.24531250000000002 0.1953125
2 0.6796875 0.5107421875 0.146875 0.138671875
2 0.5867187500000001 0.46875 0.051562500000000004 0.05078125
2 0.5765625 0.4560546875 0.040625 0.044921875
2 0.55859375 0.4541015625 0.0203125 0.037109375
2 0.5476562500000001 0.447265625 0.0140625 0.02734375
2 0.55 0.4423828125 0.021875000000000002 0.029296875
2 0.59296875 0.4296875 0.026562500000000003 0.015625
2 0.5609375 0.4248046875 0.018750000000000003 0.013671875
2 0.5390625 0.4384765625 0.009375000000000001 0.021484375
2 0.5359375000000001 0.4345703125 0.015625 0.021484375
2 0.52734375 0.431640625 0.0078125 0.015625
2 0.503125 0.427734375 0.0125 0.01171875
2 0.50703125 0.423828125 0.0078125 0.0078125
2 0.5234375 0.4267578125 0.0125 0.013671875
2 0.08828125 0.59765625 0.1765625 0.21875
2 0.21796875000000002 0.5576171875 0.1234375 0.123046875
2 0.2734375 0.5302734375 0.096875 0.095703125
2 0.34375 0.49609375 0.07500000000000001 0.0703125
2 0.37734375000000003 0.4833984375 0.0328125 0.048828125
2 0.3828125 0.4736328125 0.043750000000000004 0.044921875
2 0.40625 0.4658203125 0.037500000000000006 0.044921875
2 0.42031250000000003 0.45703125 0.040625 0.04296875
2 0.4390625 0.44921875 0.015625 0.02734375
2 0.44375000000000003 0.4453125 0.025 0.03125
2 0.4578125 0.443359375 0.0125 0.02734375
2 0.46640625 0.4375 0.0140625 0.015625
2 0.47109375000000003 0.4365234375 0.0140625 0.017578125
2 0.48046875 0.431640625 0.010937500000000001 0.015625
0 0.4890625 0.4326171875 0.00625 0.017578125
0 0.49609375 0.42578125 0.004687500000000001 0.01171875
0 0.5171875 0.4326171875 0.00625 0.021484375
