4 0.5171875 0.353515625 0.1375 0.26953125
7 0.25546875 0.3603515625 0.0078125 0.025390625
7 0.275 0.3681640625 0.009375000000000001 0.021484375
7 0.35781250000000003 0.3564453125 0.009375000000000001 0.025390625
7 0.3671875 0.349609375 0.009375000000000001 0.03515625
7 0.33515625000000004 0.357421875 0.0078125 0.01171875
7 0.596875 0.3515625 0.009375000000000001 0.0234375
7 0.6976562500000001 0.388671875 0.004687500000000001 0.0078125
7 0.41718750000000004 0.37890625 0.003125 0.00390625
7 0.8226562500000001 0.3701171875 0.0078125 0.025390625
9 0.15156250000000002 0.279296875 0.043750000000000004 0.0703125
9 0.36796875 0.390625 0.010937500000000001 0.01953125
9 0.32578125 0.3681640625 0.0078125 0.013671875
9 0.3828125 0.3828125 0.0125 0.01953125
9 0.63671875 0.4462890625 0.0171875 0.041015625
9 0.29531250000000003 0.31640625 0.03125 0.03125
0 0.24140625000000002 0.4228515625 0.0234375 0.068359375
0 0.28046875 0.4248046875 0.029687500000000002 0.083984375
0 0.33203125 0.4013671875 0.0078125 0.013671875
0 0.38828125 0.4140625 0.0078125 0.02734375
0 0.39609375 0.4150390625 0.0078125 0.029296875
0 0.403125 0.416015625 0.00625 0.0234375
0 0.40937500000000004 0.4150390625 0.00625 0.021484375
0 0.421875 0.41796875 0.009375000000000001 0.02734375
0 0.978125 0.46875 0.03125 0.11328125
0 0.9343750000000001 0.4560546875 0.021875000000000002 0.083984375
0 0.90546875 0.4541015625 0.0203125 0.087890625
0 0.88828125 0.453125 0.0234375 0.09375
0 0.81640625 0.4404296875 0.0171875 0.064453125
0 0.7835937500000001 0.4326171875 0.0140625 0.052734375
0 0.796875 0.43359375 0.0125 0.05078125
0 0.8671875 0.4423828125 0.0125 0.056640625
0 0.8382812500000001 0.4404296875 0.010937500000000001 0.048828125
0 0.640625 0.416015625 0.009375000000000001 0.01953125
0 0.65 0.423828125 0.009375000000000001 0.03125
0 0.68125 0.4248046875 0.009375000000000001 0.033203125
0 0.69921875 0.4248046875 0.010937500000000001 0.033203125
0 0.66328125 0.4267578125 0.010937500000000001 0.033203125
2 0.546875 0.451171875 0.15000000000000002 0.1796875
2 0.44296875 0.423828125 0.0203125 0.0625
2 0.32578125 0.421875 0.060937500000000006 0.03515625
2 0.7585937500000001 0.427734375 0.1015625 0.046875
