9 0.5890625 0.3818359375 0.025 0.041015625
2 0.9234375 0.4658203125 0.15000000000000002 0.146484375
2 0.69453125 0.509765625 0.2078125 0.19921875
2 0.5632812500000001 0.4921875 0.0921875 0.08203125
2 0.5164062500000001 0.478515625 0.0390625 0.046875
2 0.47968750000000004 0.4658203125 0.028125 0.029296875
2 0.15625 0.466796875 0.115625 0.05859375
2 0.2515625 0.4814453125 0.0625 0.064453125
2 0.30703125000000003 0.48828125 0.07968750000000001 0.07421875
2 0.37265625 0.4736328125 0.0390625 0.037109375
2 0.3828125 0.4462890625 0.018750000000000003 0.021484375
2 0.33437500000000003 0.4423828125 0.021875000000000002 0.025390625
2 0.46171875 0.4599609375 0.0234375 0.025390625
2 0.36171875000000003 0.4443359375 0.026562500000000003 0.021484375
