1 0.53359375 0.490234375 0.026562500000000003 0.05859375
1 0.47734375 0.484375 0.026562500000000003 0.05859375
2 0.7742187500000001 0.5419921875 0.2390625 0.244140625
2 0.6609375000000001 0.5029296875 0.096875 0.150390625
2 0.6265625 0.484375 0.065625 0.12109375
2 0.5828125000000001 0.4814453125 0.043750000000000004 0.068359375
2 0.55859375 0.470703125 0.0328125 0.0546875
2 0.5171875 0.4599609375 0.015625 0.029296875
2 0.5078125 0.4541015625 0.0125 0.025390625
2 0.49843750000000003 0.451171875 0.0125 0.01953125
2 0.4578125 0.453125 0.009375000000000001 0.01171875
2 0.44453125000000004 0.451171875 0.0140625 0.015625
2 0.43359375 0.453125 0.010937500000000001 0.01953125
2 0.42031250000000003 0.451171875 0.018750000000000003 0.02734375
2 0.4078125 0.453125 0.021875000000000002 0.03515625
2 0.39687500000000003 0.4560546875 0.025 0.037109375
2 0.37109375 0.4599609375 0.029687500000000002 0.048828125
2 0.3453125 0.466796875 0.053125000000000006 0.0546875
2 0.29921875000000003 0.478515625 0.060937500000000006 0.078125
2 0.22578125000000002 0.4892578125 0.1171875 0.103515625
0 0.53359375 0.4677734375 0.026562500000000003 0.083984375
0 0.4765625 0.462890625 0.028125 0.08984375
