7 0.025781250000000002 0.1728515625 0.0171875 0.056640625
7 0.22031250000000002 0.181640625 0.021875000000000002 0.06640625
7 0.45937500000000003 0.33203125 0.015625 0.0546875
7 0.76484375 0.3134765625 0.0234375 0.080078125
7 0.83359375 0.31640625 0.0203125 0.078125
9 0.06015625 0.1728515625 0.0203125 0.029296875
9 0.453125 0.2529296875 0.028125 0.021484375
0 0.9734375000000001 0.458984375 0.034375 0.08984375
1 0.45703125 0.486328125 0.06406250000000001 0.0546875
2 0.18515625000000002 0.4609375 0.0546875 0.0625
2 0.23046875 0.484375 0.1046875 0.09375
2 0.3453125 0.4619140625 0.046875 0.044921875
2 0.3171875 0.458984375 0.021875000000000002 0.03125
2 0.29296875 0.4560546875 0.0234375 0.029296875
2 0.27265625 0.4521484375 0.0171875 0.021484375
0 0.45859375 0.47265625 0.029687500000000002 0.08203125
