9 0.62265625 0.345703125 0.0328125 0.04296875
9 0.62265625 0.37109375 0.0203125 0.0078125
9 0.5734375 0.4072265625 0.025 0.021484375
9 0.1453125 0.375 0.03125 0.03515625
9 0.14609375 0.3974609375 0.0171875 0.009765625
9 0.24765625000000002 0.4150390625 0.0234375 0.025390625
9 0.2484375 0.443359375 0.0125 0.015625
0 0.8539062500000001 0.4853515625 0.0390625 0.134765625
2 0.628125 0.4638671875 0.09062500000000001 0.060546875
2 0.54296875 0.474609375 0.1078125 0.10546875
2 0.48984375 0.4697265625 0.0328125 0.076171875
2 0.4140625 0.458984375 0.078125 0.05078125
