9 0.69921875 0.2978515625 0.035937500000000004 0.044921875
9 0.696875 0.2412109375 0.040625 0.068359375
9 0.5554687500000001 0.3974609375 0.010937500000000001 0.005859375
9 0.525 0.4365234375 0.009375000000000001 0.017578125
0 0.8625 0.41796875 0.034375 0.11328125
0 0.7351562500000001 0.412109375 0.0203125 0.08203125
0 0.7234375000000001 0.4150390625 0.015625 0.068359375
0 0.71015625 0.41015625 0.0140625 0.078125
0 0.68671875 0.4150390625 0.0203125 0.076171875
0 0.66328125 0.4189453125 0.0140625 0.052734375
0 0.64609375 0.416015625 0.0171875 0.05859375
0 0.6140625000000001 0.419921875 0.021875000000000002 0.05859375
0 0.5906250000000001 0.4208984375 0.018750000000000003 0.048828125
0 0.540625 0.435546875 0.018750000000000003 0.0546875
0 0.2421875 0.4619140625 0.009375000000000001 0.037109375
0 0.20703125 0.4580078125 0.0140625 0.052734375
0 0.1921875 0.45703125 0.0125 0.05078125
0 0.15703125 0.4560546875 0.0203125 0.060546875
0 0.1390625 0.455078125 0.018750000000000003 0.05859375
2 0.46328125000000003 0.455078125 0.029687500000000002 0.0234375
