7 0.6179687500000001 0.33984375 0.010937500000000001 0.04296875
0 0.64375 0.4638671875 0.03125 0.123046875
0 0.8078125 0.4423828125 0.018750000000000003 0.064453125
0 0.8679687500000001 0.4521484375 0.026562500000000003 0.095703125
0 0.9375 0.41015625 0.040625 0.08984375
0 0.9710937500000001 0.4912109375 0.0546875 0.236328125
0 0.98359375 0.4658203125 0.029687500000000002 0.267578125
0 0.0234375 0.4736328125 0.018750000000000003 0.080078125
0 0.07734375 0.44921875 0.010937500000000001 0.03125
0 0.060937500000000006 0.4716796875 0.018750000000000003 0.080078125
0 0.1875 0.4638671875 0.0125 0.052734375
0 0.17265625 0.462890625 0.0140625 0.05078125
0 0.00625 0.4716796875 0.0125 0.087890625
0 0.19921875 0.4638671875 0.0078125 0.041015625
2 0.2546875 0.484375 0.08125 0.0703125
2 0.29609375 0.47265625 0.0578125 0.0625
2 0.434375 0.494140625 0.2 0.23046875
2 0.55 0.4892578125 0.065625 0.123046875
0 0.153125 0.4580078125 0.015625 0.056640625
14 0.7125 0.4833984375 0.078125 0.087890625
