1 0.68359375 0.5283203125 0.0390625 0.087890625
1 0.7562500000000001 0.544921875 0.053125000000000006 0.109375
1 0.9320312500000001 0.5908203125 0.0890625 0.142578125
2 0.27890625 0.462890625 0.0546875 0.02734375
2 0.31796875 0.4638671875 0.029687500000000002 0.033203125
2 0.45859375 0.4697265625 0.0234375 0.025390625
2 0.83984375 0.5078125 0.11406250000000001 0.07421875
0 0.68125 0.4931640625 0.037500000000000006 0.119140625
0 0.75703125 0.5078125 0.0484375 0.1328125
0 0.93125 0.53515625 0.084375 0.16015625
2 0.0671875 0.4580078125 0.134375 0.060546875
2 0.08984375 0.4462890625 0.1796875 0.072265625
