4 0.12109375 0.4443359375 0.17343750000000002 0.158203125
7 0.9460937500000001 0.021484375 0.026562500000000003 0.04296875
7 0.37265625 0.16015625 0.0203125 0.0625
7 0.84296875 0.2724609375 0.0203125 0.064453125
7 0.421875 0.4326171875 0.00625 0.013671875
7 0.51171875 0.4609375 0.004687500000000001 0.01171875
7 0.525 0.4091796875 0.00625 0.017578125
9 0.82734375 0.201171875 0.051562500000000004 0.0234375
9 0.42500000000000004 0.126953125 0.025 0.03125
9 0.8328125000000001 0.3251953125 0.053125000000000006 0.025390625
9 0.6296875000000001 0.3916015625 0.025 0.033203125
9 0.6296875000000001 0.4140625 0.018750000000000003 0.015625
9 0.45390625 0.427734375 0.0078125 0.01171875
9 0.44140625 0.4287109375 0.0078125 0.013671875
9 0.51953125 0.4541015625 0.0078125 0.013671875
9 0.32265625000000003 0.412109375 0.0140625 0.015625
9 0.26875 0.4169921875 0.009375000000000001 0.017578125
2 0.56953125 0.4501953125 0.0890625 0.095703125
2 0.51875 0.478515625 0.025 0.03515625
2 0.49765625 0.486328125 0.0234375 0.01953125
2 0.0203125 0.486328125 0.040625 0.078125
2 0.2015625 0.48046875 0.07500000000000001 0.07421875
2 0.34296875000000004 0.4990234375 0.2890625 0.173828125
0 0.37109375 0.4736328125 0.0890625 0.119140625
7 0.98984375 0.2626953125 0.0171875 0.064453125
