9 0.065625 0.3662109375 0.037500000000000006 0.044921875
9 0.0625 0.39453125 0.015625 0.01171875
0 0.6015625 0.4775390625 0.015625 0.037109375
0 0.5390625 0.47265625 0.003125 0.01171875
1 0.62265625 0.5283203125 0.029687500000000002 0.068359375
2 0.4859375 0.4716796875 0.021875000000000002 0.021484375
2 0.49921875000000004 0.4736328125 0.0078125 0.013671875
2 0.46796875000000004 0.47265625 0.0140625 0.015625
2 0.45156250000000003 0.47265625 0.018750000000000003 0.01953125
2 0.43046875 0.4716796875 0.0234375 0.021484375
2 0.3203125 0.46875 0.028125 0.02734375
2 0.28046875 0.4794921875 0.060937500000000006 0.072265625
2 0.22890625 0.4912109375 0.0859375 0.064453125
2 0.36015625 0.498046875 0.1015625 0.08984375
0 0.6218750000000001 0.501953125 0.028125 0.09765625
