9 0.14375000000000002 0.3212890625 0.034375 0.060546875
9 0.6703125000000001 0.3798828125 0.009375000000000001 0.021484375
1 0.6125 0.4541015625 0.028125 0.044921875
1 0.57578125 0.4638671875 0.029687500000000002 0.041015625
1 0.53828125 0.458984375 0.0328125 0.046875
1 0.50546875 0.45703125 0.0328125 0.0546875
1 0.48125 0.458984375 0.03125 0.05859375
1 0.4578125 0.4658203125 0.040625 0.060546875
1 0.43671875000000004 0.4716796875 0.0390625 0.052734375
1 0.384375 0.4755859375 0.040625 0.064453125
1 0.27421875 0.486328125 0.026562500000000003 0.06640625
1 0.30546875 0.4853515625 0.045312500000000006 0.068359375
1 0.16718750000000002 0.4951171875 0.08125 0.076171875
1 0.06015625 0.4951171875 0.0859375 0.080078125
2 0.75546875 0.4384765625 0.08281250000000001 0.068359375
2 0.9695312500000001 0.4287109375 0.0578125 0.080078125
2 0.66953125 0.431640625 0.060937500000000006 0.03125
2 0.18281250000000002 0.4267578125 0.23125 0.107421875
0 0.05234375 0.4541015625 0.0484375 0.134765625
0 0.16640625 0.4638671875 0.0390625 0.095703125
0 0.27578125000000003 0.4560546875 0.029687500000000002 0.087890625
0 0.30234375 0.44921875 0.0421875 0.109375
0 0.390625 0.453125 0.040625 0.1015625
0 0.43203125000000003 0.44921875 0.029687500000000002 0.06640625
0 0.453125 0.443359375 0.028125 0.1015625
0 0.48281250000000003 0.4423828125 0.034375 0.087890625
0 0.50625 0.4287109375 0.03125 0.083984375
0 0.5390625 0.443359375 0.03125 0.0703125
0 0.57578125 0.443359375 0.029687500000000002 0.07421875
0 0.6117187500000001 0.4306640625 0.029687500000000002 0.083984375
