0 0.7125 0.470703125 0.025 0.06640625
0 0.4765625 0.4443359375 0.009375000000000001 0.025390625
1 0.51328125 0.4580078125 0.0078125 0.021484375
1 0.390625 0.5029296875 0.025 0.052734375
2 0.6625000000000001 0.4599609375 0.05625 0.037109375
2 0.15546875000000002 0.5625 0.1609375 0.140625
2 0.25 0.5185546875 0.11875000000000001 0.123046875
2 0.0171875 0.6591796875 0.034375 0.142578125
2 0.33515625000000004 0.4970703125 0.060937500000000006 0.064453125
2 0.35234375 0.482421875 0.0546875 0.0625
2 0.41875 0.4638671875 0.034375 0.033203125
2 0.42890625000000004 0.4580078125 0.0203125 0.029296875
2 0.43281250000000004 0.4560546875 0.018750000000000003 0.029296875
2 0.43984375000000003 0.4560546875 0.010937500000000001 0.025390625
2 0.446875 0.4482421875 0.025 0.025390625
2 0.4578125 0.4462890625 0.0125 0.021484375
2 0.46171875 0.4453125 0.010937500000000001 0.01953125
2 0.46484375 0.443359375 0.0078125 0.015625
2 0.46875 0.4423828125 0.00625 0.013671875
2 0.49062500000000003 0.4462890625 0.018750000000000003 0.017578125
2 0.49843750000000003 0.4375 0.015625 0.015625
2 0.57578125 0.43359375 0.0234375 0.015625
2 0.91953125 0.802734375 0.15781250000000002 0.38671875
2 0.85078125 0.6669921875 0.2921875 0.275390625
2 0.6671875 0.5341796875 0.13125 0.115234375
2 0.60546875 0.4814453125 0.0703125 0.076171875
2 0.5671875000000001 0.4677734375 0.034375 0.044921875
2 0.534375 0.451171875 0.009375000000000001 0.0234375
2 0.55078125 0.4541015625 0.0328125 0.037109375
2 0.534375 0.4462890625 0.021875000000000002 0.029296875
2 0.525 0.4423828125 0.00625 0.017578125
2 0.5234375 0.4384765625 0.009375000000000001 0.017578125
0 0.51328125 0.4482421875 0.0078125 0.029296875
0 0.3921875 0.482421875 0.025 0.08203125
