7 0.0328125 0.361328125 0.015625 0.0546875
7 0.037500000000000006 0.4208984375 0.018750000000000003 0.021484375
7 0.7046875 0.3681640625 0.018750000000000003 0.056640625
7 0.696875 0.43359375 0.021875000000000002 0.0234375
7 0.5859375 0.453125 0.00625 0.015625
7 0.38593750000000004 0.44921875 0.00625 0.015625
9 0.03671875 0.4013671875 0.0421875 0.017578125
9 0.70625 0.408203125 0.043750000000000004 0.01953125
0 0.28984375 0.484375 0.010937500000000001 0.01953125
0 0.33515625000000004 0.4814453125 0.010937500000000001 0.017578125
0 0.37109375 0.4833984375 0.0078125 0.017578125
0 0.7375 0.537109375 0.03125 0.12109375
0 0.7078125000000001 0.53515625 0.043750000000000004 0.11328125
0 0.68671875 0.5302734375 0.0328125 0.111328125
0 0.6484375 0.490234375 0.015625 0.0234375
0 0.42109375000000004 0.4892578125 0.0078125 0.021484375
0 0.43281250000000004 0.486328125 0.00625 0.015625
2 0.5578125 0.49609375 0.03125 0.03515625
2 0.5359375000000001 0.494140625 0.0125 0.01953125
2 0.5234375 0.494140625 0.021875000000000002 0.02734375
2 0.51328125 0.505859375 0.035937500000000004 0.0390625
8 0.5828125000000001 0.50390625 0.00625 0.01953125
