4 0.46171875 0.3896484375 0.035937500000000004 0.044921875
7 0.7703125000000001 0.2939453125 0.018750000000000003 0.076171875
7 0.6507812500000001 0.337890625 0.010937500000000001 0.046875
7 0.6203125 0.359375 0.009375000000000001 0.03125
7 0.6046875 0.36328125 0.009375000000000001 0.03515625
7 0.7273437500000001 0.3095703125 0.0171875 0.064453125
0 0.3875 0.40234375 0.009375000000000001 0.046875
0 0.36250000000000004 0.40234375 0.0125 0.046875
6 0.50625 0.3955078125 0.028125 0.037109375
6 0.9125000000000001 0.41796875 0.171875 0.1796875
2 0.16328125000000002 0.4619140625 0.32656250000000003 0.388671875
2 0.47187500000000004 0.404296875 0.025 0.02734375
2 0.50390625 0.4052734375 0.0234375 0.021484375
2 0.53359375 0.4091796875 0.029687500000000002 0.041015625
2 0.5625 0.4140625 0.040625 0.046875
2 0.5890625 0.416015625 0.015625 0.03515625
2 0.6078125000000001 0.4169921875 0.021875000000000002 0.033203125
2 0.6804687500000001 0.4150390625 0.060937500000000006 0.072265625
2 0.65234375 0.443359375 0.1015625 0.08984375
