7 0.6507812500000001 0.37109375 0.0078125 0.0234375
7 0.634375 0.310546875 0.00625 0.0234375
7 0.5265625 0.3603515625 0.00625 0.033203125
7 0.42031250000000003 0.333984375 0.00625 0.0234375
7 0.40546875000000004 0.283203125 0.010937500000000001 0.03515625
7 0.2921875 0.361328125 0.009375000000000001 0.0390625
0 0.6585937500000001 0.439453125 0.0171875 0.05859375
0 0.625 0.4326171875 0.025 0.064453125
0 0.31875000000000003 0.4453125 0.015625 0.02734375
0 0.15078125 0.4482421875 0.0234375 0.072265625
0 0.7328125000000001 0.45703125 0.025 0.1171875
0 0.70078125 0.4443359375 0.0203125 0.056640625
1 0.884375 0.4990234375 0.05625 0.119140625
1 0.8546875 0.5009765625 0.0625 0.126953125
1 0.8210937500000001 0.4736328125 0.0421875 0.087890625
1 0.63984375 0.482421875 0.029687500000000002 0.0625
1 0.6625000000000001 0.4619140625 0.037500000000000006 0.029296875
1 0.56796875 0.4619140625 0.0234375 0.056640625
1 0.52890625 0.48828125 0.0171875 0.06640625
1 0.48359375000000004 0.4892578125 0.0171875 0.060546875
1 0.42031250000000003 0.462890625 0.018750000000000003 0.0234375
1 0.40078125000000003 0.4521484375 0.004687500000000001 0.017578125
1 0.284375 0.4609375 0.025 0.0390625
1 0.2625 0.45703125 0.018750000000000003 0.0546875
1 0.13359375 0.484375 0.0421875 0.08203125
1 0.11171875 0.48828125 0.029687500000000002 0.0703125
1 0.055468750000000004 0.486328125 0.035937500000000004 0.06640625
1 0.23671875 0.4609375 0.0234375 0.046875
2 0.4453125 0.4453125 0.021875000000000002 0.01953125
2 0.39375000000000004 0.4482421875 0.0125 0.013671875
2 0.40859375000000003 0.443359375 0.010937500000000001 0.015625
0 0.52578125 0.44921875 0.0328125 0.109375
0 0.48046875 0.4609375 0.0328125 0.09375
0 0.421875 0.4462890625 0.0125 0.041015625
0 0.40078125000000003 0.44140625 0.0078125 0.01953125
