7 0.49062500000000003 0.41796875 0.009375000000000001 0.01953125
7 0.48203125 0.4248046875 0.0078125 0.017578125
7 0.43203125000000003 0.3857421875 0.0078125 0.017578125
7 0.3953125 0.3828125 0.00625 0.015625
7 0.30390625000000004 0.376953125 0.0078125 0.0234375
7 0.23046875 0.4208984375 0.0078125 0.021484375
9 0.4765625 0.45703125 0.00625 0.01171875
9 0.48359375000000004 0.40234375 0.0203125 0.0078125
9 0.23046875 0.392578125 0.0234375 0.01171875
9 0.28046875 0.427734375 0.0078125 0.015625
0 0.81015625 0.4560546875 0.0078125 0.025390625
0 0.76953125 0.4580078125 0.0078125 0.021484375
0 0.77734375 0.4560546875 0.0078125 0.025390625
0 0.6062500000000001 0.4580078125 0.0125 0.060546875
0 0.6125 0.462890625 0.018750000000000003 0.05078125
2 0.42031250000000003 0.4541015625 0.025 0.033203125
0 0.22109375 0.462890625 0.0078125 0.02734375
