4 0.6335937500000001 0.4267578125 0.29531250000000003 0.115234375
4 0.4453125 0.416015625 0.07500000000000001 0.03515625
4 0.26328125 0.4443359375 0.09843750000000001 0.041015625
4 0.34296875000000004 0.419921875 0.0546875 0.04296875
9 0.496875 0.2373046875 0.034375 0.044921875
0 0.9437500000000001 0.505859375 0.09062500000000001 0.38671875
0 0.8171875000000001 0.51171875 0.09375 0.359375
0 0.8890625000000001 0.5244140625 0.1125 0.412109375
0 0.5437500000000001 0.4599609375 0.034375 0.115234375
0 0.4375 0.4755859375 0.03125 0.119140625
0 0.48046875 0.46875 0.0390625 0.1171875
0 0.45546875000000003 0.4462890625 0.0140625 0.064453125
0 0.42031250000000003 0.4501953125 0.0125 0.060546875
0 0.37812500000000004 0.4453125 0.009375000000000001 0.03125
0 0.40234375 0.4453125 0.0078125 0.03125
0 0.19375 0.4541015625 0.00625 0.025390625
0 0.1390625 0.458984375 0.009375000000000001 0.02734375
0 0.017968750000000002 0.4736328125 0.010937500000000001 0.025390625
2 0.6843750000000001 0.44140625 0.19062500000000002 0.1015625
2 0.60546875 0.4365234375 0.0921875 0.083984375
2 0.33906250000000004 0.478515625 0.084375 0.07421875
2 0.28671875 0.451171875 0.029687500000000002 0.0234375
8 0.184375 0.46484375 0.00625 0.015625
