9 0.68515625 0.3916015625 0.035937500000000004 0.048828125
0 0.83125 0.5166015625 0.07187500000000001 0.240234375
0 0.7375 0.5146484375 0.0625 0.173828125
0 0.7828125 0.5458984375 0.05625 0.169921875
0 0.6765625000000001 0.501953125 0.05 0.14453125
2 0.096875 0.501953125 0.19375 0.25390625
2 0.240625 0.4931640625 0.10625000000000001 0.103515625
2 0.40625 0.505859375 0.13125 0.12890625
2 0.30000000000000004 0.4853515625 0.05 0.060546875
2 0.31328125 0.4755859375 0.0578125 0.048828125
2 0.46796875000000004 0.4794921875 0.026562500000000003 0.033203125
2 0.48750000000000004 0.4775390625 0.05 0.037109375
2 0.6125 0.4794921875 0.153125 0.060546875
15 0.7109375 0.537109375 0.028125 0.109375
