7 0.68671875 0.2861328125 0.0421875 0.048828125
7 0.7289062500000001 0.330078125 0.010937500000000001 0.0390625
7 0.7375 0.3798828125 0.0125 0.017578125
7 0.09140625000000001 0.369140625 0.0140625 0.04296875
7 0.115625 0.408203125 0.018750000000000003 0.01953125
7 0.5593750000000001 0.392578125 0.0125 0.015625
7 0.5625 0.3505859375 0.0125 0.044921875
9 0.734375 0.3623046875 0.009375000000000001 0.013671875
9 0.6960937500000001 0.23828125 0.029687500000000002 0.04296875
9 0.6820312500000001 0.177734375 0.0421875 0.078125
9 0.77265625 0.3671875 0.026562500000000003 0.0078125
0 0.359375 0.4892578125 0.084375 0.181640625
0 0.45703125 0.4892578125 0.06406250000000001 0.169921875
0 0.5234375 0.490234375 0.059375000000000004 0.17578125
0 0.553125 0.484375 0.034375 0.16796875
0 0.06406250000000001 0.4697265625 0.021875000000000002 0.076171875
0 0.9828125000000001 0.4501953125 0.03125 0.333984375
2 0.24453125 0.4677734375 0.0546875 0.048828125
2 0.41640625000000003 0.4580078125 0.0421875 0.044921875
2 0.49140625000000004 0.4609375 0.026562500000000003 0.0390625
2 0.60703125 0.4697265625 0.16718750000000002 0.083984375
