7 0.16015625 0.2626953125 0.0171875 0.076171875
7 0.15156250000000002 0.3544921875 0.021875000000000002 0.033203125
7 0.9148437500000001 0.3740234375 0.0234375 0.029296875
7 0.90625 0.2822265625 0.021875000000000002 0.080078125
9 0.30781250000000004 0.35546875 0.009375000000000001 0.01953125
9 0.9359375000000001 0.3486328125 0.065625 0.021484375
9 0.7601562500000001 0.373046875 0.0234375 0.0234375
0 0.55625 0.5048828125 0.065625 0.134765625
2 0.06640625 0.6181640625 0.1328125 0.248046875
2 0.3296875 0.4677734375 0.08750000000000001 0.091796875
2 0.371875 0.45703125 0.037500000000000006 0.07421875
2 0.4078125 0.4345703125 0.034375 0.033203125
2 0.42812500000000003 0.43359375 0.0125 0.03125
2 0.6015625 0.4541015625 0.05625 0.048828125
2 0.56796875 0.443359375 0.026562500000000003 0.03125
2 0.56015625 0.431640625 0.0421875 0.05078125
2 0.5359375000000001 0.4365234375 0.018750000000000003 0.033203125
2 0.51953125 0.435546875 0.0140625 0.0234375
15 0.50390625 0.53125 0.0578125 0.0859375
