7 0.70703125 0.2294921875 0.026562500000000003 0.083984375
7 0.7234375000000001 0.3232421875 0.028125 0.037109375
7 0.37343750000000003 0.26171875 0.018750000000000003 0.0703125
7 0.36953125000000003 0.337890625 0.0234375 0.02734375
9 0.71796875 0.2880859375 0.035937500000000004 0.029296875
9 0.7820312500000001 0.3017578125 0.060937500000000006 0.021484375
9 0.76171875 0.265625 0.0234375 0.04296875
9 0.30781250000000004 0.3603515625 0.0125 0.021484375
0 0.9625 0.4736328125 0.07187500000000001 0.333984375
0 0.9031250000000001 0.4951171875 0.09062500000000001 0.337890625
0 0.8328125000000001 0.5 0.1 0.3515625
0 0.66796875 0.4775390625 0.051562500000000004 0.162109375
0 0.5632812500000001 0.4775390625 0.060937500000000006 0.224609375
0 0.5398437500000001 0.4775390625 0.0390625 0.205078125
0 0.49765625 0.47265625 0.0578125 0.23828125
0 0.33515625000000004 0.4462890625 0.0171875 0.048828125
2 0.27187500000000003 0.4560546875 0.05625 0.056640625
2 0.2 0.4443359375 0.034375 0.041015625
2 0.11875000000000001 0.4482421875 0.046875 0.041015625
2 0.06328125 0.451171875 0.0484375 0.04296875
8 0.34921875 0.470703125 0.0140625 0.0625
