0 0.27734375 0.4052734375 0.0140625 0.033203125
0 0.64765625 0.455078125 0.010937500000000001 0.04296875
0 0.6625000000000001 0.4541015625 0.009375000000000001 0.041015625
0 0.59375 0.451171875 0.00625 0.0234375
0 0.6023437500000001 0.4521484375 0.0078125 0.025390625
2 0.0578125 0.466796875 0.115625 0.12109375
2 0.146875 0.4677734375 0.140625 0.099609375
2 0.21171875 0.4658203125 0.0921875 0.080078125
2 0.3046875 0.4541015625 0.0625 0.064453125
8 0.46406250000000004 0.4580078125 0.00625 0.017578125
2 0.47890625000000003 0.4521484375 0.010937500000000001 0.021484375
