0 0.5046875000000001 0.45703125 0.025 0.0703125
0 0.5421875 0.45703125 0.0125 0.0546875
0 0.55390625 0.4580078125 0.0171875 0.068359375
15 0.77890625 0.4375 0.1046875 0.09765625
2 0.4921875 0.44140625 0.06875 0.0234375
2 0.9875 0.4521484375 0.021875000000000002 0.123046875
2 0.9609375 0.451171875 0.07500000000000001 0.12890625
2 0.88671875 0.4541015625 0.1046875 0.099609375
2 0.8187500000000001 0.4541015625 0.0625 0.083984375
2 0.7054687500000001 0.4482421875 0.0484375 0.056640625
2 0.6671875 0.4521484375 0.046875 0.037109375
2 0.6062500000000001 0.4443359375 0.05 0.025390625
15 0.08125 0.46875 0.1625 0.12890625
15 0.1703125 0.4580078125 0.340625 0.123046875
15 0.36640625000000004 0.458984375 0.1796875 0.0703125
15 0.49453125000000003 0.4521484375 0.0765625 0.044921875
15 0.69140625 0.423828125 0.0703125 0.03515625
