7 0.4421875 0.322265625 0.0125 0.0390625
7 0.53046875 0.3740234375 0.0078125 0.025390625
7 0.66328125 0.447265625 0.0078125 0.0234375
7 0.66328125 0.4755859375 0.0078125 0.009765625
7 0.71640625 0.427734375 0.0078125 0.03515625
7 0.3140625 0.435546875 0.00625 0.0234375
7 0.31093750000000003 0.462890625 0.00625 0.0078125
7 0.72265625 0.46875 0.010937500000000001 0.015625
9 0.66328125 0.4072265625 0.010937500000000001 0.033203125
9 0.8031250000000001 0.4638671875 0.0125 0.021484375
9 0.565625 0.46875 0.00625 0.01171875
9 0.571875 0.4677734375 0.00625 0.009765625
2 0.51484375 0.4921875 0.010937500000000001 0.01171875
2 0.484375 0.5 0.025 0.0234375
2 0.44921875 0.494140625 0.0203125 0.0234375
2 0.43203125000000003 0.5 0.0328125 0.02734375
2 0.10703125000000001 0.529296875 0.1390625 0.08203125
2 0.6101562500000001 0.51171875 0.08281250000000001 0.0390625
2 0.6023437500000001 0.5244140625 0.0546875 0.060546875
8 0.23593750000000002 0.5166015625 0.00625 0.029296875
