7 0.33203125 0.111328125 0.0203125 0.05859375
7 0.5593750000000001 0.2216796875 0.025 0.080078125
7 0.625 0.228515625 0.028125 0.08984375
7 0.578125 0.318359375 0.034375 0.0390625
9 0.5859375 0.1103515625 0.046875 0.044921875
0 0.484375 0.4599609375 0.018750000000000003 0.033203125
0 0.30703125000000003 0.4853515625 0.0328125 0.119140625
0 0.15625 0.4990234375 0.018750000000000003 0.056640625
0 0.13125 0.5 0.018750000000000003 0.0625
2 0.51328125 0.490234375 0.1390625 0.0625
2 0.30703125000000003 0.49609375 0.16718750000000002 0.0859375
2 0.22109375 0.4951171875 0.1390625 0.087890625
9 0.603125 0.283203125 0.037500000000000006 0.015625
