9 0.39609375 0.4189453125 0.0171875 0.021484375
9 0.728125 0.4091796875 0.021875000000000002 0.041015625
0 0.7375 0.4638671875 0.018750000000000003 0.029296875
0 0.5554687500000001 0.4501953125 0.004687500000000001 0.009765625
0 0.55078125 0.4541015625 0.004687500000000001 0.013671875
0 0.54609375 0.455078125 0.004687500000000001 0.015625
0 0.53828125 0.451171875 0.004687500000000001 0.015625
0 0.53359375 0.451171875 0.004687500000000001 0.015625
0 0.52890625 0.4521484375 0.004687500000000001 0.013671875
1 0.49062500000000003 0.4609375 0.00625 0.015625
2 0.9656250000000001 0.5224609375 0.065625 0.123046875
2 0.8757812500000001 0.587890625 0.2421875 0.21875
2 0.74765625 0.544921875 0.1328125 0.140625
2 0.6734375 0.5009765625 0.08125 0.083984375
2 0.63671875 0.4677734375 0.0203125 0.029296875
2 0.59609375 0.47265625 0.0390625 0.0390625
2 0.5765625 0.466796875 0.0125 0.01953125
2 0.56171875 0.4599609375 0.0171875 0.021484375
2 0.51796875 0.4541015625 0.0171875 0.021484375
2 0.5046875000000001 0.4521484375 0.009375000000000001 0.013671875
2 0.496875 0.451171875 0.00625 0.015625
2 0.48359375000000004 0.453125 0.0078125 0.01953125
2 0.47968750000000004 0.4580078125 0.009375000000000001 0.017578125
2 0.47500000000000003 0.4599609375 0.0125 0.025390625
2 0.45859375 0.458984375 0.026562500000000003 0.03515625
2 0.45703125 0.4638671875 0.0171875 0.029296875
2 0.43125 0.4638671875 0.040625 0.041015625
2 0.35546875 0.47265625 0.051562500000000004 0.04296875
2 0.30078125 0.4873046875 0.0921875 0.111328125
2 0.26328125 0.509765625 0.0859375 0.109375
2 0.1203125 0.515625 0.225 0.1875
2 0.7171875000000001 0.4716796875 0.021875000000000002 0.029296875
2 0.89375 0.4794921875 0.1125 0.037109375
0 0.49062500000000003 0.453125 0.009375000000000001 0.02734375
