7 0.39765625000000004 0.23046875 0.0140625 0.0546875
7 0.6492187500000001 0.3515625 0.0171875 0.0546875
7 0.6507812500000001 0.4111328125 0.0171875 0.021484375
7 0.8203125 0.3125 0.021875000000000002 0.0625
9 0.44843750000000004 0.2216796875 0.03125 0.037109375
9 0.6375000000000001 0.2734375 0.040625 0.0234375
0 0.6882812500000001 0.4970703125 0.035937500000000004 0.107421875
0 0.74765625 0.4931640625 0.0328125 0.107421875
0 0.7976562500000001 0.4892578125 0.0328125 0.123046875
2 0.5 0.4716796875 0.00625 0.005859375
2 0.5078125 0.470703125 0.009375000000000001 0.01171875
2 0.47578125000000004 0.47265625 0.010937500000000001 0.01171875
