1 0.38203125000000004 0.482421875 0.010937500000000001 0.01953125
1 0.36015625 0.4892578125 0.0171875 0.029296875
1 0.29375 0.505859375 0.025 0.05078125
1 0.30625 0.4990234375 0.015625 0.041015625
1 0.31875000000000003 0.5 0.015625 0.03515625
1 0.34218750000000003 0.48828125 0.009375000000000001 0.0234375
1 0.15390625000000002 0.51953125 0.0421875 0.0703125
1 0.1765625 0.5166015625 0.034375 0.060546875
1 0.20468750000000002 0.5166015625 0.037500000000000006 0.076171875
1 0.22968750000000002 0.509765625 0.028125 0.0546875
2 0.521875 0.484375 0.0625 0.06640625
2 0.48828125 0.4833984375 0.0171875 0.044921875
2 0.47734375 0.4833984375 0.010937500000000001 0.033203125
2 0.40625 0.478515625 0.015625 0.015625
2 0.08750000000000001 0.501953125 0.12812500000000002 0.09375
2 0.225 0.4619140625 0.037500000000000006 0.037109375
2 0.3359375 0.4775390625 0.025 0.029296875
0 0.3828125 0.4736328125 0.0125 0.033203125
0 0.3609375 0.4775390625 0.018750000000000003 0.044921875
0 0.31953125000000004 0.486328125 0.0171875 0.05078125
0 0.30703125000000003 0.48046875 0.0171875 0.06640625
0 0.29453125 0.4853515625 0.0234375 0.072265625
0 0.34218750000000003 0.4775390625 0.009375000000000001 0.033203125
0 0.23046875 0.486328125 0.029687500000000002 0.0859375
0 0.20468750000000002 0.494140625 0.03125 0.1171875
0 0.17890625000000002 0.4931640625 0.0234375 0.083984375
0 0.15703125 0.49609375 0.0421875 0.109375
