9 0.26953125 0.3623046875 0.026562500000000003 0.037109375
2 0.7921875 0.4833984375 0.10625000000000001 0.083984375
2 0.76875 0.462890625 0.109375 0.0625
2 0.67578125 0.4677734375 0.045312500000000006 0.056640625
2 0.634375 0.455078125 0.015625 0.01953125
2 0.6203125 0.45703125 0.0125 0.0234375
2 0.6078125000000001 0.458984375 0.015625 0.0234375
2 0.5921875 0.4619140625 0.018750000000000003 0.021484375
2 0.5789062500000001 0.462890625 0.0140625 0.0234375
2 0.55390625 0.4619140625 0.0328125 0.033203125
2 0.5171875 0.451171875 0.021875000000000002 0.0234375
2 0.50703125 0.466796875 0.026562500000000003 0.0390625
2 0.4921875 0.4677734375 0.025 0.041015625
2 0.45390625 0.466796875 0.06406250000000001 0.0546875
2 0.2234375 0.4599609375 0.125 0.083984375
2 0.09531250000000001 0.4423828125 0.13125 0.068359375
2 0.5789062500000001 0.447265625 0.0171875 0.01171875
2 0.69921875 0.4453125 0.010937500000000001 0.015625
0 0.64609375 0.53125 0.0578125 0.1796875
0 0.5609375 0.5009765625 0.034375 0.115234375
0 0.5296875 0.486328125 0.025 0.10546875
15 0.6484375 0.6240234375 0.03125 0.021484375
15 0.5578125 0.5625 0.015625 0.01171875
15 0.5265625 0.5400390625 0.015625 0.009765625
1 0.19140625 0.47265625 0.026562500000000003 0.0546875
