9 0.7109375 0.2978515625 0.021875000000000002 0.037109375
0 0.5789062500000001 0.455078125 0.010937500000000001 0.03515625
0 0.56484375 0.4541015625 0.0140625 0.033203125
0 0.7757812500000001 0.4697265625 0.026562500000000003 0.103515625
0 0.753125 0.4580078125 0.034375 0.103515625
0 0.8234375 0.47265625 0.037500000000000006 0.12890625
1 0.8109375000000001 0.4990234375 0.059375000000000004 0.087890625
2 0.27109375 0.478515625 0.0578125 0.046875
2 0.28125 0.46875 0.05 0.05859375
2 0.31171875000000004 0.47265625 0.0203125 0.046875
2 0.33046875000000003 0.4736328125 0.0140625 0.033203125
2 0.35546875 0.4716796875 0.0234375 0.021484375
2 0.37031250000000004 0.4677734375 0.015625 0.021484375
2 0.42265625 0.46875 0.026562500000000003 0.02734375
2 0.45937500000000003 0.4658203125 0.018750000000000003 0.021484375
2 0.496875 0.46484375 0.046875 0.0546875
2 0.50546875 0.478515625 0.051562500000000004 0.05078125
