9 0.6335937500000001 0.1953125 0.1078125 0.0390625
9 0.6359375 0.23828125 0.1125 0.05859375
9 0.63203125 0.1708984375 0.0171875 0.013671875
9 0.7679687500000001 0.4345703125 0.0140625 0.017578125
2 0.7195312500000001 0.5830078125 0.18906250000000002 0.193359375
2 0.70625 0.4775390625 0.025 0.021484375
2 0.659375 0.46875 0.0125 0.01171875
2 0.7390625000000001 0.4658203125 0.018750000000000003 0.017578125
2 0.7210937500000001 0.4658203125 0.0140625 0.017578125
2 0.67734375 0.4658203125 0.0203125 0.017578125
