9 0.5359375000000001 0.41015625 0.021875000000000002 0.03125
9 0.5375 0.4423828125 0.015625 0.029296875
0 0.8171875000000001 0.564453125 0.034375 0.0546875
0 0.08828125 0.4580078125 0.035937500000000004 0.123046875
0 0.13593750000000002 0.4599609375 0.037500000000000006 0.119140625
0 0.19843750000000002 0.4619140625 0.015625 0.060546875
0 0.22031250000000002 0.4609375 0.018750000000000003 0.06640625
0 0.23750000000000002 0.4580078125 0.0125 0.041015625
2 0.4296875 0.4638671875 0.034375 0.033203125
2 0.3640625 0.4638671875 0.034375 0.041015625
2 0.40156250000000004 0.4658203125 0.021875000000000002 0.021484375
2 0.28515625 0.48828125 0.1171875 0.09375
