7 0.81015625 0.3486328125 0.0140625 0.056640625
0 0.0328125 0.5380859375 0.034375 0.134765625
0 0.0078125 0.48828125 0.015625 0.046875
0 0.31328125 0.4775390625 0.010937500000000001 0.017578125
0 0.34375 0.4892578125 0.009375000000000001 0.033203125
0 0.9734375000000001 0.51953125 0.03125 0.11328125
0 0.98984375 0.537109375 0.0171875 0.0859375
1 0.67734375 0.5751953125 0.045312500000000006 0.087890625
2 0.5265625 0.5087890625 0.037500000000000006 0.048828125
2 0.53515625 0.4951171875 0.026562500000000003 0.037109375
2 0.4859375 0.5439453125 0.115625 0.115234375
2 0.30546875 0.515625 0.0765625 0.0625
0 0.67734375 0.54296875 0.045312500000000006 0.1171875
