9 0.72421875 0.251953125 0.1203125 0.03515625
9 0.7250000000000001 0.3046875 0.11875000000000001 0.046875
9 0.728125 0.359375 0.11875000000000001 0.03515625
9 0.77734375 0.40625 0.1078125 0.03125
9 0.7625000000000001 0.5068359375 0.037500000000000006 0.033203125
0 0.9437500000000001 0.560546875 0.040625 0.13671875
0 0.9148437500000001 0.5693359375 0.0390625 0.142578125
0 0.43828125 0.572265625 0.0390625 0.12890625
0 0.31562500000000004 0.5869140625 0.040625 0.130859375
0 0.18515625000000002 0.564453125 0.035937500000000004 0.0546875
0 0.08125 0.546875 0.028125 0.05078125
0 0.10312500000000001 0.546875 0.015625 0.05078125
1 0.93125 0.630859375 0.11875000000000001 0.10546875
1 0.82734375 0.634765625 0.1234375 0.1015625
1 0.7351562500000001 0.6240234375 0.1328125 0.115234375
1 0.44296875 0.6044921875 0.09531250000000001 0.076171875
1 0.35078125000000004 0.646484375 0.1203125 0.1015625
2 0.1125 0.64453125 0.225 0.15234375
2 0.06328125 0.548828125 0.0578125 0.05078125
2 0.0171875 0.5556640625 0.034375 0.037109375
