0 0.6648437500000001 0.49609375 0.026562500000000003 0.09375
0 0.6351562500000001 0.4990234375 0.0234375 0.087890625
2 0.953125 0.6982421875 0.09062500000000001 0.220703125
2 0.83515625 0.6171875 0.30781250000000004 0.203125
2 0.85078125 0.498046875 0.1609375 0.06640625
2 0.6781250000000001 0.4921875 0.15937500000000002 0.0625
2 0.2265625 0.4736328125 0.09062500000000001 0.064453125
2 0.1625 0.4716796875 0.0625 0.041015625
2 0.11406250000000001 0.466796875 0.0625 0.0390625
2 0.06171875 0.462890625 0.0703125 0.046875
2 0.0203125 0.462890625 0.040625 0.04296875
2 0.45937500000000003 0.439453125 0.053125000000000006 0.0234375
2 0.51484375 0.4404296875 0.026562500000000003 0.017578125
2 0.39375000000000004 0.4375 0.043750000000000004 0.0234375
2 0.3375 0.4375 0.028125 0.01953125
9 0.90234375 0.380859375 0.051562500000000004 0.01953125
