7 0.96875 0.34765625 0.0125 0.04296875
7 0.84375 0.2646484375 0.0125 0.033203125
7 0.940625 0.388671875 0.018750000000000003 0.03125
7 0.5421875 0.3359375 0.009375000000000001 0.03515625
7 0.59921875 0.37890625 0.0078125 0.0390625
7 0.045312500000000006 0.1884765625 0.021875000000000002 0.080078125
9 0.6117187500000001 0.3623046875 0.010937500000000001 0.021484375
0 0.7921875 0.4609375 0.009375000000000001 0.04296875
0 0.80078125 0.4609375 0.010937500000000001 0.04296875
0 0.5945312500000001 0.4599609375 0.0140625 0.041015625
0 0.09531250000000001 0.466796875 0.021875000000000002 0.07421875
0 0.10859375 0.4677734375 0.026562500000000003 0.083984375
0 0.15156250000000002 0.4482421875 0.021875000000000002 0.052734375
0 0.23593750000000002 0.4423828125 0.009375000000000001 0.017578125
2 0.7015625000000001 0.5068359375 0.16875 0.166015625
2 0.496875 0.4580078125 0.015625 0.017578125
0 0.9070312500000001 0.53515625 0.18281250000000002 0.5703125
15 0.6648437500000001 0.7294921875 0.6671875 0.408203125
