4 0.44765625000000003 0.39453125 0.07968750000000001 0.12109375
4 0.5609375 0.40234375 0.034375 0.04296875
7 0.675 0.375 0.0125 0.03515625
9 0.784375 0.375 0.009375000000000001 0.015625
9 0.7875000000000001 0.3896484375 0.0125 0.009765625
9 0.6531250000000001 0.390625 0.00625 0.015625
9 0.28046875 0.353515625 0.0203125 0.01171875
9 0.15937500000000002 0.31640625 0.015625 0.0234375
9 0.1484375 0.3388671875 0.025 0.009765625
9 0.14765625000000002 0.3505859375 0.0171875 0.013671875
0 0.8382812500000001 0.4482421875 0.0171875 0.068359375
2 0.52578125 0.44140625 0.06406250000000001 0.06640625
2 0.52109375 0.41015625 0.0421875 0.02734375
2 0.37343750000000003 0.44140625 0.11875000000000001 0.11328125
2 0.92109375 0.478515625 0.1546875 0.1484375
2 0.49140625000000004 0.4111328125 0.0171875 0.025390625
2 0.5281250000000001 0.3955078125 0.025 0.017578125
