9 0.30546875 0.4013671875 0.0203125 0.025390625
0 0.95625 0.5146484375 0.043750000000000004 0.166015625
0 0.8382812500000001 0.47265625 0.0578125 0.23828125
0 0.6046875 0.4228515625 0.021875000000000002 0.037109375
0 0.57265625 0.4462890625 0.029687500000000002 0.095703125
0 0.5476562500000001 0.4462890625 0.0203125 0.076171875
0 0.5359375000000001 0.443359375 0.015625 0.06640625
0 0.5921875 0.4462890625 0.018750000000000003 0.083984375
2 0.47578125000000004 0.451171875 0.045312500000000006 0.04296875
2 0.50546875 0.4560546875 0.0140625 0.017578125
15 0.6109375 0.46875 0.028125 0.0546875
