7 0.22265625 0.37890625 0.0140625 0.04296875
7 0.7578125 0.3701171875 0.0125 0.041015625
7 0.6421875 0.412109375 0.00625 0.015625
9 0.7578125 0.421875 0.021875000000000002 0.05078125
9 0.2234375 0.4306640625 0.021875000000000002 0.037109375
9 0.5875 0.412109375 0.003125 0.00390625
0 0.59140625 0.4365234375 0.0078125 0.017578125
1 0.6101562500000001 0.4423828125 0.0078125 0.013671875
1 0.7054687500000001 0.494140625 0.026562500000000003 0.03125
2 0.465625 0.50390625 0.08125 0.078125
2 0.47187500000000004 0.45703125 0.037500000000000006 0.01953125
2 0.553125 0.4375 0.0125 0.015625
2 0.571875 0.4384765625 0.0125 0.013671875
2 0.5796875 0.43359375 0.00625 0.0078125
2 0.603125 0.43359375 0.009375000000000001 0.01171875
0 0.6101562500000001 0.4365234375 0.0078125 0.017578125
8 0.24375000000000002 0.5185546875 0.0125 0.041015625
