7 0.35781250000000003 0.310546875 0.015625 0.0625
7 0.37421875000000004 0.326171875 0.0140625 0.03125
7 0.51953125 0.33984375 0.010937500000000001 0.02734375
7 0.60703125 0.33203125 0.0140625 0.05078125
7 0.6203125 0.3173828125 0.015625 0.060546875
7 0.40156250000000004 0.333984375 0.00625 0.01953125
7 0.35859375000000004 0.384765625 0.0078125 0.0234375
7 0.14375000000000002 0.294921875 0.00625 0.0234375
7 0.234375 0.3291015625 0.009375000000000001 0.017578125
7 0.2515625 0.3251953125 0.009375000000000001 0.017578125
7 0.4 0.3642578125 0.00625 0.021484375
9 0.13593750000000002 0.3349609375 0.021875000000000002 0.009765625
9 0.33515625000000004 0.357421875 0.0078125 0.015625
9 0.66171875 0.3779296875 0.0078125 0.009765625
0 0.8703125 0.4365234375 0.021875000000000002 0.076171875
0 0.9070312500000001 0.439453125 0.0203125 0.0703125
0 0.9500000000000001 0.42578125 0.009375000000000001 0.0390625
0 0.9906250000000001 0.451171875 0.015625 0.08203125
0 0.34453125 0.390625 0.010937500000000001 0.03125
0 0.3515625 0.388671875 0.0125 0.04296875
1 0.31640625 0.4296875 0.035937500000000004 0.046875
1 0.71875 0.44921875 0.05625 0.05078125
1 0.8031250000000001 0.4765625 0.03125 0.0625
1 0.8375 0.4580078125 0.028125 0.052734375
1 0.8765625 0.453125 0.05 0.04296875
1 0.9828125000000001 0.4619140625 0.03125 0.041015625
2 0.434375 0.408203125 0.034375 0.0390625
2 0.5609375 0.5654296875 0.39375000000000004 0.373046875
0 0.31875000000000003 0.4072265625 0.025 0.080078125
0 0.71640625 0.4296875 0.029687500000000002 0.06640625
0 0.8031250000000001 0.4462890625 0.03125 0.087890625
0 0.8375 0.4375 0.025 0.08203125
