1 0.178125 0.5 0.14375000000000002 0.11328125
1 0.35859375000000004 0.498046875 0.1078125 0.09765625
1 0.50703125 0.490234375 0.07968750000000001 0.08984375
1 0.609375 0.4775390625 0.05625 0.095703125
1 0.6570312500000001 0.474609375 0.045312500000000006 0.0703125
1 0.6882812500000001 0.4677734375 0.029687500000000002 0.064453125
1 0.70859375 0.4677734375 0.029687500000000002 0.048828125
1 0.7718750000000001 0.46484375 0.040625 0.0546875
1 0.92734375 0.4443359375 0.029687500000000002 0.044921875
2 0.46875 0.423828125 0.25 0.11328125
0 0.1625 0.4609375 0.059375000000000004 0.16796875
0 0.36328125 0.4560546875 0.051562500000000004 0.138671875
0 0.5078125 0.462890625 0.05 0.1328125
0 0.6062500000000001 0.4326171875 0.053125000000000006 0.130859375
0 0.65625 0.439453125 0.043750000000000004 0.10546875
0 0.68359375 0.427734375 0.0328125 0.1015625
0 0.71015625 0.4365234375 0.026562500000000003 0.080078125
0 0.77109375 0.435546875 0.0328125 0.08203125
0 0.9304687500000001 0.421875 0.0234375 0.078125
9 0.4421875 0.3056640625 0.034375 0.064453125
