4 0.48515625 0.4375 0.08281250000000001 0.02734375
4 0.56171875 0.4462890625 0.0328125 0.044921875
4 0.6335937500000001 0.4375 0.060937500000000006 0.0234375
4 0.7468750000000001 0.43359375 0.1 0.0234375
9 0.78671875 0.3740234375 0.026562500000000003 0.044921875
9 0.76875 0.37890625 0.009375000000000001 0.0234375
0 0.23515625 0.45703125 0.0171875 0.06640625
0 0.24765625000000002 0.458984375 0.0171875 0.0625
0 0.2625 0.4619140625 0.018750000000000003 0.060546875
0 0.36171875000000003 0.447265625 0.0078125 0.0234375
0 0.40937500000000004 0.4423828125 0.00625 0.021484375
0 0.41640625000000003 0.4462890625 0.0078125 0.025390625
0 0.44296875 0.44140625 0.004687500000000001 0.01171875
0 0.6171875 0.4482421875 0.00625 0.017578125
0 0.59765625 0.4462890625 0.004687500000000001 0.009765625
0 0.58515625 0.4443359375 0.004687500000000001 0.005859375
0 0.625 0.4599609375 0.009375000000000001 0.041015625
0 0.6390625000000001 0.462890625 0.0125 0.04296875
0 0.6531250000000001 0.462890625 0.0125 0.04296875
0 0.66328125 0.4638671875 0.0078125 0.041015625
0 0.67890625 0.4892578125 0.035937500000000004 0.119140625
0 0.7609375 0.4853515625 0.03125 0.083984375
0 0.81796875 0.4931640625 0.035937500000000004 0.111328125
0 0.8382812500000001 0.4853515625 0.0171875 0.087890625
0 0.8500000000000001 0.4853515625 0.028125 0.091796875
0 0.925 0.4931640625 0.021875000000000002 0.111328125
0 0.9007812500000001 0.4951171875 0.035937500000000004 0.115234375
0 0.9460937500000001 0.5166015625 0.051562500000000004 0.138671875
0 0.39765625000000004 0.439453125 0.004687500000000001 0.01171875
1 0.73828125 0.4931640625 0.0140625 0.033203125
1 0.7898437500000001 0.5068359375 0.029687500000000002 0.060546875
1 0.87265625 0.509765625 0.0390625 0.0625
2 0.71796875 0.4609375 0.0421875 0.02734375
2 0.7468750000000001 0.4677734375 0.05625 0.044921875
2 0.59296875 0.46875 0.035937500000000004 0.0390625
2 0.5 0.4482421875 0.015625 0.013671875
2 0.5140625 0.4521484375 0.021875000000000002 0.025390625
0 0.73828125 0.4755859375 0.0171875 0.064453125
0 0.790625 0.482421875 0.03125 0.0859375
8 0.15234375 0.4892578125 0.0234375 0.044921875
8 0.44062500000000004 0.4521484375 0.003125 0.009765625
