7 0.39375000000000004 0.43359375 0.003125 0.0078125
9 0.33515625000000004 0.44140625 0.0234375 0.01171875
9 0.41718750000000004 0.439453125 0.0125 0.00390625
9 0.5281250000000001 0.44140625 0.00625 0.01171875
9 0.23828125 0.44921875 0.0078125 0.01171875
3 0.42734375 0.4892578125 0.026562500000000003 0.044921875
2 0.11640625 0.4599609375 0.0703125 0.060546875
2 0.23671875 0.458984375 0.0234375 0.0234375
2 0.3953125 0.47265625 0.015625 0.01953125
2 0.34765625 0.4716796875 0.0390625 0.044921875
2 0.30703125000000003 0.482421875 0.0734375 0.06640625
2 0.43515625 0.4716796875 0.0484375 0.052734375
0 0.42812500000000003 0.4677734375 0.028125 0.056640625
