9 0.43828125 0.443359375 0.010937500000000001 0.01953125
9 0.43828125 0.462890625 0.010937500000000001 0.015625
0 0.7914062500000001 0.53515625 0.0859375 0.2265625
0 0.7265625 0.517578125 0.0625 0.20703125
0 0.68515625 0.5263671875 0.0484375 0.220703125
0 0.62421875 0.5283203125 0.06406250000000001 0.228515625
0 0.5710937500000001 0.521484375 0.0671875 0.2421875
0 0.23671875 0.4580078125 0.0171875 0.033203125
0 0.22031250000000002 0.45703125 0.015625 0.0234375
2 0.33828125000000003 0.546875 0.22031250000000002 0.21875
2 0.13828125 0.4990234375 0.21406250000000002 0.162109375
2 0.04609375 0.4873046875 0.0921875 0.138671875
2 0.01171875 0.57421875 0.0234375 0.24609375
0 0.46328125000000003 0.490234375 0.0203125 0.08203125
