9 0.6976562500000001 0.2958984375 0.0234375 0.037109375
0 0.9242187500000001 0.4609375 0.0328125 0.140625
0 0.9007812500000001 0.4619140625 0.0546875 0.150390625
0 0.8046875 0.4619140625 0.037500000000000006 0.123046875
0 0.5609375 0.4501953125 0.0125 0.029296875
0 0.5476562500000001 0.44921875 0.0140625 0.03125
1 0.79296875 0.48828125 0.0578125 0.08203125
2 0.5046875000000001 0.46875 0.05 0.046875
2 0.496875 0.4541015625 0.040625 0.052734375
2 0.47187500000000004 0.4609375 0.018750000000000003 0.0546875
2 0.42265625 0.4599609375 0.051562500000000004 0.052734375
2 0.31171875000000004 0.466796875 0.0203125 0.046875
2 0.284375 0.4619140625 0.05 0.056640625
2 0.2734375 0.4736328125 0.053125000000000006 0.048828125
2 0.328125 0.4658203125 0.018750000000000003 0.037109375
2 0.35781250000000003 0.4658203125 0.03125 0.021484375
2 0.37031250000000004 0.462890625 0.015625 0.01953125
