9 0.3125 0.41015625 0.018750000000000003 0.0234375
9 0.70859375 0.380859375 0.0390625 0.05078125
9 0.70703125 0.4111328125 0.0171875 0.009765625
0 0.584375 0.47265625 0.00625 0.0234375
0 0.55859375 0.4697265625 0.0078125 0.025390625
0 0.01171875 0.4755859375 0.0234375 0.064453125
1 0.65546875 0.55078125 0.0203125 0.0703125
1 0.53671875 0.4775390625 0.004687500000000001 0.013671875
2 0.37031250000000004 0.4755859375 0.043750000000000004 0.037109375
2 0.3921875 0.466796875 0.037500000000000006 0.0390625
2 0.415625 0.46875 0.021875000000000002 0.03125
2 0.43125 0.4697265625 0.015625 0.025390625
2 0.48750000000000004 0.4697265625 0.025 0.025390625
2 0.4578125 0.4697265625 0.021875000000000002 0.017578125
2 0.509375 0.47265625 0.018750000000000003 0.01171875
2 0.01171875 0.5341796875 0.0234375 0.087890625
0 0.66015625 0.5205078125 0.0390625 0.123046875
0 0.5375 0.46484375 0.009375000000000001 0.0234375
