7 0.30703125000000003 0.26171875 0.0203125 0.07421875
7 0.30078125 0.337890625 0.0234375 0.02734375
7 0.6531250000000001 0.2255859375 0.03125 0.087890625
7 0.6640625 0.322265625 0.018750000000000003 0.03515625
9 0.7359375 0.302734375 0.05 0.01953125
9 0.6609375000000001 0.28515625 0.037500000000000006 0.0234375
0 0.953125 0.5400390625 0.09062500000000001 0.517578125
0 0.66796875 0.462890625 0.035937500000000004 0.15234375
0 0.6468750000000001 0.462890625 0.043750000000000004 0.1640625
0 0.6179687500000001 0.470703125 0.051562500000000004 0.18359375
0 0.5828125000000001 0.45703125 0.03125 0.16015625
0 0.5546875 0.4794921875 0.053125000000000006 0.177734375
0 0.51015625 0.48828125 0.0546875 0.16796875
0 0.33359375 0.4521484375 0.035937500000000004 0.111328125
0 0.28046875 0.4384765625 0.029687500000000002 0.083984375
0 0.06875 0.44921875 0.00625 0.0234375
2 0.86875 0.4990234375 0.259375 0.146484375
2 0.209375 0.4599609375 0.05625 0.060546875
2 0.17734375000000002 0.44921875 0.0140625 0.01953125
2 0.15625 0.44921875 0.018750000000000003 0.01953125
2 0.12734375 0.451171875 0.0203125 0.01953125
2 0.0421875 0.453125 0.040625 0.03515625
8 0.28046875 0.4892578125 0.010937500000000001 0.037109375
