9 0.48281250000000003 0.1708984375 0.1 0.064453125
9 0.47187500000000004 0.2177734375 0.115625 0.041015625
0 0.6546875000000001 0.4453125 0.053125000000000006 0.125
0 0.91953125 0.4501953125 0.0078125 0.033203125
0 0.9281250000000001 0.451171875 0.009375000000000001 0.03515625
0 0.77890625 0.662109375 0.2921875 0.671875
3 0.7976562500000001 0.755859375 0.40156250000000004 0.484375
2 0.5765625 0.4111328125 0.065625 0.044921875
2 0.61640625 0.4208984375 0.0578125 0.052734375
2 0.68515625 0.4287109375 0.08281250000000001 0.076171875
2 0.9765625 0.56640625 0.043750000000000004 0.140625
