7 0.0859375 0.375 0.015625 0.0546875
7 0.0890625 0.4267578125 0.015625 0.021484375
7 0.38906250000000003 0.44921875 0.00625 0.01953125
7 0.67890625 0.3798828125 0.0171875 0.056640625
7 0.6726562500000001 0.4365234375 0.0171875 0.017578125
9 0.078125 0.4111328125 0.043750000000000004 0.013671875
9 0.6804687500000001 0.4169921875 0.0390625 0.017578125
0 0.37421875000000004 0.4794921875 0.0078125 0.017578125
0 0.42109375000000004 0.486328125 0.004687500000000001 0.01953125
0 0.73828125 0.5224609375 0.0234375 0.103515625
0 0.7015625000000001 0.5224609375 0.025 0.095703125
0 0.728125 0.5205078125 0.018750000000000003 0.095703125
0 0.65390625 0.4853515625 0.0140625 0.021484375
0 0.6804687500000001 0.4892578125 0.0140625 0.029296875
0 0.11093750000000001 0.48828125 0.015625 0.06640625
0 0.29921875000000003 0.482421875 0.0078125 0.0234375
2 0.49531250000000004 0.5205078125 0.0625 0.064453125
2 0.521875 0.5078125 0.025 0.03515625
2 0.5546875 0.49609375 0.028125 0.03125
2 0.5375 0.4892578125 0.0125 0.013671875
