9 0.68671875 0.4658203125 0.026562500000000003 0.013671875
9 0.696875 0.3798828125 0.015625 0.033203125
1 0.16718750000000002 0.4951171875 0.028125 0.060546875
2 0.0484375 0.4853515625 0.096875 0.130859375
2 0.48828125 0.470703125 0.045312500000000006 0.04296875
2 0.39609375 0.45703125 0.0234375 0.0234375
2 0.40156250000000004 0.4384765625 0.0125 0.013671875
2 0.39921875 0.39453125 0.0078125 0.0078125
2 0.3828125 0.392578125 0.00625 0.0078125
2 0.384375 0.37890625 0.00625 0.0078125
0 0.16718750000000002 0.470703125 0.028125 0.0703125
