4 0.8617187500000001 0.44921875 0.045312500000000006 0.06640625
7 0.5734375 0.2880859375 0.025 0.076171875
7 0.5984375000000001 0.294921875 0.021875000000000002 0.0546875
9 0.74765625 0.390625 0.0171875 0.015625
9 0.7820312500000001 0.4140625 0.0140625 0.0078125
0 0.10625000000000001 0.4599609375 0.08125 0.263671875
0 0.44609375 0.4375 0.0328125 0.109375
6 0.9625 0.4345703125 0.07187500000000001 0.150390625
3 0.7914062500000001 0.46484375 0.0171875 0.03125
2 0.9078125 0.4619140625 0.028125 0.033203125
2 0.8148437500000001 0.455078125 0.035937500000000004 0.04296875
0 0.7914062500000001 0.4521484375 0.0171875 0.044921875
