0 0.97578125 0.4140625 0.045312500000000006 0.04296875
0 0.22031250000000002 0.4853515625 0.040625 0.146484375
0 0.23046875 0.4736328125 0.029687500000000002 0.150390625
0 0.42812500000000003 0.486328125 0.05625 0.15625
0 0.41250000000000003 0.4833984375 0.040625 0.150390625
0 0.35781250000000003 0.4970703125 0.046875 0.154296875
1 0.69453125 0.4814453125 0.11093750000000001 0.087890625
2 0.93671875 0.53125 0.1234375 0.203125
2 0.057031250000000006 0.4755859375 0.0421875 0.052734375
2 0.021875000000000002 0.45703125 0.043750000000000004 0.04296875
2 0.0234375 0.4873046875 0.046875 0.044921875
