7 0.8890625000000001 0.3671875 0.0125 0.06640625
7 0.8296875 0.36328125 0.015625 0.0625
7 0.5734375 0.3759765625 0.0125 0.044921875
7 0.36484375 0.2470703125 0.0140625 0.048828125
7 0.2015625 0.2412109375 0.015625 0.052734375
9 0.23046875 0.240234375 0.0171875 0.0234375
9 0.565625 0.30859375 0.025 0.015625
9 0.6531250000000001 0.408203125 0.0125 0.02734375
0 0.05390625 0.486328125 0.010937500000000001 0.0390625
0 0.039843750000000004 0.484375 0.010937500000000001 0.04296875
1 0.56953125 0.505859375 0.051562500000000004 0.05078125
2 0.46640625 0.486328125 0.0390625 0.0390625
2 0.44062500000000004 0.484375 0.021875000000000002 0.02734375
2 0.3796875 0.51171875 0.10625000000000001 0.1015625
2 0.31328125 0.486328125 0.0546875 0.06640625
0 0.571875 0.4970703125 0.021875000000000002 0.072265625
