7 0.22890625 0.3896484375 0.0140625 0.044921875
7 0.58984375 0.4248046875 0.0015625 0.005859375
7 0.7429687500000001 0.38671875 0.0140625 0.04296875
9 0.234375 0.4365234375 0.021875000000000002 0.037109375
9 0.5859375 0.423828125 0.003125 0.00390625
0 0.047656250000000004 0.51953125 0.035937500000000004 0.09375
0 0.0921875 0.5048828125 0.025 0.095703125
0 0.0703125 0.498046875 0.021875000000000002 0.0859375
0 0.05 0.4921875 0.015625 0.04296875
0 0.3359375 0.4765625 0.0125 0.04296875
0 0.584375 0.4609375 0.00625 0.0234375
0 0.9476562500000001 0.4892578125 0.0203125 0.080078125
0 0.9859375 0.5126953125 0.025 0.103515625
2 0.45546875000000003 0.4755859375 0.0390625 0.041015625
2 0.47968750000000004 0.466796875 0.015625 0.0234375
2 0.50703125 0.4970703125 0.045312500000000006 0.052734375
2 0.47890625000000003 0.5078125 0.0671875 0.0625
2 0.6218750000000001 0.458984375 0.018750000000000003 0.01953125
2 0.60546875 0.453125 0.010937500000000001 0.01171875
2 0.5945312500000001 0.453125 0.0078125 0.0078125
2 0.5703125 0.453125 0.009375000000000001 0.0078125
9 0.74375 0.4267578125 0.021875000000000002 0.033203125
