9 0.51171875 0.443359375 0.0078125 0.01171875
9 0.38359375 0.4541015625 0.0078125 0.009765625
0 0.790625 0.4755859375 0.028125 0.099609375
1 0.30312500000000003 0.51171875 0.021875000000000002 0.0625
2 0.6843750000000001 0.5205078125 0.171875 0.158203125
2 0.6078125000000001 0.4921875 0.125 0.140625
2 0.53671875 0.490234375 0.0390625 0.05078125
2 0.52578125 0.484375 0.0421875 0.05859375
2 0.50234375 0.4814453125 0.0203125 0.041015625
2 0.49375 0.4794921875 0.0125 0.025390625
2 0.48281250000000003 0.4736328125 0.015625 0.021484375
2 0.43281250000000004 0.4716796875 0.015625 0.025390625
2 0.41953125 0.4794921875 0.026562500000000003 0.029296875
2 0.38359375 0.4814453125 0.026562500000000003 0.029296875
2 0.359375 0.4853515625 0.03125 0.033203125
2 0.33125000000000004 0.4951171875 0.037500000000000006 0.037109375
2 0.259375 0.49609375 0.08125 0.078125
2 0.22187500000000002 0.5146484375 0.059375000000000004 0.076171875
2 0.1421875 0.51171875 0.11875000000000001 0.12890625
2 0.0546875 0.5419921875 0.10625000000000001 0.146484375
0 0.30078125 0.4833984375 0.026562500000000003 0.076171875
