7 0.09296875 0.3701171875 0.010937500000000001 0.044921875
7 0.1203125 0.4091796875 0.015625 0.017578125
7 0.57265625 0.3486328125 0.0140625 0.041015625
7 0.5703125 0.392578125 0.015625 0.015625
7 0.71484375 0.2744140625 0.045312500000000006 0.048828125
7 0.7453125 0.3271484375 0.0125 0.033203125
7 0.75390625 0.3818359375 0.0140625 0.017578125
9 0.7515625 0.36328125 0.0125 0.015625
9 0.7289062500000001 0.2255859375 0.0328125 0.044921875
9 0.7117187500000001 0.16015625 0.0421875 0.0859375
9 0.7898437500000001 0.3681640625 0.026562500000000003 0.009765625
0 0.15859375 0.5029296875 0.051562500000000004 0.208984375
0 0.209375 0.5146484375 0.059375000000000004 0.181640625
0 0.37421875000000004 0.5107421875 0.09843750000000001 0.228515625
0 0.49453125000000003 0.5 0.0734375 0.19140625
0 0.58515625 0.4951171875 0.07968750000000001 0.189453125
0 0.6890625 0.46875 0.040625 0.1328125
0 0.7117187500000001 0.4599609375 0.0203125 0.119140625
0 0.7578125 0.4697265625 0.040625 0.134765625
0 0.80859375 0.4462890625 0.010937500000000001 0.044921875
2 0.44453125000000004 0.458984375 0.010937500000000001 0.01171875
2 0.51875 0.4658203125 0.025 0.048828125
2 0.6203125 0.4638671875 0.184375 0.103515625
2 0.25234375000000003 0.470703125 0.0578125 0.05078125
