7 0.29921875000000003 0.169921875 0.0234375 0.0703125
7 0.08515625 0.3623046875 0.0140625 0.044921875
7 0.11953125 0.3623046875 0.0171875 0.048828125
7 0.34609375000000003 0.3916015625 0.0140625 0.060546875
7 0.34687500000000004 0.4375 0.009375000000000001 0.01171875
7 0.31484375000000003 0.3984375 0.0140625 0.03515625
7 0.30625 0.4404296875 0.0125 0.013671875
7 0.6328125 0.3056640625 0.025 0.044921875
7 0.8328125000000001 0.3935546875 0.0125 0.041015625
7 0.83203125 0.431640625 0.0140625 0.01953125
7 0.8773437500000001 0.2998046875 0.029687500000000002 0.119140625
7 0.8835937500000001 0.3955078125 0.0234375 0.025390625
7 0.91328125 0.37890625 0.0140625 0.0390625
7 0.915625 0.4228515625 0.0125 0.017578125
9 0.37734375000000003 0.134765625 0.0421875 0.06640625
9 0.45234375000000004 0.142578125 0.045312500000000006 0.078125
9 0.20703125 0.2431640625 0.09843750000000001 0.033203125
9 0.66171875 0.302734375 0.0140625 0.0234375
9 0.7562500000000001 0.3515625 0.0625 0.01953125
9 0.49609375 0.45703125 0.010937500000000001 0.01171875
0 0.7156250000000001 0.4873046875 0.00625 0.017578125
0 0.7234375000000001 0.484375 0.00625 0.0234375
0 0.7312500000000001 0.486328125 0.00625 0.0234375
0 0.73828125 0.4873046875 0.0078125 0.025390625
0 0.7515625 0.4833984375 0.009375000000000001 0.033203125
0 0.7625000000000001 0.4814453125 0.009375000000000001 0.033203125
0 0.76953125 0.484375 0.0078125 0.0234375
0 0.7921875 0.48828125 0.009375000000000001 0.03515625
0 0.80390625 0.484375 0.0140625 0.046875
0 0.81640625 0.4814453125 0.010937500000000001 0.044921875
0 0.8460937500000001 0.466796875 0.0140625 0.03515625
0 0.23359375000000002 0.4794921875 0.010937500000000001 0.025390625
0 0.39687500000000003 0.47265625 0.009375000000000001 0.0234375
0 0.3828125 0.4697265625 0.00625 0.017578125
2 0.8968750000000001 0.4892578125 0.14375000000000002 0.056640625
2 0.65 0.486328125 0.053125000000000006 0.0546875
2 0.6023437500000001 0.4931640625 0.0203125 0.021484375
2 0.565625 0.4921875 0.037500000000000006 0.03125
2 0.44062500000000004 0.4990234375 0.053125000000000006 0.044921875
2 0.25546875 0.5 0.0671875 0.05078125
2 0.13593750000000002 0.5009765625 0.15937500000000002 0.076171875
2 0.32421875 0.509765625 0.1328125 0.1015625
