7 0.75 0.40625 0.015625 0.01953125
7 0.7203125 0.361328125 0.015625 0.0390625
7 0.3328125 0.271484375 0.0125 0.0390625
7 0.51015625 0.375 0.0140625 0.0390625
7 0.209375 0.263671875 0.009375000000000001 0.0390625
7 0.8875000000000001 0.0390625 0.08125 0.078125
9 0.92734375 0.333984375 0.045312500000000006 0.06640625
9 0.50390625 0.3125 0.0203125 0.015625
9 0.50703125 0.4169921875 0.0140625 0.021484375
9 0.23750000000000002 0.2578125 0.018750000000000003 0.0234375
0 0.8484375000000001 0.484375 0.046875 0.14453125
0 0.8296875 0.478515625 0.040625 0.12890625
0 0.80078125 0.474609375 0.035937500000000004 0.13671875
0 0.9070312500000001 0.48046875 0.026562500000000003 0.1484375
0 0.971875 0.4736328125 0.037500000000000006 0.166015625
0 0.65234375 0.4560546875 0.0171875 0.056640625
0 0.53515625 0.470703125 0.0078125 0.03515625
0 0.5203125000000001 0.4765625 0.0125 0.0546875
0 0.51171875 0.474609375 0.0140625 0.05859375
1 0.7203125 0.5302734375 0.034375 0.107421875
1 0.6843750000000001 0.5703125 0.065625 0.17578125
2 0.8265625000000001 0.4677734375 0.153125 0.083984375
2 0.2328125 0.478515625 0.034375 0.0390625
2 0.21171875 0.4833984375 0.0390625 0.041015625
2 0.17109375000000002 0.48046875 0.051562500000000004 0.05859375
2 0.3484375 0.5537109375 0.26875 0.255859375
2 0.07890625000000001 0.48828125 0.15781250000000002 0.24609375
0 0.72265625 0.4833984375 0.0390625 0.166015625
0 0.69140625 0.498046875 0.07968750000000001 0.2421875
