7 0.89453125 0.4345703125 0.0203125 0.064453125
7 0.90625 0.5771484375 0.0125 0.033203125
7 0.11640625 0.4248046875 0.0234375 0.072265625
7 0.10078125 0.5576171875 0.010937500000000001 0.025390625
9 0.021875000000000002 0.453125 0.037500000000000006 0.01953125
9 0.025 0.4150390625 0.040625 0.048828125
0 0.96640625 0.60546875 0.0234375 0.078125
0 0.80234375 0.57421875 0.0171875 0.03515625
0 0.7859375000000001 0.5732421875 0.015625 0.033203125
0 0.6328125 0.572265625 0.009375000000000001 0.03515625
0 0.62421875 0.5703125 0.0078125 0.03515625
0 0.6109375 0.56640625 0.009375000000000001 0.03125
0 0.6046875 0.5654296875 0.00625 0.029296875
0 0.59296875 0.5673828125 0.010937500000000001 0.025390625
0 0.13593750000000002 0.568359375 0.028125 0.0390625
0 0.06875 0.552734375 0.018750000000000003 0.03125
6 0.49296875 0.54296875 0.0078125 0.015625
6 0.40156250000000004 0.541015625 0.05625 0.05859375
3 0.4859375 0.619140625 0.034375 0.0625
2 0.09531250000000001 0.658203125 0.19062500000000002 0.18359375
2 0.3765625 0.6337890625 0.125 0.138671875
2 0.478125 0.595703125 0.0625 0.07421875
2 0.47265625 0.5537109375 0.0140625 0.017578125
2 0.45859375 0.5439453125 0.010937500000000001 0.009765625
2 0.47890625000000003 0.544921875 0.0078125 0.0078125
2 0.45078125 0.5400390625 0.0078125 0.009765625
0 0.48828125 0.5966796875 0.0390625 0.072265625
