0 0.9867187500000001 0.4697265625 0.0234375 0.056640625
0 0.70234375 0.6015625 0.051562500000000004 0.21875
0 0.64453125 0.4638671875 0.010937500000000001 0.033203125
0 0.6296875000000001 0.451171875 0.0125 0.0234375
0 0.6156250000000001 0.4521484375 0.0125 0.021484375
0 0.25 0.451171875 0.0125 0.01953125
0 0.234375 0.458984375 0.015625 0.02734375
0 0.4078125 0.474609375 0.021875000000000002 0.07421875
0 0.390625 0.484375 0.018750000000000003 0.07421875
0 0.371875 0.478515625 0.025 0.08203125
1 0.503125 0.4375 0.00625 0.01171875
2 0.8601562500000001 0.6162109375 0.2765625 0.275390625
2 0.7890625 0.45703125 0.084375 0.0390625
2 0.84140625 0.4658203125 0.1171875 0.029296875
2 0.7054687500000001 0.5380859375 0.1015625 0.119140625
2 0.6726562500000001 0.52734375 0.09843750000000001 0.1015625
2 0.6117187500000001 0.4921875 0.0703125 0.0625
2 0.5765625 0.47265625 0.046875 0.046875
2 0.5640625 0.4560546875 0.043750000000000004 0.052734375
2 0.5390625 0.4462890625 0.021875000000000002 0.033203125
2 0.53125 0.4404296875 0.021875000000000002 0.025390625
2 0.5242187500000001 0.435546875 0.0171875 0.0234375
2 0.5140625 0.4296875 0.0125 0.015625
2 0.48828125 0.421875 0.0078125 0.0078125
2 0.496875 0.416015625 0.003125 0.00390625
2 0.49062500000000003 0.4169921875 0.00625 0.005859375
2 0.5421875 0.421875 0.015625 0.01171875
2 0.51015625 0.4208984375 0.010937500000000001 0.009765625
2 0.47890625000000003 0.419921875 0.0078125 0.0078125
2 0.47578125000000004 0.4228515625 0.0078125 0.009765625
2 0.46953125 0.423828125 0.010937500000000001 0.01171875
2 0.45937500000000003 0.4267578125 0.0125 0.013671875
2 0.44921875 0.43359375 0.0171875 0.01953125
2 0.43828125 0.44140625 0.0234375 0.02734375
2 0.421875 0.4501953125 0.025 0.033203125
2 0.3359375 0.46484375 0.0625 0.0625
2 0.28125 0.4765625 0.09062500000000001 0.046875
2 0.26171875 0.521484375 0.1796875 0.10546875
2 0.12109375 0.5732421875 0.1765625 0.162109375
2 0.0390625 0.6279296875 0.078125 0.197265625
2 0.025781250000000002 0.5 0.051562500000000004 0.078125
2 0.64453125 0.4306640625 0.0390625 0.021484375
0 0.503125 0.4326171875 0.00625 0.017578125
