7 0.5828125000000001 0.3955078125 0.009375000000000001 0.033203125
7 0.16171875000000002 0.3955078125 0.010937500000000001 0.033203125
7 0.83984375 0.3896484375 0.010937500000000001 0.033203125
7 0.8703125 0.4267578125 0.015625 0.017578125
7 0.94296875 0.34375 0.026562500000000003 0.046875
9 0.94296875 0.2958984375 0.026562500000000003 0.033203125
0 0.08359375000000001 0.48046875 0.0171875 0.05859375
0 0.03359375 0.4892578125 0.029687500000000002 0.095703125
0 0.05625 0.4912109375 0.018750000000000003 0.072265625
0 0.91171875 0.4638671875 0.0171875 0.033203125
0 0.94453125 0.48828125 0.0171875 0.06640625
0 0.95234375 0.4609375 0.0140625 0.0390625
0 0.65390625 0.478515625 0.0140625 0.046875
0 0.68671875 0.490234375 0.0234375 0.078125
0 0.6734375 0.482421875 0.015625 0.06640625
0 0.7000000000000001 0.4794921875 0.0125 0.068359375
0 0.7195312500000001 0.48046875 0.0171875 0.05859375
0 0.8367187500000001 0.4931640625 0.0203125 0.080078125
0 0.81953125 0.49609375 0.026562500000000003 0.078125
0 0.6195312500000001 0.4697265625 0.010937500000000001 0.021484375
0 0.60546875 0.466796875 0.0140625 0.01953125
2 0.478125 0.5595703125 0.29375 0.306640625
2 0.19140625 0.521484375 0.2078125 0.15234375
