0 0.52734375 0.451171875 0.0078125 0.03125
0 0.5203125000000001 0.4541015625 0.009375000000000001 0.029296875
0 0.51328125 0.451171875 0.0078125 0.03125
0 0.34218750000000003 0.505859375 0.025 0.08203125
1 0.48828125 0.4462890625 0.004687500000000001 0.009765625
2 0.79296875 0.6162109375 0.20468750000000002 0.205078125
2 0.6765625000000001 0.5302734375 0.11875000000000001 0.107421875
2 0.625 0.5146484375 0.05625 0.080078125
2 0.61328125 0.4912109375 0.0765625 0.076171875
2 0.58203125 0.4736328125 0.0484375 0.052734375
2 0.5640625 0.4619140625 0.037500000000000006 0.044921875
2 0.5453125 0.4560546875 0.028125 0.037109375
2 0.51015625 0.435546875 0.0078125 0.0078125
2 0.48828125 0.435546875 0.0078125 0.0078125
2 0.48125 0.439453125 0.009375000000000001 0.01171875
2 0.47578125000000004 0.4423828125 0.010937500000000001 0.013671875
2 0.46718750000000003 0.4453125 0.0125 0.015625
2 0.4546875 0.44921875 0.018750000000000003 0.0234375
2 0.4390625 0.4541015625 0.028125 0.037109375
2 0.42734375 0.4609375 0.0234375 0.03515625
2 0.40156250000000004 0.4658203125 0.040625 0.048828125
2 0.39296875000000003 0.48046875 0.0203125 0.046875
2 0.37812500000000004 0.4833984375 0.028125 0.052734375
2 0.36484375 0.48828125 0.0328125 0.05859375
2 0.321875 0.4873046875 0.07187500000000001 0.076171875
2 0.29140625000000003 0.5146484375 0.08281250000000001 0.080078125
2 0.21484375 0.5439453125 0.11093750000000001 0.111328125
2 0.1171875 0.5849609375 0.15625 0.158203125
2 0.02734375 0.6142578125 0.0546875 0.275390625
2 0.246875 0.451171875 0.028125 0.01953125
2 0.27421875 0.451171875 0.0328125 0.01953125
2 0.3609375 0.4482421875 0.034375 0.021484375
2 0.38515625000000003 0.4423828125 0.0234375 0.013671875
0 0.49453125000000003 0.439453125 0.004687500000000001 0.015625
0 0.48828125 0.44140625 0.004687500000000001 0.015625
