0 0.12265625000000001 0.5439453125 0.0765625 0.208984375
0 0.97265625 0.484375 0.026562500000000003 0.0703125
2 0.16875 0.4912109375 0.084375 0.095703125
2 0.30546875 0.482421875 0.0328125 0.03515625
2 0.3671875 0.4765625 0.015625 0.01953125
2 0.39375000000000004 0.4775390625 0.009375000000000001 0.017578125
2 0.41171875 0.478515625 0.026562500000000003 0.03125
2 0.42578125 0.474609375 0.010937500000000001 0.0234375
2 0.44140625 0.4775390625 0.0140625 0.021484375
2 0.45 0.48046875 0.0125 0.03515625
2 0.465625 0.478515625 0.025 0.046875
2 0.49609375 0.46875 0.0484375 0.04296875
2 0.496875 0.4951171875 0.05 0.048828125
2 0.5609375 0.4921875 0.096875 0.09765625
2 0.08203125 0.4921875 0.1609375 0.1484375
