7 0.16796875 0.3857421875 0.0078125 0.021484375
7 0.15703125 0.326171875 0.0171875 0.0625
7 0.17500000000000002 0.3095703125 0.021875000000000002 0.091796875
7 0.29140625000000003 0.2998046875 0.0234375 0.076171875
7 0.32343750000000004 0.3330078125 0.0125 0.029296875
7 0.41484375 0.3408203125 0.0140625 0.025390625
7 0.43203125000000003 0.3291015625 0.0140625 0.044921875
7 0.7351562500000001 0.30078125 0.0234375 0.078125
7 0.7484375000000001 0.3037109375 0.009375000000000001 0.072265625
7 0.7578125 0.330078125 0.009375000000000001 0.046875
7 0.76328125 0.3388671875 0.010937500000000001 0.048828125
7 0.78515625 0.3671875 0.0078125 0.02734375
9 0.17890625000000002 0.3564453125 0.0203125 0.037109375
9 0.82421875 0.2763671875 0.0171875 0.041015625
0 0.27109375 0.3994140625 0.010937500000000001 0.025390625
0 0.390625 0.388671875 0.015625 0.02734375
0 0.40859375000000003 0.388671875 0.0140625 0.0234375
0 0.49375 0.40625 0.009375000000000001 0.03515625
0 0.6875 0.404296875 0.00625 0.01171875
0 0.6953125 0.4033203125 0.009375000000000001 0.017578125
0 0.83203125 0.4208984375 0.010937500000000001 0.021484375
0 0.84765625 0.41796875 0.0140625 0.03125
0 0.9578125000000001 0.41796875 0.015625 0.04296875
0 0.96875 0.4140625 0.015625 0.04296875
0 0.9921875 0.4169921875 0.0125 0.041015625
2 0.11640625 0.4228515625 0.0671875 0.044921875
2 0.7132812500000001 0.412109375 0.026562500000000003 0.01953125
2 0.7742187500000001 0.4140625 0.026562500000000003 0.0234375
2 0.81015625 0.4130859375 0.029687500000000002 0.025390625
2 0.846875 0.4150390625 0.046875 0.029296875
2 0.8734375000000001 0.4130859375 0.025 0.029296875
2 0.8984375 0.416015625 0.034375 0.03125
2 0.9296875 0.416015625 0.040625 0.03515625
2 0.041406250000000006 0.3955078125 0.08281250000000001 0.064453125
2 0.45156250000000003 0.44140625 0.10312500000000001 0.09765625
2 0.33671875 0.46875 0.1921875 0.15625
2 0.09296875 0.5869140625 0.1859375 0.408203125
2 0.5921875 0.3896484375 0.15937500000000002 0.052734375
2 0.62109375 0.6083984375 0.3796875 0.384765625
