7 0.2015625 0.396484375 0.009375000000000001 0.03125
7 0.171875 0.4150390625 0.018750000000000003 0.025390625
7 0.18984375 0.4140625 0.010937500000000001 0.02734375
7 0.35390625000000003 0.4013671875 0.0078125 0.029296875
7 0.69296875 0.3984375 0.010937500000000001 0.03125
7 0.91015625 0.3349609375 0.0234375 0.072265625
7 0.90546875 0.40234375 0.0234375 0.03125
9 0.9304687500000001 0.3984375 0.026562500000000003 0.0078125
9 0.6898437500000001 0.4267578125 0.010937500000000001 0.017578125
9 0.35546875 0.4306640625 0.0140625 0.025390625
0 0.2171875 0.486328125 0.025 0.06640625
0 0.40468750000000003 0.46484375 0.0125 0.03515625
0 0.8343750000000001 0.474609375 0.018750000000000003 0.0625
0 0.940625 0.4716796875 0.021875000000000002 0.064453125
0 0.6195312500000001 0.44921875 0.0078125 0.0234375
0 0.6859375000000001 0.4638671875 0.009375000000000001 0.021484375
1 0.7914062500000001 0.51171875 0.0234375 0.05859375
2 0.5171875 0.4794921875 0.043750000000000004 0.044921875
2 0.53515625 0.4755859375 0.026562500000000003 0.041015625
2 0.484375 0.4638671875 0.034375 0.037109375
2 0.5015625 0.4560546875 0.0125 0.021484375
2 0.63046875 0.4501953125 0.0140625 0.017578125
2 0.60703125 0.4462890625 0.010937500000000001 0.013671875
2 0.59375 0.4453125 0.00625 0.0078125
2 0.5875 0.4443359375 0.00625 0.005859375
0 0.7914062500000001 0.4873046875 0.0234375 0.083984375
7 0.17890625000000002 0.35546875 0.0234375 0.06640625
