9 0.8031250000000001 0.35546875 0.015625 0.0390625
9 0.80390625 0.3818359375 0.010937500000000001 0.013671875
9 0.8 0.3115234375 0.040625 0.013671875
9 0.057031250000000006 0.361328125 0.026562500000000003 0.03515625
9 0.05859375 0.384765625 0.0171875 0.0078125
0 0.8445312500000001 0.5068359375 0.0484375 0.111328125
0 0.6843750000000001 0.498046875 0.03125 0.109375
0 0.7171875000000001 0.3583984375 0.015625 0.033203125
0 0.7015625000000001 0.3486328125 0.015625 0.029296875
0 0.31015625 0.419921875 0.0078125 0.01953125
0 0.2828125 0.4287109375 0.0125 0.025390625
1 0.20546875 0.47265625 0.0140625 0.046875
1 0.21875 0.4677734375 0.0125 0.037109375
1 0.24609375 0.46875 0.0171875 0.03515625
1 0.30000000000000004 0.462890625 0.018750000000000003 0.03515625
2 0.42812500000000003 0.4794921875 0.078125 0.076171875
2 0.40625 0.4609375 0.06875 0.07421875
2 0.3765625 0.45703125 0.028125 0.0546875
2 0.3671875 0.451171875 0.021875000000000002 0.04296875
2 0.35390625000000003 0.4404296875 0.029687500000000002 0.033203125
2 0.34453125 0.431640625 0.026562500000000003 0.03125
2 0.3328125 0.427734375 0.021875000000000002 0.02734375
2 0.32265625000000003 0.423828125 0.0171875 0.0234375
2 0.31328125 0.41796875 0.010937500000000001 0.015625
2 0.30625 0.416015625 0.00625 0.01171875
2 0.30000000000000004 0.412109375 0.00625 0.0078125
2 0.28828125 0.4111328125 0.0078125 0.009765625
2 0.28046875 0.4111328125 0.0078125 0.009765625
2 0.275 0.4130859375 0.00625 0.009765625
2 0.2703125 0.4150390625 0.009375000000000001 0.009765625
2 0.2671875 0.4169921875 0.009375000000000001 0.009765625
2 0.26406250000000003 0.419921875 0.009375000000000001 0.015625
2 0.25625000000000003 0.421875 0.018750000000000003 0.0234375
2 0.24765625000000002 0.4248046875 0.0203125 0.025390625
2 0.23671875 0.4287109375 0.0328125 0.037109375
2 0.2109375 0.4375 0.05 0.046875
2 0.1765625 0.455078125 0.043750000000000004 0.05859375
2 0.16796875 0.4619140625 0.051562500000000004 0.052734375
2 0.1171875 0.4794921875 0.084375 0.072265625
2 0.0703125 0.4501953125 0.05 0.048828125
2 0.025 0.4560546875 0.05 0.060546875
2 0.1125 0.4169921875 0.018750000000000003 0.017578125
2 0.13203125000000002 0.4169921875 0.0203125 0.013671875
2 0.1546875 0.416015625 0.025 0.015625
0 0.30000000000000004 0.4453125 0.018750000000000003 0.05078125
0 0.24531250000000002 0.4521484375 0.015625 0.056640625
0 0.21640625000000002 0.4541015625 0.0140625 0.056640625
0 0.20468750000000002 0.4560546875 0.018750000000000003 0.060546875
