4 0.53671875 0.4501953125 0.3515625 0.173828125
9 0.23359375000000002 0.4150390625 0.0140625 0.017578125
9 0.2328125 0.4287109375 0.0125 0.009765625
9 0.2328125 0.4423828125 0.0125 0.017578125
9 0.08671875000000001 0.419921875 0.0171875 0.015625
9 0.9812500000000001 0.412109375 0.009375000000000001 0.03515625
2 0.28515625 0.4638671875 0.029687500000000002 0.029296875
2 0.9125000000000001 0.4345703125 0.021875000000000002 0.029296875
2 0.88203125 0.4365234375 0.0390625 0.025390625
2 0.7601562500000001 0.4375 0.0578125 0.02734375
2 0.8078125 0.4404296875 0.025 0.021484375
