1 0.603125 0.5595703125 0.11875000000000001 0.220703125
2 0.15234375 0.458984375 0.09531250000000001 0.078125
2 0.051562500000000004 0.5322265625 0.10312500000000001 0.353515625
2 0.45546875000000003 0.4599609375 0.060937500000000006 0.060546875
2 0.54140625 0.4677734375 0.11093750000000001 0.119140625
2 0.80625 0.5244140625 0.34375 0.232421875
2 0.29453125 0.447265625 0.0203125 0.01953125
2 0.31093750000000003 0.4443359375 0.015625 0.017578125
2 0.35703125 0.4462890625 0.0171875 0.013671875
0 0.5984375000000001 0.4765625 0.10312500000000001 0.296875
9 0.48046875 0.341796875 0.0234375 0.03125
7 0.3828125 0.3056640625 0.015625 0.017578125
7 0.4 0.306640625 0.015625 0.015625
