7 0.91171875 0.158203125 0.029687500000000002 0.11328125
7 0.696875 0.052734375 0.015625 0.07421875
7 0.6429687500000001 0.1396484375 0.010937500000000001 0.056640625
7 0.6078125000000001 0.3896484375 0.009375000000000001 0.033203125
7 0.55703125 0.388671875 0.010937500000000001 0.03515625
7 0.5789062500000001 0.388671875 0.010937500000000001 0.0390625
7 0.603125 0.4296875 0.009375000000000001 0.015625
7 0.58125 0.4306640625 0.009375000000000001 0.017578125
7 0.30859375 0.2685546875 0.0140625 0.056640625
9 0.8054687500000001 0.0869140625 0.0421875 0.076171875
9 0.3328125 0.2646484375 0.015625 0.021484375
9 0.9875 0.2587890625 0.021875000000000002 0.138671875
1 0.5593750000000001 0.4912109375 0.025 0.033203125
1 0.5796875 0.490234375 0.018750000000000003 0.03125
1 0.6062500000000001 0.4912109375 0.018750000000000003 0.033203125
1 0.62421875 0.4912109375 0.0140625 0.021484375
1 0.67734375 0.4873046875 0.0171875 0.021484375
1 0.6531250000000001 0.48828125 0.018750000000000003 0.0234375
1 0.6375000000000001 0.4912109375 0.0125 0.021484375
2 0.9085937500000001 0.470703125 0.1796875 0.1015625
2 0.7703125000000001 0.478515625 0.15937500000000002 0.07421875
2 0.35703125 0.5 0.1859375 0.18359375
2 0.23671875 0.4921875 0.035937500000000004 0.03515625
2 0.1078125 0.4853515625 0.043750000000000004 0.048828125
2 0.12578125 0.478515625 0.0390625 0.0546875
0 0.5593750000000001 0.48046875 0.021875000000000002 0.0546875
0 0.5789062500000001 0.474609375 0.0140625 0.046875
0 0.60546875 0.4794921875 0.0140625 0.044921875
0 0.6234375000000001 0.4794921875 0.009375000000000001 0.033203125
0 0.6781250000000001 0.4765625 0.0125 0.03125
0 0.6515625 0.4775390625 0.0125 0.033203125
0 0.6375000000000001 0.48046875 0.009375000000000001 0.02734375
