7 0.018750000000000003 0.3857421875 0.015625 0.068359375
7 0.022656250000000003 0.537109375 0.010937500000000001 0.0390625
7 0.035937500000000004 0.48828125 0.03125 0.03125
7 0.9750000000000001 0.4150390625 0.018750000000000003 0.064453125
7 0.971875 0.55078125 0.009375000000000001 0.03125
7 0.9656250000000001 0.5029296875 0.018750000000000003 0.025390625
9 0.11484375000000001 0.50390625 0.0171875 0.01171875
9 0.11484375000000001 0.4853515625 0.0203125 0.025390625
0 0.09531250000000001 0.556640625 0.025 0.06640625
0 0.74765625 0.54296875 0.0140625 0.0390625
0 0.7578125 0.541015625 0.009375000000000001 0.03125
0 0.36250000000000004 0.541015625 0.009375000000000001 0.02734375
0 0.603125 0.541015625 0.00625 0.03125
0 0.6117187500000001 0.5380859375 0.0078125 0.033203125
3 0.40859375000000003 0.5791015625 0.0203125 0.044921875
3 0.5140625 0.6025390625 0.03125 0.064453125
2 0.78515625 0.609375 0.1484375 0.109375
2 0.46796875000000004 0.53515625 0.0140625 0.015625
2 0.5015625 0.53515625 0.015625 0.015625
2 0.48671875000000003 0.537109375 0.0171875 0.015625
2 0.3296875 0.6044921875 0.13125 0.123046875
0 0.40859375000000003 0.5654296875 0.0203125 0.052734375
0 0.5140625 0.578125 0.03125 0.06640625
