4 0.8210937500000001 0.412109375 0.2546875 0.08203125
4 0.51796875 0.443359375 0.0671875 0.07421875
4 0.43359375 0.453125 0.1015625 0.0390625
0 0.17421875 0.490234375 0.0171875 0.05859375
0 0.15625 0.490234375 0.015625 0.05859375
0 0.11171875 0.498046875 0.0203125 0.046875
0 0.12890625 0.4892578125 0.0140625 0.029296875
0 0.3765625 0.46484375 0.00625 0.01953125
0 0.37109375 0.46484375 0.004687500000000001 0.01953125
0 0.3640625 0.462890625 0.00625 0.01953125
0 0.55078125 0.4609375 0.010937500000000001 0.04296875
0 0.57734375 0.46484375 0.0203125 0.0703125
0 0.703125 0.47265625 0.037500000000000006 0.1328125
0 0.6625000000000001 0.486328125 0.037500000000000006 0.109375
0 0.6882812500000001 0.46875 0.0171875 0.09765625
0 0.6328125 0.4638671875 0.021875000000000002 0.076171875
0 0.58984375 0.4521484375 0.010937500000000001 0.033203125
0 0.6000000000000001 0.4521484375 0.009375000000000001 0.029296875
0 0.6125 0.466796875 0.015625 0.06640625
0 0.5578125 0.4521484375 0.00625 0.029296875
0 0.290625 0.46875 0.00625 0.01953125
2 0.9515625000000001 0.484375 0.09375 0.11328125
2 0.909375 0.44921875 0.178125 0.1328125
2 0.853125 0.443359375 0.14375000000000002 0.1015625
2 0.7734375 0.44140625 0.12187500000000001 0.08203125
2 0.46406250000000004 0.458984375 0.040625 0.01953125
2 0.45859375 0.5888671875 0.5171875 0.248046875
