4 0.43359375 0.4541015625 0.09531250000000001 0.044921875
4 0.515625 0.447265625 0.05625 0.08203125
4 0.84375 0.4208984375 0.309375 0.154296875
0 0.1703125 0.4873046875 0.0125 0.048828125
0 0.12890625 0.490234375 0.0140625 0.02734375
0 0.11406250000000001 0.49609375 0.015625 0.0546875
0 0.36250000000000004 0.466796875 0.00625 0.0234375
0 0.36875 0.46484375 0.00625 0.0234375
0 0.3765625 0.46484375 0.00625 0.0234375
0 0.38203125000000004 0.462890625 0.004687500000000001 0.0234375
0 0.5515625000000001 0.4609375 0.0125 0.0390625
0 0.5828125000000001 0.4638671875 0.015625 0.052734375
0 0.603125 0.4609375 0.018750000000000003 0.05859375
0 0.634375 0.46875 0.021875000000000002 0.08203125
0 0.65625 0.46484375 0.028125 0.08984375
0 0.70625 0.4755859375 0.03125 0.103515625
0 0.68671875 0.4716796875 0.0421875 0.115234375
0 0.62109375 0.453125 0.0171875 0.05078125
2 0.41484375 0.462890625 0.029687500000000002 0.03125
2 0.44765625000000003 0.466796875 0.035937500000000004 0.03515625
2 0.4765625 0.4619140625 0.025 0.025390625
2 0.95234375 0.4873046875 0.0921875 0.111328125
2 0.9140625 0.44921875 0.16875 0.14453125
2 0.8500000000000001 0.4443359375 0.140625 0.111328125
8 0.340625 0.478515625 0.00625 0.01953125
