7 0.915625 0.3935546875 0.018750000000000003 0.025390625
7 0.92734375 0.3447265625 0.0140625 0.048828125
7 0.8703125 0.345703125 0.015625 0.046875
7 0.6218750000000001 0.3720703125 0.009375000000000001 0.033203125
7 0.14375000000000002 0.3759765625 0.0125 0.037109375
7 0.6328125 0.4228515625 0.015625 0.017578125
0 0.9296875 0.4775390625 0.034375 0.123046875
0 0.60078125 0.46484375 0.010937500000000001 0.015625
1 0.16328125000000002 0.50390625 0.0390625 0.0703125
1 0.2015625 0.50390625 0.021875000000000002 0.05859375
2 0.4546875 0.482421875 0.14375000000000002 0.16015625
2 0.359375 0.478515625 0.040625 0.0546875
2 0.328125 0.4814453125 0.040625 0.076171875
2 0.2828125 0.490234375 0.10312500000000001 0.09375
0 0.16484375 0.4716796875 0.0421875 0.087890625
0 0.2 0.4755859375 0.028125 0.064453125
