4 0.496875 0.51953125 0.115625 0.125
7 0.38359375 0.486328125 0.004687500000000001 0.01171875
7 0.35546875 0.486328125 0.004687500000000001 0.01171875
9 0.41328125000000004 0.4931640625 0.004687500000000001 0.017578125
9 0.35625 0.49609375 0.009375000000000001 0.00390625
9 0.1625 0.455078125 0.009375000000000001 0.01953125
0 0.7601562500000001 0.564453125 0.029687500000000002 0.06640625
0 0.65546875 0.5400390625 0.0203125 0.076171875
0 0.640625 0.5400390625 0.021875000000000002 0.080078125
0 0.6171875 0.5478515625 0.025 0.076171875
0 0.58203125 0.541015625 0.010937500000000001 0.078125
0 0.30312500000000003 0.5185546875 0.015625 0.041015625
1 0.67578125 0.55859375 0.0234375 0.04296875
2 0.434375 0.525390625 0.021875000000000002 0.0234375
2 0.33906250000000004 0.5146484375 0.028125 0.033203125
2 0.3125 0.5126953125 0.015625 0.017578125
2 0.290625 0.5126953125 0.018750000000000003 0.021484375
2 0.27265625 0.5126953125 0.010937500000000001 0.013671875
2 0.25078125 0.517578125 0.0390625 0.03515625
9 0.16171875000000002 0.43359375 0.0078125 0.015625
