4 0.43125 0.453125 0.1 0.0390625
4 0.5140625 0.4453125 0.05625 0.08203125
4 0.65390625 0.4404296875 0.15781250000000002 0.115234375
4 0.890625 0.375 0.215625 0.05078125
0 0.115625 0.49609375 0.015625 0.0546875
0 0.12421875 0.4931640625 0.0140625 0.068359375
0 0.13203125000000002 0.4892578125 0.0078125 0.025390625
0 0.16953125000000002 0.486328125 0.0140625 0.046875
0 0.3484375 0.4599609375 0.00625 0.013671875
0 0.3671875 0.46484375 0.00625 0.0234375
0 0.371875 0.4638671875 0.00625 0.025390625
0 0.37812500000000004 0.4638671875 0.00625 0.021484375
0 0.384375 0.462890625 0.00625 0.0234375
0 0.46484375 0.4599609375 0.0078125 0.033203125
0 0.4703125 0.458984375 0.009375000000000001 0.04296875
0 0.43125 0.466796875 0.021875000000000002 0.0703125
0 0.57578125 0.447265625 0.010937500000000001 0.03515625
0 0.55859375 0.4541015625 0.010937500000000001 0.033203125
0 0.55078125 0.4599609375 0.010937500000000001 0.041015625
0 0.6234375000000001 0.4638671875 0.025 0.099609375
0 0.6421875 0.466796875 0.018750000000000003 0.08984375
0 0.7515625 0.4716796875 0.037500000000000006 0.154296875
2 0.77109375 0.431640625 0.1171875 0.05859375
2 0.85078125 0.44921875 0.1453125 0.109375
2 0.9125000000000001 0.4462890625 0.171875 0.130859375
2 0.9515625000000001 0.48046875 0.09375 0.12109375
8 0.33984375 0.478515625 0.004687500000000001 0.01953125
15 0.43515625 0.5029296875 0.0078125 0.005859375
