7 0.59296875 0.4267578125 0.0078125 0.021484375
7 0.6140625000000001 0.4150390625 0.009375000000000001 0.025390625
7 0.76953125 0.3583984375 0.0171875 0.048828125
9 0.23359375000000002 0.4111328125 0.045312500000000006 0.056640625
9 0.5234375 0.447265625 0.0125 0.015625
0 0.7359375 0.4697265625 0.0125 0.041015625
3 0.6179687500000001 0.505859375 0.0328125 0.0546875
2 0.0671875 0.6064453125 0.134375 0.197265625
2 0.18203125 0.576171875 0.09843750000000001 0.10546875
2 0.21171875 0.517578125 0.0390625 0.02734375
2 0.28515625 0.517578125 0.0546875 0.05078125
2 0.421875 0.4931640625 0.040625 0.033203125
2 0.4578125 0.4873046875 0.05 0.037109375
2 0.5796875 0.48046875 0.034375 0.0390625
2 0.68671875 0.5703125 0.1765625 0.17578125
0 0.6195312500000001 0.486328125 0.0203125 0.0625
