1 0.40234375 0.4892578125 0.0171875 0.041015625
2 0.04296875 0.5322265625 0.0859375 0.130859375
2 0.13515625 0.482421875 0.16718750000000002 0.08984375
2 0.24921875000000002 0.4677734375 0.060937500000000006 0.068359375
2 0.33671875 0.4638671875 0.045312500000000006 0.041015625
2 0.34218750000000003 0.453125 0.06875 0.0390625
2 0.40703125 0.466796875 0.035937500000000004 0.04296875
2 0.43593750000000003 0.455078125 0.028125 0.03125
2 0.45234375000000004 0.451171875 0.0140625 0.0234375
2 0.46796875000000004 0.44140625 0.0171875 0.01953125
2 0.47890625000000003 0.4384765625 0.010937500000000001 0.017578125
2 0.4859375 0.4345703125 0.009375000000000001 0.013671875
2 0.50234375 0.443359375 0.0203125 0.0234375
2 0.9046875000000001 0.7607421875 0.1875 0.474609375
2 0.8296875 0.6328125 0.22812500000000002 0.234375
2 0.7406250000000001 0.548828125 0.153125 0.171875
2 0.63828125 0.4921875 0.0859375 0.09765625
2 0.59375 0.482421875 0.040625 0.07421875
2 0.57578125 0.46875 0.035937500000000004 0.05078125
2 0.56171875 0.4580078125 0.029687500000000002 0.041015625
2 0.546875 0.44921875 0.025 0.03515625
2 0.53125 0.4443359375 0.015625 0.025390625
2 0.52265625 0.4375 0.0140625 0.015625
0 0.40156250000000004 0.4736328125 0.018750000000000003 0.052734375
