9 0.3171875 0.4443359375 0.015625 0.009765625
9 0.31796875 0.4619140625 0.0203125 0.025390625
9 0.3171875 0.4794921875 0.021875000000000002 0.009765625
9 0.34921875 0.4931640625 0.0203125 0.037109375
9 0.7429687500000001 0.50390625 0.0171875 0.03125
9 0.5734375 0.4873046875 0.009375000000000001 0.013671875
9 0.5734375 0.5029296875 0.009375000000000001 0.017578125
9 0.5734375 0.5185546875 0.009375000000000001 0.013671875
9 0.5734375 0.5302734375 0.009375000000000001 0.009765625
0 0.49062500000000003 0.552734375 0.00625 0.0234375
0 0.6546875000000001 0.5537109375 0.021875000000000002 0.052734375
1 0.8953125000000001 0.7568359375 0.19375 0.208984375
1 0.6765625000000001 0.638671875 0.09375 0.08984375
1 0.7109375 0.658203125 0.10625000000000001 0.1171875
3 0.403125 0.58203125 0.065625 0.06640625
3 0.4265625 0.572265625 0.046875 0.0546875
2 0.6234375000000001 0.6025390625 0.08750000000000001 0.087890625
2 0.58984375 0.5947265625 0.0546875 0.076171875
2 0.57421875 0.58203125 0.0578125 0.0625
2 0.55234375 0.56640625 0.0328125 0.0390625
2 0.5265625 0.55859375 0.018750000000000003 0.02734375
2 0.5203125000000001 0.5537109375 0.018750000000000003 0.021484375
