7 0.6039062500000001 0.431640625 0.010937500000000001 0.01171875
7 0.596875 0.4033203125 0.00625 0.025390625
7 0.60859375 0.3798828125 0.0078125 0.037109375
7 0.553125 0.404296875 0.00625 0.02734375
7 0.55390625 0.4306640625 0.0078125 0.009765625
7 0.39687500000000003 0.3349609375 0.00625 0.025390625
7 0.3125 0.3310546875 0.00625 0.025390625
7 0.15000000000000002 0.2666015625 0.009375000000000001 0.033203125
7 0.025 0.4052734375 0.00625 0.021484375
9 0.47578125000000004 0.373046875 0.0421875 0.01171875
9 0.50703125 0.4306640625 0.0078125 0.009765625
9 0.50703125 0.4375 0.004687500000000001 0.00390625
9 0.6140625000000001 0.416015625 0.0125 0.015625
9 0.94453125 0.4501953125 0.0171875 0.013671875
9 0.9437500000000001 0.435546875 0.0125 0.015625
1 0.9796875 0.517578125 0.037500000000000006 0.15625
2 0.25546875 0.46484375 0.0484375 0.0625
2 0.18125000000000002 0.48828125 0.16875 0.13671875
2 0.33906250000000004 0.4736328125 0.0625 0.052734375
2 0.43359375 0.4765625 0.09843750000000001 0.1015625
0 0.98203125 0.4873046875 0.0328125 0.201171875
