0 0.003125 0.431640625 0.00625 0.0234375
0 0.0140625 0.431640625 0.00625 0.0234375
0 0.02109375 0.4326171875 0.0078125 0.021484375
0 0.109375 0.439453125 0.00625 0.01953125
0 0.19609375 0.4541015625 0.010937500000000001 0.021484375
0 0.4546875 0.4423828125 0.009375000000000001 0.013671875
0 0.46875 0.44140625 0.009375000000000001 0.015625
0 0.59375 0.484375 0.025 0.08984375
0 0.72578125 0.5751953125 0.06406250000000001 0.158203125
1 0.5359375000000001 0.513671875 0.028125 0.0625
2 0.18906250000000002 0.5849609375 0.22812500000000002 0.173828125
2 0.31093750000000003 0.5361328125 0.109375 0.126953125
2 0.37031250000000004 0.501953125 0.10312500000000001 0.1171875
2 0.42890625000000004 0.48828125 0.0328125 0.06640625
2 0.44921875 0.48046875 0.0390625 0.05859375
2 0.4703125 0.470703125 0.025 0.046875
2 0.5007812500000001 0.455078125 0.029687500000000002 0.03125
2 0.51875 0.4541015625 0.009375000000000001 0.025390625
2 0.5640625 0.451171875 0.015625 0.015625
2 0.5750000000000001 0.458984375 0.025 0.03125
2 0.9203125000000001 0.638671875 0.15625 0.25390625
2 0.8171875000000001 0.5693359375 0.19687500000000002 0.197265625
2 0.7156250000000001 0.5087890625 0.046875 0.056640625
2 0.69296875 0.50390625 0.0671875 0.0703125
2 0.6687500000000001 0.4931640625 0.059375000000000004 0.060546875
2 0.6531250000000001 0.478515625 0.043750000000000004 0.046875
2 0.83515625 0.4755859375 0.09843750000000001 0.041015625
0 0.5359375000000001 0.48828125 0.028125 0.09375
15 0.59375 0.5341796875 0.0125 0.013671875
9 0.47265625 0.4150390625 0.010937500000000001 0.013671875
9 0.47265625 0.423828125 0.0078125 0.00390625
