9 0.16484375 0.3447265625 0.045312500000000006 0.060546875
9 0.1609375 0.3837890625 0.037500000000000006 0.013671875
0 0.8078125 0.56640625 0.040625 0.1484375
0 0.56171875 0.4599609375 0.0078125 0.025390625
0 0.4265625 0.4580078125 0.00625 0.013671875
0 0.4375 0.455078125 0.009375000000000001 0.015625
2 0.578125 0.4462890625 0.009375000000000001 0.013671875
2 0.58203125 0.4560546875 0.0140625 0.021484375
2 0.5890625 0.462890625 0.0125 0.0234375
2 0.6039062500000001 0.46875 0.026562500000000003 0.04296875
2 0.62890625 0.4814453125 0.0546875 0.064453125
2 0.5320312500000001 0.443359375 0.0078125 0.01171875
2 0.51796875 0.4482421875 0.0140625 0.013671875
2 0.5242187500000001 0.4462890625 0.010937500000000001 0.013671875
2 0.51171875 0.453125 0.0140625 0.015625
2 0.50390625 0.4580078125 0.0171875 0.021484375
2 0.4859375 0.4619140625 0.021875000000000002 0.025390625
2 0.46953125 0.470703125 0.035937500000000004 0.03125
2 0.4421875 0.4765625 0.037500000000000006 0.0390625
2 0.42734375 0.4853515625 0.029687500000000002 0.037109375
2 0.40937500000000004 0.494140625 0.03125 0.05078125
2 0.38671875 0.50390625 0.045312500000000006 0.0625
2 0.36484375 0.51171875 0.0546875 0.0703125
2 0.31015625 0.5322265625 0.1078125 0.099609375
2 0.90234375 0.513671875 0.06406250000000001 0.0859375
2 0.9578125000000001 0.5078125 0.08125 0.11328125
2 0.9703125 0.544921875 0.05625 0.11328125
