7 0.18281250000000002 0.384765625 0.015625 0.046875
7 0.18203125 0.427734375 0.010937500000000001 0.01953125
7 0.259375 0.3876953125 0.0125 0.037109375
7 0.25546875 0.427734375 0.010937500000000001 0.015625
7 0.6117187500000001 0.3779296875 0.010937500000000001 0.037109375
7 0.6171875 0.416015625 0.0125 0.015625
9 0.26015625000000003 0.4140625 0.0234375 0.01171875
9 0.27187500000000003 0.3515625 0.046875 0.015625
9 0.15156250000000002 0.400390625 0.03125 0.01171875
9 0.56796875 0.412109375 0.0140625 0.01953125
1 0.71484375 0.4794921875 0.029687500000000002 0.044921875
2 0.5554687500000001 0.5029296875 0.0671875 0.193359375
2 0.4078125 0.5361328125 0.33437500000000003 0.361328125
0 0.7125 0.4658203125 0.025 0.064453125
