4 0.5007812500000001 0.400390625 0.029687500000000002 0.0390625
7 0.20703125 0.1142578125 0.060937500000000006 0.216796875
7 0.309375 0.203125 0.040625 0.15234375
7 0.22734375 0.19140625 0.026562500000000003 0.09765625
7 0.22578125000000002 0.302734375 0.0171875 0.0546875
0 0.45390625 0.4091796875 0.0140625 0.044921875
0 0.43984375000000003 0.4072265625 0.010937500000000001 0.044921875
0 0.42421875000000003 0.4267578125 0.0328125 0.068359375
0 0.36796875 0.4638671875 0.060937500000000006 0.216796875
0 0.32734375000000004 0.47265625 0.0484375 0.1953125
0 0.7914062500000001 0.5029296875 0.09531250000000001 0.189453125
0 0.025781250000000002 0.48046875 0.051562500000000004 0.11328125
3 0.5625 0.6181640625 0.134375 0.302734375
2 0.95078125 0.576171875 0.09531250000000001 0.3203125
0 0.540625 0.552734375 0.15000000000000002 0.36328125
15 0.8421875000000001 0.421875 0.15937500000000002 0.1015625
