9 0.48359375000000004 0.169921875 0.09843750000000001 0.0625
9 0.4734375 0.21875 0.115625 0.04296875
0 0.6140625000000001 0.439453125 0.043750000000000004 0.12890625
0 0.9281250000000001 0.451171875 0.009375000000000001 0.03515625
0 0.91953125 0.4501953125 0.0078125 0.029296875
0 0.7796875000000001 0.6640625 0.29375 0.66796875
0 0.50390625 0.4228515625 0.0171875 0.056640625
3 0.7976562500000001 0.7509765625 0.40156250000000004 0.494140625
2 0.56640625 0.412109375 0.0484375 0.04296875
2 0.61640625 0.4208984375 0.060937500000000006 0.052734375
2 0.7015625000000001 0.4326171875 0.084375 0.080078125
