0 0.71015625 0.484375 0.0234375 0.08984375
0 0.540625 0.4482421875 0.015625 0.033203125
1 0.7289062500000001 0.5166015625 0.026562500000000003 0.060546875
1 0.54453125 0.5 0.0234375 0.0546875
2 0.87890625 0.478515625 0.1953125 0.08203125
2 0.8250000000000001 0.435546875 0.096875 0.0390625
2 0.69296875 0.474609375 0.035937500000000004 0.0625
2 0.6843750000000001 0.4619140625 0.053125000000000006 0.064453125
2 0.5734375 0.4658203125 0.05 0.052734375
2 0.54296875 0.4443359375 0.029687500000000002 0.029296875
2 0.5320312500000001 0.4375 0.0203125 0.0234375
2 0.49296875 0.439453125 0.0203125 0.0234375
2 0.20546875 0.5283203125 0.1421875 0.138671875
2 0.30312500000000003 0.5029296875 0.078125 0.083984375
2 0.33515625000000004 0.486328125 0.026562500000000003 0.05078125
2 0.3640625 0.4833984375 0.053125000000000006 0.052734375
2 0.3828125 0.4716796875 0.037500000000000006 0.037109375
2 0.390625 0.4638671875 0.040625 0.044921875
2 0.4109375 0.462890625 0.018750000000000003 0.03515625
2 0.41718750000000004 0.4580078125 0.015625 0.025390625
2 0.42421875000000003 0.4541015625 0.0234375 0.021484375
2 0.44296875 0.4443359375 0.0203125 0.021484375
2 0.45546875000000003 0.4404296875 0.010937500000000001 0.013671875
2 0.45937500000000003 0.4384765625 0.009375000000000001 0.013671875
2 0.46406250000000004 0.4365234375 0.00625 0.013671875
0 0.7273437500000001 0.4951171875 0.0328125 0.091796875
0 0.5453125 0.48046875 0.021875000000000002 0.07421875
