9 0.4890625 0.4208984375 0.0125 0.021484375
9 0.31562500000000004 0.4443359375 0.00625 0.013671875
0 0.41796875 0.4833984375 0.0078125 0.037109375
0 0.38984375000000004 0.4814453125 0.0078125 0.033203125
0 0.3984375 0.478515625 0.0125 0.0390625
2 0.9484375 0.4921875 0.1 0.23046875
2 0.878125 0.4912109375 0.096875 0.169921875
2 0.7937500000000001 0.4990234375 0.10625000000000001 0.123046875
2 0.7742187500000001 0.4833984375 0.1546875 0.123046875
2 0.6960937500000001 0.4794921875 0.06406250000000001 0.107421875
2 0.6507812500000001 0.4775390625 0.0734375 0.087890625
2 0.6078125000000001 0.474609375 0.040625 0.07421875
2 0.57421875 0.48828125 0.0328125 0.0390625
2 0.53125 0.4833984375 0.03125 0.025390625
2 0.55 0.4833984375 0.018750000000000003 0.025390625
