0 0.9546875 0.3291015625 0.025 0.037109375
0 0.534375 0.447265625 0.009375000000000001 0.03125
0 0.52578125 0.447265625 0.0078125 0.03125
0 0.5203125000000001 0.4462890625 0.009375000000000001 0.029296875
0 0.38515625000000003 0.48828125 0.0203125 0.06640625
1 0.49453125000000003 0.4404296875 0.004687500000000001 0.009765625
2 0.915625 0.7822265625 0.16562500000000002 0.388671875
2 0.7109375 0.5537109375 0.13125 0.138671875
2 0.64375 0.5068359375 0.084375 0.083984375
2 0.6117187500000001 0.494140625 0.045312500000000006 0.0625
2 0.60546875 0.4794921875 0.06406250000000001 0.060546875
2 0.58125 0.46484375 0.043750000000000004 0.046875
2 0.5632812500000001 0.4609375 0.0234375 0.0390625
2 0.553125 0.4541015625 0.018750000000000003 0.029296875
2 0.5484375 0.4453125 0.021875000000000002 0.02734375
2 0.5203125000000001 0.4296875 0.009375000000000001 0.0078125
2 0.509375 0.4306640625 0.00625 0.005859375
2 0.496875 0.431640625 0.00625 0.0078125
2 0.49062500000000003 0.4345703125 0.009375000000000001 0.013671875
2 0.4859375 0.435546875 0.009375000000000001 0.01171875
2 0.48203125 0.4375 0.010937500000000001 0.01171875
2 0.47421875 0.439453125 0.0140625 0.015625
2 0.46484375 0.4453125 0.0171875 0.0234375
2 0.45078125 0.4482421875 0.026562500000000003 0.033203125
2 0.4390625 0.4541015625 0.025 0.029296875
2 0.41953125 0.4609375 0.0390625 0.04296875
2 0.403125 0.4716796875 0.03125 0.044921875
2 0.3609375 0.4765625 0.07187500000000001 0.0703125
2 0.33437500000000003 0.49609375 0.06875 0.06640625
2 0.2828125 0.5166015625 0.08125 0.087890625
2 0.23359375000000002 0.541015625 0.08281250000000001 0.11328125
2 0.10234375000000001 0.56640625 0.20468750000000002 0.23046875
2 0.2671875 0.4453125 0.03125 0.01953125
2 0.290625 0.4462890625 0.03125 0.017578125
2 0.31875000000000003 0.443359375 0.028125 0.01953125
0 0.50390625 0.4365234375 0.004687500000000001 0.013671875
0 0.49453125000000003 0.4365234375 0.004687500000000001 0.013671875
