1 0.8289062500000001 0.5576171875 0.18906250000000002 0.150390625
1 0.31953125000000004 0.5458984375 0.1421875 0.134765625
1 0.184375 0.5380859375 0.043750000000000004 0.099609375
1 0.22890625 0.52734375 0.026562500000000003 0.078125
1 0.25390625 0.5185546875 0.0328125 0.068359375
2 0.54921875 0.4814453125 0.0765625 0.080078125
2 0.509375 0.4814453125 0.018750000000000003 0.052734375
2 0.49921875000000004 0.478515625 0.0171875 0.046875
2 0.48671875000000003 0.4794921875 0.0078125 0.033203125
2 0.04296875 0.5068359375 0.0859375 0.123046875
2 0.40156250000000004 0.47265625 0.028125 0.03125
2 0.37343750000000003 0.478515625 0.043750000000000004 0.04296875
2 0.33203125 0.4755859375 0.035937500000000004 0.037109375
2 0.17890625000000002 0.4794921875 0.08281250000000001 0.091796875
0 0.8203125 0.5078125 0.09375 0.203125
0 0.31171875000000004 0.498046875 0.0671875 0.19140625
0 0.184375 0.498046875 0.043750000000000004 0.14453125
0 0.22890625 0.498046875 0.026562500000000003 0.09375
0 0.2546875 0.484375 0.03125 0.10546875
7 0.6156250000000001 0.3310546875 0.0125 0.033203125
