7 0.6117187500000001 0.3466796875 0.010937500000000001 0.041015625
0 0.19609375 0.46484375 0.0140625 0.05078125
0 0.17578125 0.462890625 0.0140625 0.046875
0 0.125 0.4580078125 0.015625 0.041015625
0 0.07265625 0.4716796875 0.0203125 0.080078125
0 0.03125 0.4755859375 0.015625 0.080078125
0 0.13828125 0.4619140625 0.010937500000000001 0.037109375
0 0.634375 0.46484375 0.025 0.1171875
0 0.01171875 0.47265625 0.0234375 0.08984375
0 0.88671875 0.447265625 0.045312500000000006 0.14453125
0 0.9390625 0.48828125 0.0625 0.21875
0 0.95625 0.4658203125 0.05625 0.248046875
0 0.9851562500000001 0.4677734375 0.026562500000000003 0.232421875
0 0.9750000000000001 0.4140625 0.025 0.09765625
2 0.5437500000000001 0.4921875 0.059375000000000004 0.10546875
2 0.43281250000000004 0.4921875 0.19375 0.21484375
2 0.2625 0.4833984375 0.07500000000000001 0.068359375
2 0.3015625 0.470703125 0.053125000000000006 0.0625
15 0.6976562500000001 0.4814453125 0.051562500000000004 0.080078125
8 0.62421875 0.4931640625 0.010937500000000001 0.048828125
