0 0.5710937500000001 0.470703125 0.0171875 0.05859375
0 0.45703125 0.4658203125 0.010937500000000001 0.044921875
0 0.44062500000000004 0.46875 0.009375000000000001 0.03515625
0 0.43671875000000004 0.4658203125 0.0078125 0.041015625
0 0.44609375 0.4638671875 0.0140625 0.048828125
1 0.48750000000000004 0.4658203125 0.0125 0.021484375
2 0.035937500000000004 0.4892578125 0.07187500000000001 0.095703125
2 0.2625 0.4951171875 0.1375 0.119140625
2 0.3765625 0.48046875 0.065625 0.0625
2 0.91015625 0.72265625 0.1765625 0.4140625
2 0.7421875 0.529296875 0.16562500000000002 0.16796875
2 0.6570312500000001 0.5126953125 0.0703125 0.103515625
2 0.6515625 0.4931640625 0.078125 0.095703125
2 0.6109375 0.486328125 0.037500000000000006 0.0546875
2 0.60703125 0.48046875 0.0421875 0.05859375
2 0.5859375 0.4736328125 0.021875000000000002 0.041015625
2 0.56796875 0.4599609375 0.0234375 0.029296875
2 0.55703125 0.4560546875 0.010937500000000001 0.025390625
2 0.53359375 0.455078125 0.0171875 0.01953125
2 0.47109375000000003 0.4521484375 0.0203125 0.017578125
2 0.55234375 0.451171875 0.0078125 0.015625
2 0.50546875 0.4501953125 0.010937500000000001 0.009765625
2 0.5109375 0.44921875 0.003125 0.0078125
2 0.51328125 0.4482421875 0.004687500000000001 0.005859375
2 0.5171875 0.447265625 0.00625 0.0078125
2 0.32343750000000004 0.4638671875 0.040625 0.044921875
0 0.48750000000000004 0.458984375 0.0125 0.03125
