7 0.8671875 0.3642578125 0.034375 0.041015625
7 0.85703125 0.2578125 0.029687500000000002 0.09375
7 0.4078125 0.4462890625 0.003125 0.009765625
9 0.4078125 0.4375 0.009375000000000001 0.00390625
9 0.3015625 0.4384765625 0.009375000000000001 0.013671875
9 0.171875 0.390625 0.0125 0.0234375
9 0.6429687500000001 0.3916015625 0.0203125 0.029296875
9 0.5421875 0.4462890625 0.003125 0.005859375
9 0.5421875 0.435546875 0.00625 0.0078125
2 0.1640625 0.5068359375 0.14375000000000002 0.119140625
2 0.22421875000000002 0.4658203125 0.051562500000000004 0.048828125
2 0.29296875 0.5048828125 0.1171875 0.103515625
2 0.37812500000000004 0.48828125 0.040625 0.05078125
2 0.35468750000000004 0.484375 0.018750000000000003 0.03125
2 0.55390625 0.4833984375 0.026562500000000003 0.041015625
2 0.4703125 0.51953125 0.178125 0.20703125
2 0.340625 0.4794921875 0.018750000000000003 0.037109375
