0 0.4390625 0.4619140625 0.009375000000000001 0.033203125
0 0.73828125 0.541015625 0.0421875 0.1484375
0 0.77109375 0.5068359375 0.0390625 0.107421875
2 0.034375 0.576171875 0.06875 0.2265625
2 0.125 0.474609375 0.09062500000000001 0.109375
2 0.19687500000000002 0.4599609375 0.06875 0.060546875
2 0.21484375 0.4560546875 0.0703125 0.060546875
2 0.2625 0.4541015625 0.053125000000000006 0.052734375
2 0.2671875 0.4501953125 0.06875 0.052734375
2 0.33906250000000004 0.45703125 0.084375 0.046875
2 0.36640625000000004 0.4521484375 0.051562500000000004 0.041015625
2 0.41796875 0.4599609375 0.0390625 0.029296875
2 0.44453125000000004 0.4619140625 0.029687500000000002 0.029296875
2 0.46718750000000003 0.458984375 0.018750000000000003 0.0234375
2 0.51015625 0.4619140625 0.0171875 0.017578125
2 0.5203125000000001 0.4599609375 0.0125 0.013671875
2 0.52890625 0.45703125 0.0078125 0.01171875
2 0.5359375000000001 0.455078125 0.00625 0.0078125
2 0.5640625 0.466796875 0.025 0.02734375
2 0.58203125 0.466796875 0.010937500000000001 0.02734375
2 0.58828125 0.4677734375 0.0140625 0.029296875
2 0.5953125 0.4697265625 0.018750000000000003 0.033203125
2 0.6140625000000001 0.4765625 0.040625 0.046875
2 0.6414062500000001 0.4931640625 0.0421875 0.056640625
2 0.6546875000000001 0.5 0.043750000000000004 0.06640625
2 0.6765625000000001 0.505859375 0.034375 0.0859375
2 0.72578125 0.5078125 0.11406250000000001 0.12109375
2 0.83984375 0.5849609375 0.20468750000000002 0.181640625
2 0.9187500000000001 0.6728515625 0.15937500000000002 0.326171875
