0 0.37578125 0.4453125 0.0078125 0.01171875
0 0.26484375 0.4697265625 0.0203125 0.025390625
0 0.28125 0.4697265625 0.015625 0.021484375
0 0.21250000000000002 0.4736328125 0.018750000000000003 0.033203125
0 0.52109375 0.462890625 0.010937500000000001 0.03515625
0 0.53046875 0.4580078125 0.010937500000000001 0.041015625
0 0.5125000000000001 0.4580078125 0.0125 0.041015625
1 0.4765625 0.4462890625 0.00625 0.009765625
2 0.21406250000000002 0.4560546875 0.043750000000000004 0.021484375
2 0.18281250000000002 0.455078125 0.037500000000000006 0.01953125
2 0.25546875 0.4541015625 0.035937500000000004 0.021484375
2 0.29140625000000003 0.4501953125 0.0328125 0.017578125
2 0.32421875 0.4462890625 0.0328125 0.017578125
2 0.35468750000000004 0.451171875 0.028125 0.015625
2 0.04453125 0.59375 0.0890625 0.234375
2 0.1453125 0.5732421875 0.146875 0.158203125
2 0.23828125 0.541015625 0.09843750000000001 0.109375
2 0.28203125 0.5205078125 0.0703125 0.083984375
2 0.31875000000000003 0.4931640625 0.08125 0.080078125
2 0.35859375000000004 0.4892578125 0.0234375 0.052734375
2 0.36328125 0.486328125 0.0328125 0.05078125
2 0.371875 0.4814453125 0.028125 0.044921875
2 0.38359375 0.4794921875 0.026562500000000003 0.041015625
2 0.39140625 0.4697265625 0.0390625 0.044921875
2 0.40937500000000004 0.462890625 0.037500000000000006 0.05078125
2 0.4265625 0.4609375 0.0125 0.03125
2 0.43125 0.455078125 0.025 0.03125
2 0.4453125 0.453125 0.009375000000000001 0.01953125
2 0.44921875 0.4501953125 0.0140625 0.021484375
2 0.45937500000000003 0.447265625 0.0125 0.015625
2 0.46171875 0.4453125 0.010937500000000001 0.015625
2 0.46796875000000004 0.443359375 0.010937500000000001 0.015625
2 0.8578125000000001 0.65625 0.28125 0.30078125
2 0.7296875 0.587890625 0.1625 0.16015625
2 0.659375 0.5185546875 0.109375 0.115234375
2 0.60546875 0.5078125 0.0390625 0.08203125
2 0.59140625 0.4951171875 0.029687500000000002 0.060546875
2 0.58984375 0.4794921875 0.0671875 0.072265625
2 0.55625 0.4658203125 0.046875 0.052734375
2 0.5242187500000001 0.455078125 0.035937500000000004 0.03515625
0 0.4765625 0.4423828125 0.00625 0.013671875
0 0.48750000000000004 0.439453125 0.00625 0.015625
