0 0.83125 0.5791015625 0.0625 0.181640625
0 0.035937500000000004 0.49609375 0.03125 0.0859375
0 0.009375000000000001 0.4921875 0.018750000000000003 0.09375
2 0.9343750000000001 0.60546875 0.12812500000000002 0.3125
2 0.89453125 0.5673828125 0.1046875 0.189453125
2 0.8132812500000001 0.5537109375 0.1421875 0.150390625
2 0.73359375 0.5361328125 0.0765625 0.107421875
2 0.4421875 0.5146484375 0.0625 0.052734375
2 0.50703125 0.4892578125 0.0140625 0.017578125
2 0.53515625 0.490234375 0.0171875 0.01953125
