4 0.58125 0.3466796875 0.10312500000000001 0.099609375
2 0.9382812500000001 0.443359375 0.1203125 0.1171875
2 0.83203125 0.4208984375 0.09531250000000001 0.095703125
2 0.77265625 0.40625 0.0328125 0.0546875
2 0.7429687500000001 0.3994140625 0.0328125 0.037109375
2 0.6765625000000001 0.3935546875 0.03125 0.044921875
2 0.69921875 0.3935546875 0.0171875 0.021484375
2 0.5921875 0.4580078125 0.1625 0.173828125
2 0.49531250000000004 0.423828125 0.03125 0.06640625
2 0.41718750000000004 0.416015625 0.15625 0.19921875
2 0.33046875000000003 0.474609375 0.22031250000000002 0.2265625
