9 0.8093750000000001 0.3505859375 0.043750000000000004 0.044921875
9 0.6023437500000001 0.39453125 0.0328125 0.0234375
9 0.6039062500000001 0.357421875 0.0328125 0.05078125
9 0.44921875 0.380859375 0.035937500000000004 0.015625
9 0.44921875 0.3955078125 0.035937500000000004 0.013671875
9 0.3921875 0.38671875 0.009375000000000001 0.015625
9 0.34296875000000004 0.3876953125 0.0171875 0.005859375
9 0.22031250000000002 0.3720703125 0.015625 0.009765625
9 0.11796875000000001 0.41796875 0.035937500000000004 0.0234375
9 0.11875000000000001 0.4462890625 0.028125 0.029296875
2 0.27109375 0.4013671875 0.0140625 0.013671875
2 0.30234375 0.4091796875 0.0140625 0.009765625
2 0.33203125 0.4150390625 0.0140625 0.013671875
2 0.35468750000000004 0.41796875 0.021875000000000002 0.015625
2 0.36171875000000003 0.453125 0.045312500000000006 0.04296875
2 0.4296875 0.427734375 0.025 0.0234375
