0 0.38515625000000003 0.4677734375 0.0140625 0.052734375
0 0.43828125 0.4580078125 0.010937500000000001 0.033203125
0 0.5078125 0.4541015625 0.009375000000000001 0.029296875
0 0.51875 0.45703125 0.009375000000000001 0.02734375
2 0.06484375 0.53515625 0.1296875 0.14453125
2 0.15625 0.498046875 0.12187500000000001 0.12109375
2 0.28046875 0.4873046875 0.0859375 0.068359375
2 0.309375 0.4736328125 0.059375000000000004 0.068359375
2 0.34296875000000004 0.4716796875 0.0203125 0.056640625
2 0.3609375 0.4716796875 0.028125 0.044921875
2 0.37343750000000003 0.46875 0.021875000000000002 0.0390625
2 0.40156250000000004 0.462890625 0.025 0.03125
2 0.415625 0.4580078125 0.025 0.033203125
2 0.43593750000000003 0.45703125 0.021875000000000002 0.02734375
2 0.44843750000000004 0.4541015625 0.0125 0.021484375
2 0.45625000000000004 0.4521484375 0.015625 0.017578125
2 0.46171875 0.4462890625 0.0140625 0.013671875
2 0.47578125000000004 0.455078125 0.0234375 0.0234375
2 0.49296875 0.44921875 0.010937500000000001 0.01171875
2 0.5281250000000001 0.4560546875 0.018750000000000003 0.025390625
2 0.909375 0.49609375 0.153125 0.1640625
2 0.759375 0.501953125 0.09062500000000001 0.12109375
2 0.696875 0.4521484375 0.08750000000000001 0.064453125
2 0.65390625 0.458984375 0.035937500000000004 0.05078125
2 0.63046875 0.458984375 0.035937500000000004 0.05078125
2 0.6117187500000001 0.4501953125 0.029687500000000002 0.033203125
15 0.38515625000000003 0.4765625 0.010937500000000001 0.03515625
