4 0.8445312500000001 0.412109375 0.30781250000000004 0.12890625
4 0.51484375 0.4443359375 0.0546875 0.072265625
4 0.43281250000000004 0.455078125 0.1 0.0390625
0 0.040625 0.501953125 0.021875000000000002 0.0703125
0 0.01953125 0.5029296875 0.0203125 0.076171875
0 0.12812500000000002 0.498046875 0.015625 0.046875
0 0.7453125 0.4775390625 0.040625 0.138671875
0 0.7156250000000001 0.4765625 0.03125 0.12890625
0 0.6664062500000001 0.44140625 0.010937500000000001 0.03515625
0 0.6796875 0.4296875 0.015625 0.01953125
0 0.54921875 0.4599609375 0.010937500000000001 0.041015625
0 0.5578125 0.4599609375 0.009375000000000001 0.041015625
0 0.57265625 0.4609375 0.010937500000000001 0.04296875
0 0.5906250000000001 0.4580078125 0.015625 0.044921875
0 0.603125 0.4560546875 0.0125 0.048828125
0 0.63046875 0.4501953125 0.0140625 0.048828125
0 0.6109375 0.466796875 0.018750000000000003 0.06640625
2 0.9515625000000001 0.4892578125 0.09375 0.107421875
2 0.91015625 0.4501953125 0.1765625 0.134765625
2 0.853125 0.4462890625 0.14375000000000002 0.107421875
2 0.64609375 0.447265625 0.0171875 0.01953125
2 0.46718750000000003 0.50390625 0.153125 0.109375
0 0.11171875 0.4990234375 0.0203125 0.048828125
4 0.6375000000000001 0.4248046875 0.09062500000000001 0.029296875
