7 0.8296875 0.4990234375 0.015625 0.021484375
7 0.8734375000000001 0.4951171875 0.0125 0.017578125
9 0.6671875 0.4736328125 0.009375000000000001 0.021484375
0 0.08750000000000001 0.544921875 0.009375000000000001 0.0390625
0 0.9460937500000001 0.537109375 0.0140625 0.03515625
0 0.9375 0.5341796875 0.009375000000000001 0.025390625
0 0.9164062500000001 0.5419921875 0.0140625 0.037109375
0 0.89765625 0.5380859375 0.010937500000000001 0.033203125
0 0.87265625 0.5322265625 0.010937500000000001 0.025390625
2 0.9539062500000001 0.6357421875 0.0890625 0.169921875
2 0.7375 0.5869140625 0.1375 0.166015625
2 0.603125 0.57421875 0.10312500000000001 0.09375
2 0.5 0.5595703125 0.040625 0.052734375
2 0.43281250000000004 0.5859375 0.115625 0.1484375
2 0.36250000000000004 0.6728515625 0.234375 0.236328125
2 0.19375 0.5498046875 0.0625 0.041015625
2 0.27578125000000003 0.5419921875 0.0546875 0.029296875
2 0.33125000000000004 0.5439453125 0.07500000000000001 0.025390625
2 0.05 0.5556640625 0.05 0.041015625
2 0.021875000000000002 0.5712890625 0.043750000000000004 0.052734375
2 0.6546875000000001 0.5439453125 0.028125 0.037109375
