7 0.603125 0.3359375 0.009375000000000001 0.04296875
7 0.00625 0.3427734375 0.0125 0.052734375
9 0.596875 0.3916015625 0.025 0.048828125
0 0.8859375 0.4677734375 0.028125 0.119140625
0 0.8609375 0.46875 0.034375 0.11328125
0 0.81953125 0.4697265625 0.029687500000000002 0.111328125
0 0.8015625000000001 0.47265625 0.03125 0.1171875
0 0.7125 0.4853515625 0.03125 0.107421875
0 0.57421875 0.4677734375 0.0171875 0.048828125
2 0.42500000000000004 0.4716796875 0.05 0.052734375
2 0.371875 0.4716796875 0.021875000000000002 0.025390625
2 0.278125 0.4814453125 0.084375 0.091796875
0 0.7046875 0.48046875 0.05625 0.12109375
7 0.018750000000000003 0.3935546875 0.018750000000000003 0.060546875
